17 0.9566666666666667 0.69375 0.08666666666666667 0.1175
19 0.72375 0.565 0.09583333333333334 0.115
17 0.36916666666666664 0.666875 0.056666666666666664 0.10625
10 0.28458333333333335 0.48625 0.0175 0.0375
10 0.4033333333333333 0.536875 0.02 0.05125
10 0.6770833333333334 0.48125 0.024166666666666666 0.04
10 0.6979166666666666 0.46375 0.0175 0.0325
10 0.3408333333333333 0.335625 0.008333333333333333 0.01625
10 0.40375 0.3125 0.0075 0.01
10 0.4791666666666667 0.33625 0.008333333333333333 0.0175
16 0.30041666666666667 0.315 0.014166666666666666 0.0175
11 0.3175 0.31125 0.015 0.025
4 0.28458333333333335 0.3025 0.019166666666666665 0.0375
4 0.28125 0.27625 0.0175 0.015
17 0.3308333333333333 0.44125 0.023333333333333334 0.0475
17 0.3070833333333333 0.384375 0.0175 0.03125
17 0.4975 0.399375 0.023333333333333334 0.03625
17 0.4320833333333333 0.346875 0.0125 0.02625
15 0.41583333333333333 0.35 0.023333333333333334 0.0325
5 0.36916666666666664 0.41875 0.03166666666666667 0.035
5 0.30583333333333335 0.34 0.018333333333333333 0.025
5 0.4175 0.318125 0.018333333333333333 0.01875
5 0.37416666666666665 0.319375 0.015 0.02125
5 0.32458333333333333 0.29625 0.009166666666666667 0.01
5 0.31416666666666665 0.27625 0.008333333333333333 0.01
5 0.34 0.283125 0.01 0.01375
5 0.30416666666666664 0.296875 0.006666666666666667 0.01375
17 0.3929166666666667 0.31375 0.010833333333333334 0.0175
5 0.3591666666666667 0.350625 0.021666666666666667 0.02625
17 0.36291666666666667 0.29125 0.005833333333333334 0.0125
4 0.5133333333333333 0.363125 0.051666666666666666 0.04625
