5 0.8808333333333334 0.8339598997493735 0.095 0.15914786967418545
5 0.25333333333333335 0.843358395989975 0.15 0.14285714285714285
17 0.48583333333333334 0.706140350877193 0.055 0.09649122807017543
3 0.30291666666666667 0.6892230576441103 0.034166666666666665 0.05764411027568922
15 0.3829166666666667 0.7073934837092731 0.04416666666666667 0.12155388471177944
13 0.355 0.6735588972431078 0.015 0.07142857142857142
5 0.5054166666666666 0.6472431077694235 0.0375 0.02631578947368421
5 0.47458333333333336 0.6221804511278195 0.0575 0.041353383458646614
10 0.46125 0.5858395989974937 0.0225 0.03634085213032581
5 0.5495833333333333 0.6046365914786967 0.049166666666666664 0.05137844611528822
5 0.5029166666666667 0.5852130325814536 0.04583333333333333 0.03508771929824561
5 0.5766666666666667 0.5570175438596491 0.02 0.043859649122807015
19 0.5245833333333333 0.5488721804511278 0.04416666666666667 0.040100250626566414
10 0.49583333333333335 0.5582706766917294 0.011666666666666667 0.016290726817042606
9 0.55625 0.5382205513784462 0.019166666666666665 0.046365914786967416
17 0.505 0.5068922305764411 0.018333333333333333 0.03132832080200501
17 0.5425 0.4906015037593985 0.018333333333333333 0.02882205513784461
17 0.5695833333333333 0.487468671679198 0.015833333333333335 0.02756892230576441
17 0.5916666666666667 0.4818295739348371 0.013333333333333334 0.02631578947368421
17 0.6041666666666666 0.4868421052631579 0.013333333333333334 0.02631578947368421
17 0.7075 0.4755639097744361 0.011666666666666667 0.023809523809523808
17 0.7895833333333333 0.5758145363408521 0.024166666666666666 0.05388471177944862
5 0.6229166666666667 0.474937343358396 0.015833333333333335 0.020050125313283207
5 0.6104166666666667 0.4649122807017544 0.0125 0.017543859649122806
5 0.63625 0.462406015037594 0.009166666666666667 0.017543859649122806
5 0.7216666666666667 0.4849624060150376 0.015 0.022556390977443608
5 0.73875 0.4981203007518797 0.010833333333333334 0.02882205513784461
5 0.6808333333333333 0.44611528822055135 0.01 0.012531328320802004
5 0.66625 0.4667919799498747 0.014166666666666666 0.008771929824561403
10 0.6579166666666667 0.5256892230576441 0.014166666666666666 0.02631578947368421
4 0.69125 0.462406015037594 0.0175 0.017543859649122806
11 0.6804166666666667 0.47869674185463656 0.0175 0.017543859649122806
11 0.6825 0.518796992481203 0.03166666666666667 0.06265664160401002
11 0.715 0.4367167919799499 0.01 0.016290726817042606
