18 0.7949367088607595 0.47123893805309736 0.41012658227848103 0.7876106194690266
18 0.5018987341772152 0.504424778761062 0.2721518987341772 0.4026548672566372
18 0.330379746835443 0.5276548672566371 0.0759493670886076 0.23672566371681417
18 0.2683544303797468 0.5232300884955752 0.043037974683544304 0.2013274336283186
19 0.2430379746835443 0.5586283185840708 0.030379746835443037 0.10398230088495575
4 0.2120253164556962 0.5298672566371682 0.07468354430379746 0.1570796460176991
18 0.15632911392405063 0.5143805309734514 0.039240506329113925 0.15265486725663716
17 0.10189873417721519 0.5597345132743363 0.049367088607594936 0.09734513274336283
18 0.06582278481012659 0.5154867256637168 0.030379746835443037 0.084070796460177
4 0.10379746835443038 0.49004424778761063 0.0379746835443038 0.059734513274336286
