0 0.5753333333333334 0.9004854368932039 0.08933333333333333 0.1941747572815534
15 0.684 0.8932038834951457 0.104 0.1650485436893204
5 0.5246666666666666 0.7815533980582524 0.052 0.10194174757281553
15 0.448 0.7451456310679612 0.050666666666666665 0.10679611650485436
5 0.59 0.7184466019417476 0.04933333333333333 0.07766990291262135
5 0.5186666666666667 0.6735436893203883 0.037333333333333336 0.06553398058252427
3 0.592 0.6589805825242718 0.010666666666666666 0.0412621359223301
3 0.56 0.6468446601941747 0.008 0.03640776699029126
10 0.5806666666666667 0.6371359223300971 0.009333333333333334 0.03155339805825243
5 0.4866666666666667 0.6092233009708737 0.042666666666666665 0.04854368932038835
5 0.546 0.6128640776699029 0.04666666666666667 0.050970873786407765
9 0.6113333333333333 0.5946601941747572 0.06 0.04854368932038835
12 0.08933333333333333 0.8725728155339806 0.11466666666666667 0.17233009708737865
10 0.062 0.7779126213592233 0.025333333333333333 0.0412621359223301
5 0.31066666666666665 0.6322815533980582 0.04533333333333334 0.055825242718446605
5 0.368 0.6189320388349514 0.048 0.04854368932038835
10 0.3433333333333333 0.6092233009708737 0.014666666666666666 0.03398058252427184
17 0.296 0.5315533980582524 0.016 0.03398058252427184
15 0.552 0.587378640776699 0.058666666666666666 0.043689320388349516
7 0.5233333333333333 0.5655339805825242 0.04133333333333333 0.04854368932038835
5 0.5713333333333334 0.566747572815534 0.04666666666666667 0.03155339805825243
9 0.45 0.566747572815534 0.05466666666666667 0.04611650485436893
5 0.44666666666666666 0.529126213592233 0.016 0.02912621359223301
5 0.43133333333333335 0.5339805825242718 0.014666666666666666 0.024271844660194174
