5 0.20627503337783712 0.9507211538461539 0.09212283044058744 0.0985576923076923
9 0.3190921228304406 0.9435096153846154 0.07209612817089453 0.11298076923076923
5 0.4192256341789052 0.9771634615384616 0.06675567423230974 0.04567307692307692
5 0.5567423230974633 0.8942307692307693 0.07209612817089453 0.10576923076923077
19 0.23030707610146864 0.84375 0.06542056074766354 0.125
10 0.4953271028037383 0.9338942307692307 0.02403204272363151 0.07451923076923077
10 0.1628838451268358 0.9194711538461539 0.0267022696929239 0.06490384615384616
11 0.3144192256341789 0.8473557692307693 0.06008010680907877 0.13221153846153846
5 0.6061415220293725 0.8461538461538461 0.06408544726301736 0.09134615384615384
5 0.15620827770360482 0.7872596153846154 0.1041388518024032 0.06971153846153846
5 0.3978638184245661 0.9194711538461539 0.0774365821094793 0.11298076923076923
10 0.4445927903871829 0.8978365384615384 0.0267022696929239 0.055288461538461536
5 0.4719626168224299 0.8365384615384616 0.05740987983978638 0.09134615384615384
5 0.5801068090787717 0.7932692307692307 0.04672897196261682 0.07211538461538461
7 0.5040053404539386 0.7800480769230769 0.0520694259012016 0.0985576923076923
19 0.335781041388518 0.7728365384615384 0.04672897196261682 0.10817307692307693
17 0.2650200267022697 0.78125 0.03337783711615487 0.08653846153846154
17 0.4098798397863818 0.8377403846153846 0.04005340453938585 0.0889423076923077
9 0.3931909212283044 0.7992788461538461 0.0520694259012016 0.10336538461538461
5 0.45193591455273696 0.7872596153846154 0.0520694259012016 0.06009615384615385
4 0.3184245660881175 0.703125 0.0520694259012016 0.13221153846153846
5 0.4773030707610147 0.7355769230769231 0.030707610146862484 0.052884615384615384
4 0.4833110814419226 0.6442307692307693 0.06675567423230974 0.09615384615384616
4 0.3464619492656876 0.6237980769230769 0.049399198931909215 0.06971153846153846
4 0.43991989319092123 0.6189903846153846 0.025367156208277702 0.06971153846153846
4 0.41321762349799734 0.5889423076923077 0.025367156208277702 0.057692307692307696
5 0.417890520694259 0.6935096153846154 0.03471295060080107 0.036057692307692304
