10 0.665625 0.6508333333333334 0.02875 0.055
13 0.73625 0.5983333333333334 0.035 0.07333333333333333
5 0.851875 0.55 0.08125 0.04
17 0.7825 0.5983333333333334 0.0475 0.06666666666666667
5 0.9875 0.705 0.025 0.08
17 0.70125 0.5216666666666666 0.03 0.04
5 0.675625 0.5083333333333333 0.01875 0.04
13 0.62875 0.5116666666666667 0.02 0.043333333333333335
17 0.54125 0.5391666666666667 0.0275 0.051666666666666666
17 0.536875 0.4875 0.01875 0.035
5 0.636875 0.4691666666666667 0.04375 0.025
5 0.596875 0.4575 0.02125 0.025
9 0.57625 0.4525 0.02 0.025
17 0.540625 0.4525 0.01375 0.021666666666666667
5 0.585625 0.5416666666666666 0.04125 0.04666666666666667
13 0.086875 0.7425 0.06875 0.115
17 0.25875 0.6266666666666667 0.05 0.08
13 0.34875 0.4875 0.0175 0.035
5 0.45875 0.4841666666666667 0.025 0.03166666666666667
10 0.401875 0.485 0.01375 0.023333333333333334
11 0.434375 0.435 0.01125 0.023333333333333334
