10 0.334375 0.4946091644204852 0.04125 0.10512129380053908
17 0.2425 0.4568733153638814 0.07 0.1752021563342318
17 0.18 0.683288409703504 0.095 0.2560646900269542
3 0.361875 0.9164420485175202 0.04875 0.15633423180592992
10 0.211875 0.921832884097035 0.04625 0.11859838274932614
10 0.279375 0.9258760107816711 0.05125 0.14824797843665768
5 0.09625 0.9191374663072777 0.165 0.16172506738544473
5 0.2075 0.2816711590296496 0.07 0.12129380053908356
10 0.349375 0.192722371967655 0.01875 0.06199460916442048
9 0.30125 0.10512129380053908 0.0375 0.08086253369272237
10 0.345625 0.08221024258760108 0.01625 0.04043126684636118
17 0.415 0.11455525606469003 0.0225 0.07277628032345014
13 0.393125 0.07412398921832884 0.01625 0.0673854447439353
17 0.37875 0.05929919137466307 0.015 0.05929919137466307
17 0.375 0.014824797843665768 0.0175 0.02425876010781671
5 0.51125 0.2398921832884097 0.045 0.1078167115902965
