17 0.6958741830065359 0.8592218137254902 0.3247549019607843 0.2803308823529412
5 0.5375816993464052 0.7542892156862745 0.15931372549019607 0.14399509803921567
13 0.8092320261437909 0.7515318627450981 0.16911764705882354 0.17340686274509803
11 0.8325163398692811 0.6776960784313726 0.25980392156862747 0.1568627450980392
3 0.6748366013071896 0.7089460784313726 0.05228758169934641 0.02696078431372549
4 0.4493464052287582 0.6387867647058824 0.08986928104575163 0.08026960784313726
13 0.553921568627451 0.6617647058823529 0.0392156862745098 0.04411764705882353
10 0.502859477124183 0.6553308823529411 0.01715686274509804 0.025122549019607844
10 0.3991013071895425 0.6528799019607843 0.013888888888888888 0.02144607843137255
5 0.5269607843137255 0.6426164215686274 0.03349673202614379 0.023590686274509803
5 0.6109068627450981 0.6404718137254902 0.039624183006535946 0.02420343137254902
17 0.027369281045751634 0.7477022058823529 0.05392156862745098 0.13572303921568626
11 0.18137254901960784 0.6675857843137255 0.1707516339869281 0.1133578431372549
