8 0.7756944444444445 0.48385416666666664 0.4486111111111111 0.33645833333333336
10 0.5333333333333333 0.4786458333333333 0.06666666666666667 0.11354166666666667
13 0.08125 0.5208333333333334 0.1597222222222222 0.2125
13 0.19791666666666666 0.4484375 0.07361111111111111 0.078125
13 0.2833333333333333 0.4401041666666667 0.08055555555555556 0.06145833333333333
5 0.32013888888888886 0.5796875 0.3958333333333333 0.24479166666666666
5 0.4076388888888889 0.4661458333333333 0.14305555555555555 0.06145833333333333
5 0.49722222222222223 0.4390625 0.09166666666666666 0.051041666666666666
8 0.37569444444444444 0.4 0.1597222222222222 0.07916666666666666
4 0.47847222222222224 0.4078125 0.06805555555555555 0.046875
13 0.12152777777777778 0.44479166666666664 0.08194444444444444 0.07291666666666667
17 0.018055555555555554 0.41510416666666666 0.03333333333333333 0.03229166666666667
