17 0.3173611111111111 0.628125 0.2875 0.2604166666666667
5 0.8701388888888889 0.6583333333333333 0.2513888888888889 0.25625
5 0.7222222222222222 0.6010416666666667 0.37222222222222223 0.1625
5 0.5270833333333333 0.5765625 0.1986111111111111 0.11979166666666667
17 0.0375 0.6552083333333333 0.07222222222222222 0.30416666666666664
5 0.125 0.578125 0.12777777777777777 0.12291666666666666
5 0.16527777777777777 0.6083333333333333 0.10833333333333334 0.1625
4 0.6048611111111111 0.46770833333333334 0.14583333333333334 0.08958333333333333
4 0.3819444444444444 0.4661458333333333 0.26944444444444443 0.07604166666666666
4 0.13472222222222222 0.47760416666666666 0.13055555555555556 0.04479166666666667
4 0.23194444444444445 0.478125 0.06944444444444445 0.04583333333333333
4 0.19027777777777777 0.4557291666666667 0.08888888888888889 0.04895833333333333
15 0.71875 0.515625 0.19583333333333333 0.05625
