8 0.7888888888888889 0.47604166666666664 0.4222222222222222 0.3854166666666667
5 0.5638888888888889 0.4322916666666667 0.09166666666666666 0.07083333333333333
5 0.44166666666666665 0.43645833333333334 0.1 0.06875
10 0.39166666666666666 0.4859375 0.08611111111111111 0.159375
13 0.3055555555555556 0.45260416666666664 0.10277777777777777 0.11354166666666667
13 0.22777777777777777 0.4395833333333333 0.06111111111111111 0.0875
13 0.27361111111111114 0.4270833333333333 0.05277777777777778 0.075
13 0.17708333333333334 0.40625 0.07361111111111111 0.03125
5 0.125 0.4484375 0.18055555555555555 0.090625
5 0.06805555555555555 0.5119791666666667 0.13333333333333333 0.196875
8 0.4201388888888889 0.38229166666666664 0.1625 0.0625
13 0.05416666666666667 0.4010416666666667 0.06944444444444445 0.0375
