5 0.1951388888888889 0.5375 0.3875 0.2375
3 0.44930555555555557 0.421875 0.09583333333333334 0.052083333333333336
13 0.125 0.38333333333333336 0.11666666666666667 0.04583333333333333
13 0.25416666666666665 0.39010416666666664 0.06111111111111111 0.04479166666666667
5 0.7215277777777778 0.44114583333333335 0.18194444444444444 0.10729166666666666
10 0.6041666666666666 0.5041666666666667 0.12222222222222222 0.22916666666666666
4 0.34375 0.3411458333333333 0.19305555555555556 0.051041666666666666
4 0.7756944444444445 0.3640625 0.15138888888888888 0.096875
5 0.6493055555555556 0.3729166666666667 0.11805555555555555 0.03333333333333333
4 0.5215277777777778 0.3578125 0.0875 0.03854166666666667
4 0.05763888888888889 0.3494791666666667 0.059722222222222225 0.021875
