5 0.4993489583333333 0.6827392578125 0.8572048611111112 0.447021484375
10 0.13346354166666666 0.498291015625 0.16883680555555555 0.2177734375
10 0.3205295138888889 0.4461669921875 0.14192708333333334 0.115478515625
17 0.58203125 0.426513671875 0.2604166666666667 0.08740234375
19 0.5707465277777778 0.4256591796875 0.3689236111111111 0.139892578125
5 0.8763020833333334 0.4517822265625 0.24739583333333334 0.130615234375
5 0.9249131944444444 0.51904296875 0.1484375 0.1669921875
13 0.2803819444444444 0.4195556640625 0.13541666666666666 0.116455078125
13 0.1796875 0.385009765625 0.07725694444444445 0.07470703125
13 0.061848958333333336 0.384033203125 0.07508680555555555 0.0654296875
4 0.3500434027777778 0.3563232421875 0.3276909722222222 0.154541015625
13 0.3062065972222222 0.3787841796875 0.08463541666666667 0.046142578125
4 0.8422309027777778 0.3489990234375 0.3111979166666667 0.071533203125
