2 0.22981770833333334 0.5518798828125 0.4231770833333333 0.347900390625
5 0.6651475694444444 0.4732666015625 0.3389756944444444 0.181396484375
8 0.5431857638888888 0.3450927734375 0.2686631944444444 0.175537109375
5 0.9064670138888888 0.455810546875 0.1870659722222222 0.14990234375
2 0.7619357638888888 0.3699951171875 0.11848958333333333 0.081787109375
13 0.3717447916666667 0.3577880859375 0.0802951388888889 0.058349609375
18 0.11241319444444445 0.3192138671875 0.21961805555555555 0.114990234375
13 0.2035590277777778 0.336669921875 0.03211805555555555 0.0419921875
13 0.6896701388888888 0.338623046875 0.034722222222222224 0.0234375
10 0.6805555555555556 0.3670654296875 0.026909722222222224 0.031494140625
