4 0.07313368055555555 0.4727783203125 0.14453125 0.396728515625
10 0.2762586805555556 0.4287109375 0.06640625 0.06982421875
11 0.4539930555555556 0.470458984375 0.2552083333333333 0.17236328125
19 0.7306857638888888 0.4449462890625 0.2903645833333333 0.124267578125
4 0.2322048611111111 0.39697265625 0.14583333333333334 0.1083984375
4 0.41796875 0.35888671875 0.1814236111111111 0.05126953125
5 0.8513454861111112 0.5084228515625 0.2912326388888889 0.164794921875
4 0.8802083333333334 0.385986328125 0.23350694444444445 0.07666015625
4 0.537109375 0.3631591796875 0.07074652777777778 0.040283203125
15 0.5661892361111112 0.4068603515625 0.05772569444444445 0.053466796875
4 0.3170572916666667 0.37353515625 0.026475694444444444 0.0654296875
