13 0.7404513888888888 0.551513671875 0.3975694444444444 0.28759765625
10 0.3732638888888889 0.4486083984375 0.09375 0.083740234375
4 0.7016059027777778 0.40380859375 0.3806423611111111 0.12451171875
8 0.2632378472222222 0.392822265625 0.08550347222222222 0.05517578125
8 0.2860243055555556 0.373291015625 0.0685763888888889 0.03466796875
5 0.4819878472222222 0.4169921875 0.05946180555555555 0.04638671875
13 0.3292100694444444 0.4066162109375 0.037760416666666664 0.050537109375
13 0.3665364583333333 0.3958740234375 0.03515625 0.020751953125
13 0.19921875 0.38916015625 0.0234375 0.0146484375
13 0.17708333333333334 0.389404296875 0.019965277777777776 0.01904296875
13 0.15538194444444445 0.388671875 0.0234375 0.01318359375
8 0.1362847222222222 0.3734130859375 0.026041666666666668 0.012451171875
8 0.18033854166666666 0.372802734375 0.046440972222222224 0.013671875
13 0.3878038194444444 0.3831787109375 0.020399305555555556 0.008056640625
13 0.4461805555555556 0.3837890625 0.024305555555555556 0.01025390625
13 0.4181857638888889 0.4290771484375 0.08116319444444445 0.080322265625
13 0.2378472222222222 0.4107666015625 0.059027777777777776 0.053955078125
5 0.4585503472222222 0.3973388671875 0.03428819444444445 0.019775390625
13 0.4928385416666667 0.39013671875 0.038628472222222224 0.009765625
13 0.10872395833333333 0.3892822265625 0.032552083333333336 0.013916015625
13 0.1312934027777778 0.389404296875 0.025607638888888888 0.01171875
13 0.07530381944444445 0.3846435546875 0.01953125 0.008056640625
9 0.9077690972222222 0.4005126953125 0.05164930555555555 0.045654296875
