3 0.4900173611111111 0.4324951171875 0.06510416666666667 0.105712890625
3 0.3174913194444444 0.372802734375 0.017795138888888888 0.03125
13 0.1284722222222222 0.3883056640625 0.06770833333333333 0.065185546875
5 0.64453125 0.3992919921875 0.17100694444444445 0.051513671875
5 0.8029513888888888 0.43408203125 0.20399305555555555 0.06982421875
13 0.8012152777777778 0.3912353515625 0.0546875 0.020263671875
5 0.5611979166666666 0.38525390625 0.0920138888888889 0.0400390625
4 0.7330729166666666 0.366943359375 0.1684027777777778 0.05224609375
4 0.845703125 0.3685302734375 0.05685763888888889 0.033447265625
4 0.9029947916666666 0.3848876953125 0.06987847222222222 0.068115234375
4 0.9505208333333334 0.4130859375 0.09288194444444445 0.13720703125
4 0.6252170138888888 0.360107421875 0.061197916666666664 0.029296875
4 0.4917534722222222 0.3603515625 0.06076388888888889 0.02783203125
11 0.03927951388888889 0.4141845703125 0.07769097222222222 0.057861328125
13 0.051432291666666664 0.3701171875 0.05164930555555555 0.03662109375
13 0.12174479166666667 0.3511962890625 0.014322916666666666 0.008544921875
3 0.16796875 0.358642578125 0.009548611111111112 0.01806640625
