13 0.2947048611111111 0.4755859375 0.08680555555555555 0.0888671875
13 0.5642361111111112 0.4884033203125 0.11197916666666667 0.102294921875
3 0.4403211805555556 0.462646484375 0.032552083333333336 0.05908203125
13 0.4151475694444444 0.44091796875 0.02734375 0.03466796875
13 0.3203125 0.445068359375 0.03993055555555555 0.04296875
13 0.23502604166666666 0.435546875 0.029079861111111112 0.02978515625
13 0.2721354166666667 0.4342041015625 0.03819444444444445 0.026123046875
13 0.1293402777777778 0.431396484375 0.030381944444444444 0.01708984375
13 0.4657118055555556 0.43603515625 0.022569444444444444 0.02197265625
19 0.16080729166666666 0.4176025390625 0.018663194444444444 0.009033203125
17 0.9299045138888888 0.4560546875 0.048177083333333336 0.0244140625
13 0.8739149305555556 0.4547119140625 0.045572916666666664 0.038330078125
3 0.05381944444444445 0.4677734375 0.05295138888888889 0.0419921875
5 0.6282552083333334 0.4453125 0.06901041666666667 0.01904296875
