19 0.494140625 0.55419921875 0.3823784722222222 0.208984375
4 0.13736979166666666 0.4482421875 0.2712673611111111 0.22900390625
4 0.9051649305555556 0.449951171875 0.1896701388888889 0.11669921875
5 0.7137586805555556 0.466552734375 0.1488715277777778 0.04345703125
13 0.3435329861111111 0.4410400390625 0.040364583333333336 0.019287109375
13 0.291015625 0.4561767578125 0.037760416666666664 0.043212890625
4 0.2986111111111111 0.43408203125 0.06597222222222222 0.05419921875
13 0.6577690972222222 0.438232421875 0.025607638888888888 0.0146484375
13 0.6108940972222222 0.4385986328125 0.020399305555555556 0.017333984375
9 0.3411458333333333 0.429931640625 0.020833333333333332 0.0087890625
13 0.3567708333333333 0.429931640625 0.009548611111111112 0.0087890625
