4 0.12977430555555555 0.448974609375 0.2578125 0.357421875
13 0.2508680555555556 0.4429931640625 0.0642361111111111 0.067138671875
19 0.3522135416666667 0.432373046875 0.10026041666666667 0.05419921875
4 0.5896267361111112 0.4056396484375 0.11675347222222222 0.058837890625
19 0.5696614583333334 0.4249267578125 0.08463541666666667 0.046142578125
18 0.23567708333333334 0.401123046875 0.043402777777777776 0.037109375
4 0.341796875 0.399169921875 0.031684027777777776 0.01220703125
17 0.2829861111111111 0.4202880859375 0.035590277777777776 0.023681640625
15 0.9244791666666666 0.4290771484375 0.15104166666666666 0.060302734375
13 0.7428385416666666 0.4400634765625 0.17838541666666666 0.092041015625
