10 0.458984375 0.5709228515625 0.2035590277777778 0.239501953125
19 0.2398003472222222 0.4793701171875 0.24696180555555555 0.140380859375
4 0.3090277777777778 0.3892822265625 0.09461805555555555 0.049560546875
13 0.20203993055555555 0.40234375 0.03515625 0.01171875
13 0.2306857638888889 0.397216796875 0.020399305555555556 0.00830078125
10 0.2328559027777778 0.4017333984375 0.021267361111111112 0.008056640625
5 0.2398003472222222 0.3936767578125 0.010850694444444444 0.008056640625
4 0.3621961805555556 0.390380859375 0.020399305555555556 0.033203125
4 0.2586805555555556 0.3936767578125 0.011284722222222222 0.023193359375
13 0.185546875 0.3980712890625 0.015190972222222222 0.016845703125
