3 0.4450721153846154 0.38221153846153844 0.02716346153846154 0.06891025641025642
2 0.5258413461538461 0.38349358974358977 0.0733173076923077 0.12403846153846154
5 0.6122596153846154 0.3626602564102564 0.01730769230769231 0.021474358974358974
13 0.6704326923076923 0.3703525641025641 0.023557692307692307 0.05032051282051282
13 0.6248798076923077 0.35993589743589743 0.010336538461538461 0.021794871794871794
2 0.5742788461538462 0.36041666666666666 0.011538461538461539 0.027243589743589744
2 0.5858173076923077 0.3576923076923077 0.013461538461538462 0.028205128205128206
18 0.6491586538461539 0.3559294871794872 0.026201923076923078 0.02980769230769231
10 0.3359375 0.3623397435897436 0.026201923076923078 0.03878205128205128
3 0.2736778846153846 0.36682692307692305 0.04783653846153846 0.0342948717948718
