13 0.1391826923076923 0.4421474358974359 0.08798076923076924 0.08942307692307692
18 0.3956730769230769 0.44022435897435896 0.1658653846153846 0.08301282051282051
2 0.5550480769230769 0.4519230769230769 0.05673076923076923 0.060897435897435896
13 0.6700721153846154 0.46153846153846156 0.04350961538461538 0.05641025641025641
2 0.6862980769230769 0.44727564102564105 0.03365384615384615 0.0342948717948718
2 0.71875 0.45705128205128204 0.0375 0.04487179487179487
13 0.7709134615384615 0.46458333333333335 0.03365384615384615 0.04903846153846154
3 0.7457932692307693 0.4636217948717949 0.014182692307692308 0.03173076923076923
2 0.7540865384615385 0.46057692307692305 0.016826923076923076 0.03653846153846154
2 0.895673076923077 0.4655448717948718 0.023557692307692307 0.0342948717948718
18 0.9175480769230769 0.46073717948717946 0.02451923076923077 0.03621794871794872
10 0.9320913461538461 0.4721153846153846 0.014182692307692308 0.029487179487179487
2 0.9760817307692308 0.46810897435897436 0.012740384615384615 0.01826923076923077
