10 0.5295673076923076 0.8378205128205128 0.36730769230769234 0.316025641025641
3 0.37908653846153845 0.6089743589743589 0.03076923076923077 0.07307692307692308
3 0.3486778846153846 0.5615384615384615 0.011298076923076923 0.028846153846153848
3 0.40024038461538464 0.5435897435897435 0.007692307692307693 0.01730769230769231
13 0.42091346153846154 0.5607371794871795 0.03317307692307692 0.06955128205128205
13 0.7444711538461538 0.5923076923076923 0.12211538461538461 0.17243589743589743
10 0.8104567307692307 0.5924679487179487 0.06754807692307692 0.049679487179487176
2 0.5631009615384616 0.5806089743589744 0.09350961538461539 0.12980769230769232
2 0.4832932692307692 0.5605769230769231 0.04591346153846154 0.06987179487179487
2 0.4366586538461538 0.5501602564102565 0.026201923076923078 0.05480769230769231
10 0.6024038461538461 0.5690705128205128 0.027403846153846154 0.03685897435897436
2 0.34326923076923077 0.5333333333333333 0.011538461538461539 0.01987179487179487
2 0.3546875 0.5352564102564102 0.014182692307692308 0.028846153846153848
2 0.37103365384615383 0.5349358974358974 0.00985576923076923 0.02564102564102564
2 0.38629807692307694 0.5386217948717948 0.01826923076923077 0.03108974358974359
