13 0.2251201923076923 0.3860576923076923 0.3560096153846154 0.29455128205128206
13 0.2748798076923077 0.3753205128205128 0.25408653846153845 0.23974358974358975
13 0.9185096153846154 0.3469551282051282 0.16298076923076923 0.38108974358974357
13 0.8078125 0.32756410256410257 0.09399038461538461 0.12051282051282051
13 0.5943509615384616 0.319551282051282 0.024759615384615383 0.046153846153846156
13 0.5707932692307692 0.3190705128205128 0.01706730769230769 0.04583333333333333
2 0.4606971153846154 0.34375 0.05456730769230769 0.14903846153846154
2 0.7538461538461538 0.3246794871794872 0.028846153846153848 0.10064102564102564
5 0.6629807692307692 0.3556089743589744 0.15384615384615385 0.13044871794871796
3 0.4282451923076923 0.4594551282051282 0.06706730769230769 0.20288461538461539
