13 0.9637628111273792 0.5598958333333334 0.07101024890190337 0.5078125
13 0.6522693997071742 0.396484375 0.0951683748169839 0.2643229166666667
13 0.5684480234260615 0.3424479166666667 0.04904831625183016 0.14322916666666666
13 0.5281844802342606 0.3125 0.030014641288433383 0.0859375
13 0.49194729136163984 0.3190104166666667 0.03367496339677892 0.09375
13 0.7602489019033675 0.3040364583333333 0.04758418740849195 0.08203125
5 0.8195461200585652 0.373046875 0.21888726207906295 0.14453125
19 0.7126647144948756 0.3053385416666667 0.046120058565153735 0.07682291666666667
17 0.5464860907759883 0.302734375 0.0212298682284041 0.055989583333333336
4 0.49633967789165445 0.2688802083333333 0.03953147877013177 0.07161458333333333
8 0.4062957540263543 0.3170572916666667 0.10395314787701318 0.18880208333333334
8 0.4333821376281113 0.2591145833333333 0.08345534407027819 0.09895833333333333
13 0.4612005856515373 0.3346354166666667 0.014641288433382138 0.12239583333333333
4 0.7514641288433382 0.220703125 0.12371888726207907 0.09505208333333333
13 0.3067349926793558 0.3157552083333333 0.043923865300146414 0.10286458333333333
