15 0.7792825768667643 0.4680989583333333 0.16617862371888725 0.14973958333333334
13 0.3279648609077599 0.4361979166666667 0.04538799414348463 0.08333333333333333
13 0.5183016105417276 0.451171875 0.0424597364568082 0.09765625
8 0.3890922401171303 0.3938802083333333 0.00951683748169839 0.014322916666666666
8 0.41215226939970717 0.39453125 0.014641288433382138 0.0234375
8 0.4410688140556369 0.3912760416666667 0.0212298682284041 0.022135416666666668
8 0.4527818448023426 0.3938802083333333 0.010980966325036604 0.01953125
8 0.4773060029282577 0.41015625 0.03806734992679356 0.078125
19 0.5183016105417276 0.4329427083333333 0.04978038067349927 0.08984375
15 0.5472181551976574 0.4270833333333333 0.01683748169838946 0.06510416666666667
13 0.4633967789165447 0.427734375 0.020497803806734993 0.061197916666666664
13 0.40300146412884336 0.4173177083333333 0.01683748169838946 0.022135416666666668
13 0.42972181551976574 0.4166666666666667 0.016105417276720352 0.0234375
10 0.4480234260614934 0.4388020833333333 0.014641288433382138 0.059895833333333336
13 0.6636163982430454 0.4140625 0.018301610541727673 0.028645833333333332
13 0.6903367496339677 0.4186197916666667 0.017569546120058566 0.040364583333333336
13 0.5940702781844802 0.408203125 0.01683748169838946 0.024739583333333332
