4 0.8071010248901903 0.416015625 0.38433382137628114 0.61328125
13 0.3389458272327965 0.4615885416666667 0.043923865300146414 0.09765625
13 0.44546120058565153 0.4602864583333333 0.027086383601756955 0.08723958333333333
8 0.45900439238653 0.416015625 0.01903367496339678 0.024739583333333332
8 0.42752562225475843 0.4140625 0.01171303074670571 0.020833333333333332
15 0.4992679355783309 0.4368489583333333 0.020497803806734993 0.04296875
5 0.5479502196193266 0.439453125 0.02562225475841874 0.032552083333333336
8 0.5534407027818448 0.412109375 0.040995607613469986 0.024739583333333332
15 0.5691800878477306 0.4401041666666667 0.022693997071742314 0.03125
15 0.6112737920937042 0.4296875 0.02635431918008785 0.0234375
13 0.5215959004392386 0.4459635416666667 0.034407027818448024 0.061197916666666664
8 0.40775988286969256 0.4127604166666667 0.01171303074670571 0.015625
19 0.479502196193265 0.42578125 0.01903367496339678 0.0234375
20 0.49158125915080525 0.4830729166666667 0.03587115666178624 0.052083333333333336
13 0.4615666178623719 0.4453125 0.015373352855051245 0.046875
