4 0.6010248901903368 0.42578125 0.13177159590043924 0.19270833333333334
10 0.7683016105417276 0.501953125 0.046120058565153735 0.12109375
13 0.46669106881405564 0.4798177083333333 0.038799414348462666 0.12109375
13 0.43448023426061494 0.4368489583333333 0.018301610541727673 0.029947916666666668
13 0.48316251830161056 0.4498697916666667 0.013177159590043924 0.061197916666666664
15 0.7181551976573939 0.4498697916666667 0.0629575402635432 0.05078125
5 0.5062225475841874 0.47265625 0.02855051244509517 0.041666666666666664
13 0.5329428989751098 0.4407552083333333 0.013177159590043924 0.05078125
8 0.441800878477306 0.412109375 0.010980966325036604 0.01953125
8 0.4513177159590044 0.4134114583333333 0.010980966325036604 0.014322916666666666
8 0.4670571010248902 0.4147135416666667 0.020497803806734993 0.016927083333333332
13 0.9703513909224012 0.4947916666666667 0.05197657393850659 0.09635416666666667
13 0.36273792093704244 0.4583333333333333 0.04904831625183016 0.09895833333333333
8 0.4205710102489019 0.4114583333333333 0.012445095168374817 0.013020833333333334
