13 0.623718887262079 0.6015625 0.12298682284040996 0.375
8 0.7635431918008785 0.4231770833333333 0.28257686676427524 0.296875
4 0.5095168374816984 0.4231770833333333 0.05856515373352855 0.1015625
13 0.9835285505124451 0.482421875 0.03294289897510981 0.09505208333333333
13 0.349194729136164 0.4641927083333333 0.04685212298682284 0.09765625
13 0.47291361639824303 0.4765625 0.03953147877013177 0.11458333333333333
13 0.4586383601756955 0.4596354166666667 0.027086383601756955 0.08333333333333333
14 0.5263543191800878 0.455078125 0.020497803806734993 0.061197916666666664
10 0.5450219619326501 0.4420572916666667 0.015373352855051245 0.045572916666666664
8 0.41837481698389456 0.4140625 0.010980966325036604 0.015625
8 0.4410688140556369 0.4173177083333333 0.013909224011713031 0.01953125
8 0.42715959004392384 0.4173177083333333 0.00951683748169839 0.014322916666666666
13 0.5677159590043924 0.435546875 0.013909224011713031 0.029947916666666668
13 0.5863836017569546 0.4303385416666667 0.014641288433382138 0.02734375
13 0.421303074670571 0.4381510416666667 0.0212298682284041 0.029947916666666668
19 0.4055636896046852 0.4173177083333333 0.013177159590043924 0.009114583333333334
