13 0.3008784773060029 0.5286458333333334 0.07906295754026355 0.1953125
13 0.5739385065885798 0.5579427083333334 0.1683748169838946 0.22265625
5 0.3828696925329429 0.517578125 0.0849194729136164 0.12630208333333334
10 0.441800878477306 0.4518229166666667 0.01683748169838946 0.049479166666666664
10 0.20241581259150807 0.4850260416666667 0.02855051244509517 0.11588541666666667
13 0.9809663250366032 0.5709635416666666 0.03806734992679356 0.13671875
13 0.9428989751098097 0.5403645833333334 0.03513909224011713 0.11458333333333333
20 0.9026354319180088 0.5846354166666666 0.09370424597364568 0.078125
13 0.8561493411420205 0.5397135416666666 0.06515373352855051 0.13932291666666666
13 0.7426793557833089 0.5078125 0.04758418740849195 0.09635416666666667
10 0.41471449487554907 0.4401041666666667 0.012445095168374817 0.0390625
13 0.37518301610541727 0.4440104166666667 0.027086383601756955 0.046875
13 0.400805270863836 0.4485677083333333 0.018301610541727673 0.061197916666666664
13 0.3158857979502196 0.431640625 0.0314787701317716 0.029947916666666668
13 0.033308931185944364 0.69140625 0.06515373352855051 0.16927083333333334
