15 0.35505124450951686 0.5911458333333334 0.2225475841874085 0.3958333333333333
5 0.678623718887262 0.5970052083333334 0.3162518301610542 0.33203125
19 0.4838945827232797 0.4518229166666667 0.13177159590043924 0.20052083333333334
9 0.7664714494875549 0.4856770833333333 0.21961932650073207 0.2552083333333333
4 0.9114202049780381 0.4505208333333333 0.17715959004392387 0.3671875
15 0.5545387994143485 0.40234375 0.04319180087847731 0.09375
4 0.3967789165446559 0.3502604166666667 0.10688140556368961 0.1796875
8 0.31991215226939973 0.3274739583333333 0.055636896046852125 0.08984375
17 0.34992679355783307 0.3990885416666667 0.07759882869692533 0.06380208333333333
13 0.2862371888726208 0.4342447916666667 0.06149341142020498 0.17317708333333334
4 0.4685212298682284 0.2975260416666667 0.09370424597364568 0.11588541666666667
