15 0.19472913616398244 0.4576822916666667 0.10688140556368961 0.14453125
5 0.48938506588579794 0.5240885416666666 0.13103953147877012 0.19661458333333334
5 0.8572474377745242 0.7604166666666666 0.28550512445095166 0.3723958333333333
13 0.9256954612005857 0.4954427083333333 0.1486090775988287 0.19661458333333334
4 0.8265007320644217 0.408203125 0.34699853587115664 0.18880208333333334
5 0.49011713030746706 0.4524739583333333 0.1383601756954612 0.10026041666666667
17 0.390190336749634 0.4765625 0.08638360175695461 0.18229166666666666
13 0.3232064421669107 0.4544270833333333 0.06954612005856516 0.15885416666666666
13 0.05929721815519766 0.69921875 0.1171303074670571 0.59375
13 0.0157393850658858 0.3841145833333333 0.030014641288433383 0.078125
13 0.09077598828696926 0.3919270833333333 0.03367496339677892 0.078125
13 0.2521961932650073 0.4114583333333333 0.06076134699853587 0.1015625
13 0.6057833089311859 0.4342447916666667 0.07540263543191801 0.10546875
13 0.5366032210834554 0.4205729166666667 0.04978038067349927 0.09114583333333333
13 0.47584187408491946 0.3912760416666667 0.03806734992679356 0.032552083333333336
4 0.33125915080527085 0.349609375 0.1281112737920937 0.05859375
8 0.23389458272327965 0.353515625 0.050512445095168376 0.061197916666666664
4 0.05087847730600293 0.34765625 0.06515373352855051 0.046875
8 0.11127379209370425 0.3515625 0.05417276720351391 0.057291666666666664
8 0.17423133235724744 0.3600260416666667 0.07027818448023426 0.07942708333333333
8 0.40043923865300146 0.3600260416666667 0.014641288433382138 0.061197916666666664
10 0.6764275256222547 0.5638020833333334 0.08638360175695461 0.2734375
