17 0.45497803806734993 0.5872395833333334 0.1617862371888726 0.3307291666666667
7 0.9454612005856515 0.4225260416666667 0.10907759882869693 0.12890625
8 0.23316251830161056 0.4375 0.29209370424597364 0.24739583333333334
11 0.1376281112737921 0.6334635416666666 0.27379209370424595 0.7330729166666666
11 0.7990483162518301 0.37109375 0.13250366032210834 0.13020833333333334
4 0.6153001464128843 0.3893229166666667 0.24377745241581258 0.4765625
13 0.43265007320644217 0.40625 0.04538799414348463 0.041666666666666664
8 0.24158125915080528 0.2994791666666667 0.09224011713030747 0.033854166666666664
8 0.9641288433382138 0.33984375 0.07174231332357248 0.06510416666666667
4 0.3923865300146413 0.3919270833333333 0.07759882869692533 0.09114583333333333
13 0.4718155197657394 0.4010416666666667 0.03294289897510981 0.049479166666666664
