13 0.6964285714285714 0.8773841961852861 0.08142857142857143 0.2452316076294278
13 0.7542857142857143 0.6362397820163488 0.05142857142857143 0.17166212534059946
13 0.7535714285714286 0.8188010899182562 0.055714285714285716 0.21525885558583105
13 0.8335714285714285 0.5613079019073569 0.10142857142857142 0.14713896457765668
13 0.7757142857142857 0.494550408719346 0.06285714285714286 0.1444141689373297
13 0.2842857142857143 0.9073569482288828 0.13428571428571429 0.18528610354223432
13 0.17785714285714285 0.7629427792915532 0.09857142857142857 0.17983651226158037
13 0.40714285714285714 0.6294277929155313 0.07428571428571429 0.15803814713896458
13 0.4685714285714286 0.6512261580381471 0.07714285714285714 0.15258855585831063
10 0.6385714285714286 0.5735694822888283 0.04857142857142857 0.08991825613079019
10 0.7021428571428572 0.5776566757493188 0.055714285714285716 0.14168937329700274
10 0.9292857142857143 0.5408719346049047 0.05285714285714286 0.10626702997275204
13 0.6835714285714286 0.5068119891008175 0.047142857142857146 0.11989100817438691
10 0.5792857142857143 0.779291553133515 0.09857142857142857 0.1907356948228883
19 0.8842857142857142 0.4209809264305177 0.14285714285714285 0.1444141689373297
5 0.5985714285714285 0.7098092643051771 0.18571428571428572 0.19346049046321526
13 0.44285714285714284 0.8228882833787466 0.13714285714285715 0.2452316076294278
5 0.3057142857142857 0.8269754768392371 0.2542857142857143 0.26430517711171664
5 0.4857142857142857 0.4604904632152589 0.13142857142857142 0.10899182561307902
5 0.4228571428571429 0.5626702997275205 0.1457142857142857 0.16076294277929154
9 0.3407142857142857 0.5122615803814714 0.15285714285714286 0.17983651226158037
5 0.5964285714285714 0.5136239782016349 0.1442857142857143 0.1226158038147139
15 0.59 0.45095367847411444 0.15428571428571428 0.13896457765667575
9 0.6614285714285715 0.3923705722070845 0.11428571428571428 0.12534059945504086
5 0.76 0.42779291553133514 0.13714285714285715 0.15258855585831063
9 0.09285714285714286 0.5054495912806539 0.13428571428571429 0.18256130790190736
5 0.16642857142857143 0.4305177111716621 0.08714285714285715 0.08174386920980926
5 0.16357142857142856 0.3446866485013624 0.06142857142857143 0.08446866485013624
5 0.09142857142857143 0.391008174386921 0.05714285714285714 0.08446866485013624
5 0.205 0.3787465940054496 0.06142857142857143 0.09264305177111716
17 0.29214285714285715 0.6852861035422343 0.11285714285714285 0.21525885558583105
17 0.18428571428571427 0.28065395095367845 0.037142857142857144 0.0653950953678474
17 0.16142857142857142 0.2847411444141689 0.03428571428571429 0.07356948228882834
15 0.27785714285714286 0.3215258855585831 0.04428571428571428 0.05449591280653951
