17 0.69 0.3091317365269461 0.118 0.27095808383233533
17 0.801 0.1220059880239521 0.1 0.20508982035928144
17 0.92 0.8585329341317365 0.16 0.28293413173652693
13 0.706 0.8794910179640718 0.166 0.2410179640718563
13 0.6565 0.7791916167664671 0.147 0.33682634730538924
19 0.6615 0.6347305389221557 0.159 0.1347305389221557
13 0.316 0.3562874251497006 0.12 0.17664670658682635
13 0.3155 0.43488023952095806 0.119 0.19011976047904192
13 0.3195 0.5666167664670658 0.129 0.2559880239520958
13 0.2905 0.687874251497006 0.175 0.27694610778443113
13 0.2985 0.7732035928143712 0.149 0.2559880239520958
13 0.2775 0.8809880239520959 0.169 0.15718562874251496
13 0.094 0.7357784431137725 0.146 0.2619760479041916
13 0.1745 0.561377245508982 0.103 0.24251497005988024
13 0.1115 0.6803892215568862 0.141 0.312874251497006
13 0.264 0.2118263473053892 0.074 0.1751497005988024
13 0.3295 0.31961077844311375 0.095 0.19311377245508982
13 0.2025 0.2874251497005988 0.101 0.23053892215568864
13 0.2615 0.19910179640718562 0.077 0.17964071856287425
17 0.4865 0.11676646706586827 0.087 0.18263473053892215
13 0.5125 0.156437125748503 0.063 0.14221556886227546
13 0.5895 0.4176646706586826 0.095 0.2245508982035928
13 0.807 0.5014970059880239 0.12 0.23053892215568864
13 0.825 0.6302395209580839 0.138 0.24850299401197604
10 0.9085 0.5606287425149701 0.045 0.2679640718562874
13 0.4605 0.36601796407185627 0.103 0.15718562874251496
13 0.4205 0.28592814371257486 0.087 0.20059880239520958
13 0.2955 0.0748502994011976 0.071 0.1407185628742515
9 0.645 0.16766467065868262 0.17 0.23952095808383234
13 0.4815 0.8525449101796407 0.171 0.2559880239520958
13 0.471 0.6773952095808383 0.152 0.19311377245508982
13 0.48 0.5838323353293413 0.138 0.16766467065868262
13 0.7735 0.36377245508982037 0.113 0.19461077844311378
