17 0.9223958333333333 0.8916666666666667 0.103125 0.21666666666666667
17 0.9411458333333333 0.7305555555555555 0.07604166666666666 0.1685185185185185
17 0.9807291666666667 0.6537037037037037 0.03854166666666667 0.15555555555555556
17 0.9645833333333333 0.6018518518518519 0.05416666666666667 0.0962962962962963
5 0.675 0.9138888888888889 0.13541666666666666 0.17222222222222222
11 0.5416666666666666 0.837037037037037 0.12916666666666668 0.3037037037037037
4 0.7427083333333333 0.6935185185185185 0.14583333333333334 0.29814814814814816
4 0.8796875 0.525 0.128125 0.2759259259259259
9 0.6567708333333333 0.612037037037037 0.08229166666666667 0.18333333333333332
4 0.05416666666666667 0.7046296296296296 0.10625 0.38333333333333336
4 0.9734375 0.46296296296296297 0.053125 0.17777777777777778
5 0.15572916666666667 0.8675925925925926 0.11354166666666667 0.17592592592592593
5 0.24114583333333334 0.8037037037037037 0.103125 0.15925925925925927
5 0.33229166666666665 0.7064814814814815 0.09791666666666667 0.1648148148148148
5 0.28020833333333334 0.5916666666666667 0.0875 0.12037037037037036
9 0.37395833333333334 0.6305555555555555 0.07916666666666666 0.17222222222222222
17 0.2911458333333333 0.4740740740740741 0.046875 0.11851851851851852
4 0.21666666666666667 0.5055555555555555 0.10625 0.24444444444444444
4 0.453125 0.5416666666666666 0.1 0.23148148148148148
5 0.37447916666666664 0.5083333333333333 0.06354166666666666 0.08703703703703704
5 0.5791666666666667 0.4583333333333333 0.0625 0.10185185185185185
4 0.4661458333333333 0.32592592592592595 0.10729166666666666 0.14074074074074075
4 0.4348958333333333 0.3611111111111111 0.07604166666666666 0.1259259259259259
4 0.3572916666666667 0.44722222222222224 0.08958333333333333 0.17222222222222222
4 0.7291666666666666 0.44166666666666665 0.10833333333333334 0.1648148148148148
7 0.6958333333333333 0.512962962962963 0.08541666666666667 0.0962962962962963
