4 0.7055555555555556 0.79723991507431 0.15333333333333332 0.40552016985138006
11 0.9472222222222222 0.8683651804670913 0.10111111111111111 0.2632696390658174
5 0.4866666666666667 0.9320594479830149 0.13333333333333333 0.13588110403397027
5 0.37555555555555553 0.9150743099787686 0.11777777777777777 0.16985138004246284
5 0.46444444444444444 0.7919320594479831 0.12222222222222222 0.18259023354564755
5 0.5838888888888889 0.8237791932059448 0.11 0.208067940552017
19 0.84 0.7983014861995754 0.10666666666666667 0.25902335456475584
19 0.6177777777777778 0.667728237791932 0.08666666666666667 0.17197452229299362
9 0.5294444444444445 0.6613588110403397 0.09 0.18471337579617833
5 0.8811111111111111 0.7186836518046709 0.07111111111111111 0.12951167728237792
5 0.8494444444444444 0.6295116772823779 0.06777777777777778 0.09978768577494693
11 0.885 0.5530785562632696 0.07666666666666666 0.15498938428874734
5 0.5672222222222222 0.6019108280254777 0.058888888888888886 0.10828025477707007
5 0.7438888888888889 0.5923566878980892 0.056666666666666664 0.03397027600849257
5 0.8177777777777778 0.5774946921443737 0.05555555555555555 0.10191082802547771
5 0.5838888888888889 0.5445859872611465 0.052222222222222225 0.0870488322717622
5 0.6466666666666666 0.5764331210191083 0.057777777777777775 0.05732484076433121
5 0.7405555555555555 0.5498938428874734 0.056666666666666664 0.06369426751592357
5 0.7672222222222222 0.5254777070063694 0.06555555555555556 0.09554140127388536
5 0.6772222222222222 0.5414012738853503 0.056666666666666664 0.07643312101910828
5 0.6344444444444445 0.5116772823779193 0.051111111111111114 0.08067940552016985
5 0.595 0.47770700636942676 0.04777777777777778 0.06369426751592357
5 0.6938888888888889 0.4893842887473461 0.052222222222222225 0.05307855626326964
5 0.6588888888888889 0.45222929936305734 0.05333333333333334 0.050955414012738856
5 0.6261111111111111 0.4288747346072187 0.043333333333333335 0.06369426751592357
5 0.7083333333333334 0.4575371549893843 0.043333333333333335 0.04883227176220807
17 0.6627777777777778 0.4129511677282378 0.027777777777777776 0.040339702760084924
5 0.7583333333333333 0.4681528662420382 0.05 0.05307855626326964
5 0.8194444444444444 0.49150743099787686 0.04777777777777778 0.09129511677282377
5 0.6372222222222222 0.38110403397027603 0.03222222222222222 0.036093418259023353
11 0.7327777777777778 0.42038216560509556 0.05444444444444444 0.06794055201698514
7 0.7877777777777778 0.43524416135881105 0.035555555555555556 0.08492569002123142
5 0.6777777777777778 0.37685774946921446 0.028888888888888888 0.05307855626326964
5 0.7022222222222222 0.3895966029723992 0.02666666666666667 0.05732484076433121
4 0.7833333333333333 0.2643312101910828 0.09777777777777778 0.04883227176220807
11 0.7044444444444444 0.3099787685774947 0.024444444444444446 0.03821656050955414
5 0.8066666666666666 0.3078556263269639 0.028888888888888888 0.029723991507430998
11 0.6711111111111111 0.3046709129511677 0.022222222222222223 0.040339702760084924
4 0.675 0.2632696390658174 0.04111111111111111 0.04246284501061571
5 0.19555555555555557 0.7919320594479831 0.1111111111111111 0.1613588110403397
4 0.1288888888888889 0.6114649681528662 0.18888888888888888 0.2760084925690021
5 0.2477777777777778 0.6698513800424628 0.07333333333333333 0.13800424628450106
5 0.35833333333333334 0.6794055201698513 0.07222222222222222 0.11040339702760085
5 0.40166666666666667 0.6072186836518046 0.08777777777777777 0.09766454352441614
5 0.24166666666666667 0.5583864118895966 0.052222222222222225 0.08917197452229299
5 0.35055555555555556 0.5828025477707006 0.03666666666666667 0.08280254777070063
5 0.37444444444444447 0.5276008492569002 0.06 0.07855626326963906
5 0.3605555555555556 0.47664543524416136 0.06777777777777778 0.07855626326963906
4 0.5388888888888889 0.28556263269639065 0.05333333333333334 0.04883227176220807
17 0.24166666666666667 0.49363057324840764 0.043333333333333335 0.07006369426751592
17 0.26666666666666666 0.470276008492569 0.035555555555555556 0.06581740976645435
13 0.2961111111111111 0.40658174097664546 0.01888888888888889 0.027600849256900213
13 0.20555555555555555 0.470276008492569 0.02666666666666667 0.03184713375796178
