13 0.8447712418300654 0.6348039215686274 0.3104575163398693 0.24509803921568626
5 0.3261846405228758 0.6363357843137255 0.3901143790849673 0.18382352941176472
5 0.5610702614379085 0.5605085784313726 0.2512254901960784 0.078125
10 0.03022875816993464 0.5871629901960784 0.0457516339869281 0.05361519607843137
13 0.2048611111111111 0.5375306372549019 0.07066993464052287 0.050551470588235295
13 0.10580065359477124 0.5438112745098039 0.05392156862745098 0.06495098039215687
13 0.6303104575163399 0.5347732843137255 0.10212418300653595 0.0664828431372549
13 0.7099673202614379 0.5439644607843137 0.05310457516339869 0.0940563725490196
13 0.15890522875816993 0.5467218137254902 0.04003267973856209 0.078125
5 0.044730392156862746 0.5577512254901961 0.0886437908496732 0.06341911764705882
4 0.024305555555555556 0.5081188725490197 0.04779411764705882 0.03768382352941176
17 0.48876633986928103 0.5206801470588235 0.08700980392156862 0.02297794117647059
5 0.3002450980392157 0.5390625 0.09803921568627451 0.026041666666666668
13 0.3911356209150327 0.5409007352941176 0.08374183006535947 0.06341911764705882
13 0.2661356209150327 0.5202205882352942 0.03145424836601307 0.028186274509803922
13 0.34068627450980393 0.5171568627450981 0.029411764705882353 0.018995098039215685
13 0.8227124183006536 0.5151654411764706 0.05800653594771242 0.03829656862745098
