13 0.2813450490030416 0.8991101491101491 0.23217303142953702 0.19552669552669552
17 0.14160189253126057 0.7580567580567581 0.24129773572152755 0.23088023088023088
13 0.5358229131463332 0.7709235209235209 0.19161879013180128 0.14117364117364117
10 0.07722203447110511 0.6449013949013949 0.1537681649205813 0.12962962962962962
10 0.7402838796890842 0.9012746512746512 0.15038864481243663 0.19167869167869167
10 0.9246367015883744 0.8263588263588264 0.13112538019601216 0.19865319865319866
10 0.38002703616086514 0.5901875901875901 0.07739101047651234 0.11544011544011544
10 0.46417708685366676 0.6125541125541125 0.08482595471443055 0.12025012025012025
10 0.5544102737411287 0.5407647907647908 0.07806691449814127 0.09066859066859066
10 0.45505238256167624 0.5202020202020202 0.06657654613044947 0.07551707551707551
10 0.4033457249070632 0.46320346320346323 0.048327137546468404 0.0658970658970659
10 0.3617776275768841 0.3906926406926407 0.061845217979046976 0.07912457912457913
10 0.4824264954376479 0.2291967291967292 0.025346400811084826 0.03511303511303511
10 0.46704967894558974 0.21512746512746514 0.029063872930043935 0.03150553150553151
10 0.4307198377830348 0.2597402597402597 0.03751267320040554 0.03848003848003848
10 0.38695505238256167 0.2772967772967773 0.029063872930043935 0.03511303511303511
10 0.6563028050016898 0.2621452621452621 0.03109158499493072 0.044733044733044736
10 0.5138560324433931 0.1776094276094276 0.026022304832713755 0.018518518518518517
10 0.6017235552551538 0.18037518037518038 0.021966880702940183 0.022607022607022607
10 0.5907401149036837 0.10978835978835978 0.013518080432578574 0.008898508898508899
10 0.585163906725245 0.15572390572390574 0.012504224400135181 0.01996151996151996
10 0.4790469753295032 0.13876863876863876 0.014531936465021968 0.017797017797017797
20 0.7020953024670497 0.6905964405964405 0.17472118959107807 0.21717171717171718
5 0.8663399797228793 0.5827320827320828 0.2673200405542413 0.21164021164021163
5 0.23470767151064548 0.4874939874939875 0.20581277458600877 0.14093314093314094
17 0.6649205812774586 0.44793169793169796 0.12538019601216627 0.12914862914862915
13 0.6892531260561 0.5556758056758057 0.11388982764447449 0.082010582010582
17 0.5282189929030078 0.4363876863876864 0.1128759716120311 0.10846560846560846
4 0.9373099019939168 0.43542568542568544 0.12538019601216627 0.20707070707070707
5 0.5104765123352484 0.37481962481962483 0.1449814126394052 0.09403559403559404
17 0.6740452855694491 0.37385762385762383 0.12064886786076377 0.10173160173160173
13 0.7262588712402839 0.335016835016835 0.07434944237918216 0.09283309283309284
11 0.8585670834741467 0.33886483886483887 0.11862115579587698 0.11544011544011544
5 0.7642784724569112 0.28475228475228476 0.11591753970936126 0.054353054353054354
13 0.6862115579587699 0.29304954304954306 0.06387293004393377 0.05170755170755171
17 0.6179452517742481 0.3051948051948052 0.08212233862791483 0.07696007696007696
13 0.3903345724907063 0.33946608946608947 0.07434944237918216 0.07575757575757576
13 0.3163230821223386 0.30784030784030786 0.06556269009800608 0.08513708513708514
9 0.47769516728624534 0.2892015392015392 0.10239945927678269 0.08249158249158249
5 0.3617776275768841 0.24146224146224146 0.11388982764447449 0.05291005291005291
11 0.5949645150388645 0.25456950456950456 0.1071307874281852 0.06806156806156806
13 0.4144981412639405 0.20238095238095238 0.03954038526529233 0.05026455026455026
13 0.4302129097668131 0.19167869167869167 0.029063872930043935 0.04521404521404521
13 0.5153768164920581 0.2079124579124579 0.04055424129773572 0.05026455026455026
13 0.4815816154106117 0.18145743145743146 0.027712064886786077 0.023328523328523327
13 0.4428861101723555 0.1590909090909091 0.030753632984116257 0.01996151996151996
13 0.45876985468063536 0.1426166426166426 0.023994592767826967 0.01443001443001443
4 0.7014193984454208 0.19035594035594036 0.1679621493747888 0.12626262626262627
13 0.5616762419736397 0.16522366522366522 0.03109158499493072 0.02405002405002405
13 0.5718148022980737 0.15091390091390092 0.01622169651909429 0.008898508898508899
5 0.6176072997634335 0.1590909090909091 0.030077728962487327 0.031024531024531024
5 0.6056100033795201 0.14225589225589225 0.03649881716796215 0.023328523328523327
13 0.6162554917201757 0.12518037518037517 0.019939168638053395 0.018518518518518517
17 0.5724907063197026 0.12746512746512748 0.027036160865157147 0.01875901875901876
5 0.5966542750929368 0.12325637325637326 0.023994592767826967 0.018999518999519
4 0.5201081446434607 0.12614237614237614 0.054072321730314295 0.05411255411255411
5 0.5126732004055424 0.17087542087542087 0.04460966542750929 0.02861952861952862
5 0.5280500168976006 0.15572390572390574 0.042244001351808044 0.026695526695526696
13 0.4048665089557283 0.14742664742664743 0.019601216627238932 0.010101010101010102
13 0.4601216627238932 0.13203463203463203 0.019939168638053395 0.010582010582010581
13 0.4651909428861102 0.11892736892736892 0.01858736059479554 0.01467051467051467
13 0.49019939168638055 0.11784511784511785 0.015883744508279823 0.014911014911014911
13 0.4802298073673538 0.11387686387686388 0.014193984454207503 0.010822510822510822
13 0.46975329503210544 0.1063011063011063 0.014193984454207503 0.008658008658008658
13 0.45572828658330516 0.10858585858585859 0.016559648529908752 0.009860509860509861
7 0.4469415343021291 0.10377585377585377 0.024670496789455897 0.016594516594516596
13 0.4256505576208178 0.11844636844636845 0.015883744508279823 0.010822510822510822
13 0.42717134166948295 0.09968734968734969 0.01554579249746536 0.011784511784511785
13 0.42108820547482256 0.10966810966810966 0.013518080432578574 0.006253006253006253
13 0.4567421426157486 0.09187109187109187 0.012504224400135181 0.007215007215007215
13 0.44052044609665425 0.0907888407888408 0.013180128421764109 0.00937950937950938
5 0.5680973301791146 0.1145983645983646 0.028387968908415006 0.009860509860509861
5 0.568435282189929 0.10726310726310727 0.028387968908415006 0.007696007696007696
5 0.591753970936127 0.10461760461760462 0.022304832713754646 0.014911014911014911
5 0.5530584656978709 0.12445887445887446 0.012504224400135181 0.021404521404521405
5 0.5824602906387293 0.09788359788359788 0.019939168638053395 0.008658008658008658
5 0.5728286583305171 0.09307359307359307 0.01554579249746536 0.010101010101010102
4 0.5079418722541399 0.09403559403559404 0.04190604934099358 0.019721019721019722
11 0.5415680973301791 0.09956709956709957 0.026022304832713755 0.02405002405002405
4 0.5493409935789118 0.09187109187109187 0.03142953700574518 0.022607022607022607
4 0.5393714092598851 0.07852332852332852 0.03717472118959108 0.01034151034151034
4 0.5141939844542075 0.07683982683982683 0.030077728962487327 0.012265512265512266
4 0.49340993578911796 0.07215007215007214 0.022980736735383575 0.012987012987012988
4 0.48141263940520446 0.0646945646945647 0.021966880702940183 0.00962000962000962
4 0.5013518080432579 0.06192881192881193 0.01723555255153768 0.008417508417508417
4 0.5667455221358567 0.07984607984607985 0.018249408583981074 0.012987012987012988
3 0.1250422440013518 0.43662818662818664 0.05947955390334572 0.05796055796055796
3 0.07468739438999662 0.5013227513227513 0.06556269009800608 0.06902356902356903
3 0.16052720513687058 0.398989898989899 0.04731328151402501 0.059644059644059645
