4 0.4256578947368421 0.4954545454545455 0.17763157894736842 0.13636363636363635
4 0.4625 0.37662337662337664 0.125 0.03636363636363636
4 0.5164473684210527 0.2688311688311688 0.11447368421052631 0.05454545454545454
4 0.6223684210526316 0.4662337662337662 0.13421052631578947 0.07792207792207792
4 0.23026315789473684 0.7519480519480519 0.23684210526315788 0.1038961038961039
4 0.5881578947368421 0.65 0.22631578947368422 0.06883116883116883
4 0.4697368421052632 0.862987012987013 0.06842105263157895 0.2662337662337662
4 0.22236842105263158 0.9 0.4131578947368421 0.2
10 0.2986842105263158 0.5149350649350649 0.04736842105263158 0.048051948051948054
10 0.32894736842105265 0.5675324675324676 0.02368421052631579 0.07532467532467532
4 0.6855263157894737 0.9006493506493507 0.37894736842105264 0.19090909090909092
10 0.5848684210526316 0.5623376623376624 0.05131578947368421 0.08571428571428572
4 0.6585526315789474 0.36948051948051946 0.12763157894736843 0.03506493506493506
4 0.5967105263157895 0.32597402597402597 0.13815789473684212 0.033766233766233764
4 0.5644736842105263 0.35714285714285715 0.04736842105263158 0.08571428571428572
4 0.8125 0.2616883116883117 0.0881578947368421 0.048051948051948054
4 0.8085526315789474 0.32532467532467535 0.10921052631578948 0.06623376623376623
5 0.805921052631579 0.674025974025974 0.14868421052631578 0.05454545454545454
11 0.4039473684210526 0.6454545454545455 0.09210526315789473 0.12727272727272726
7 0.7046052631578947 0.5324675324675324 0.07236842105263158 0.03896103896103896
9 0.7131578947368421 0.5928571428571429 0.12105263157894737 0.048051948051948054
5 0.7782894736842105 0.5915584415584415 0.10657894736842105 0.08181818181818182
5 0.844078947368421 0.5525974025974026 0.11447368421052631 0.07662337662337662
5 0.8407894736842105 0.7428571428571429 0.11842105263157894 0.07792207792207792
5 0.8947368421052632 0.8441558441558441 0.11842105263157894 0.12467532467532468
5 0.944078947368421 0.9577922077922078 0.10921052631578948 0.08181818181818182
5 0.7657894736842106 0.4051948051948052 0.05263157894736842 0.05194805194805195
5 0.24868421052631579 0.4584415584415584 0.06842105263157895 0.06493506493506493
3 0.035526315789473684 0.5363636363636364 0.034210526315789476 0.033766233766233764
9 0.9723684210526315 0.7779220779220779 0.05526315789473684 0.19220779220779222
15 0.9526315789473684 0.624025974025974 0.09473684210526316 0.12857142857142856
9 0.9559210526315789 0.5298701298701298 0.0881578947368421 0.06233766233766234
15 0.8289473684210527 0.4935064935064935 0.1 0.06493506493506493
5 0.7605263157894737 0.4837662337662338 0.031578947368421054 0.07142857142857142
9 0.9657894736842105 0.4662337662337662 0.06842105263157895 0.06233766233766234
9 0.9572368421052632 0.4461038961038961 0.08552631578947369 0.09220779220779221
9 0.9092105263157895 0.36298701298701297 0.06578947368421052 0.06363636363636363
5 0.7289473684210527 0.3538961038961039 0.05263157894736842 0.048051948051948054
4 0.968421052631579 0.3564935064935065 0.034210526315789476 0.08701298701298701
11 0.7138157894736842 0.3181818181818182 0.05131578947368421 0.033766233766233764
4 0.9032894736842105 0.2558441558441558 0.08026315789473684 0.033766233766233764
9 0.9138157894736842 0.2863636363636364 0.056578947368421055 0.02727272727272727
5 0.9315789473684211 0.3116883116883117 0.042105263157894736 0.023376623376623377
11 0.9671052631578947 0.2987012987012987 0.034210526315789476 0.03636363636363636
4 0.6059210526315789 0.19285714285714287 0.05131578947368421 0.032467532467532464
4 0.5697368421052632 0.2422077922077922 0.060526315789473685 0.02987012987012987
4 0.6072368421052632 0.2357142857142857 0.075 0.048051948051948054
4 0.6736842105263158 0.24285714285714285 0.06578947368421052 0.05454545454545454
4 0.6361842105263158 0.29805194805194807 0.09868421052631579 0.05064935064935065
4 0.8 0.2064935064935065 0.04736842105263158 0.015584415584415584
11 0.7881578947368421 0.22337662337662337 0.03684210526315789 0.02077922077922078
15 0.9486842105263158 0.21623376623376622 0.05263157894736842 0.02987012987012987
9 0.7322368421052632 0.18506493506493507 0.019736842105263157 0.01948051948051948
11 0.9855263157894737 0.21363636363636362 0.02894736842105263 0.04285714285714286
4 0.9223684210526316 0.19350649350649352 0.034210526315789476 0.023376623376623377
4 0.8894736842105263 0.19155844155844157 0.02894736842105263 0.032467532467532464
4 0.6907894736842105 0.17077922077922078 0.02894736842105263 0.01948051948051948
4 0.6710526315789473 0.19675324675324676 0.031578947368421054 0.032467532467532464
5 0.7223684210526315 0.1974025974025974 0.018421052631578946 0.015584415584415584
15 0.7282894736842105 0.23506493506493506 0.035526315789473684 0.012987012987012988
4 0.6414473684210527 0.19935064935064936 0.030263157894736843 0.02987012987012987
4 0.6355263157894737 0.17922077922077922 0.031578947368421054 0.012987012987012988
