5 0.2705927636643572 0.9302995391705069 0.13471901462663588 0.13940092165898618
4 0.24634334103156275 0.7505760368663594 0.13702848344880678 0.21313364055299538
4 0.10431100846805234 0.7413594470046083 0.15165511932255582 0.2523041474654378
4 0.026558891454965358 0.820852534562212 0.05157813702848345 0.22235023041474655
4 0.201693610469592 0.5374423963133641 0.0800615858352579 0.09331797235023041
4 0.18437259430331024 0.6094470046082949 0.0962278675904542 0.055299539170506916
4 0.2936874518860662 0.6543778801843319 0.12240184757505773 0.18202764976958524
9 0.44072363356428024 0.8807603686635944 0.1147036181678214 0.18317972350230416
9 0.4080061585835258 0.7194700460829493 0.0939183987682833 0.07027649769585254
5 0.5754426481909161 0.8986175115207373 0.12086220169361046 0.14055299539170507
5 0.5431100846805235 0.8266129032258065 0.0869899923017706 0.12788018433179724
5 0.527328714395689 0.7730414746543779 0.07852193995381063 0.09907834101382489
9 0.4037721324095458 0.7574884792626728 0.0731331793687452 0.09101382488479262
5 0.7763664357197845 0.7764976958525346 0.08852963818321787 0.08525345622119816
5 0.9195535026943803 0.9389400921658986 0.14857582755966128 0.12211981566820276
5 0.8775981524249422 0.7390552995391705 0.09699769053117784 0.07949308755760369
5 0.9372594303310239 0.777073732718894 0.0962278675904542 0.07258064516129033
5 0.9772902232486528 0.8605990783410138 0.04541955350269438 0.15898617511520738
5 0.827559661277906 0.6676267281105991 0.04772902232486528 0.07258064516129033
4 0.9568899153194765 0.5587557603686636 0.08622016936104696 0.12672811059907835
4 0.865665896843726 0.5236175115207373 0.09930715935334873 0.10944700460829493
4 0.7913779830638953 0.45506912442396313 0.1031562740569669 0.10599078341013825
4 0.6331793687451887 0.44297235023041476 0.09776751347190146 0.0956221198156682
5 0.5034642032332564 0.673963133640553 0.06928406466512702 0.04608294930875576
4 0.3491147036181678 0.4412442396313364 0.06081601231716705 0.052995391705069124
11 0.5742879137798307 0.46889400921658986 0.07544264819091609 0.1336405529953917
11 0.6905311778290993 0.5506912442396313 0.07082371054657428 0.0967741935483871
19 0.7559661277906081 0.5103686635944701 0.05850654349499615 0.06682027649769585
9 0.3102386451116243 0.5247695852534562 0.05234795996920708 0.04723502304147465
5 0.39145496535796764 0.5518433179723502 0.04849884526558892 0.052995391705069124
4 0.26096997690531176 0.3945852534562212 0.05234795996920708 0.06336405529953917
4 0.24210931485758275 0.5092165898617511 0.06851424172440339 0.14285714285714285
4 0.394919168591224 0.4153225806451613 0.061585835257890686 0.06336405529953917
15 0.47729022324865283 0.6025345622119815 0.06312548113933796 0.08294930875576037
5 0.49576597382602 0.6376728110599078 0.061585835257890686 0.0587557603686636
5 0.4457274826789838 0.5391705069124424 0.046189376443418015 0.0576036866359447
5 0.36335642802155504 0.3623271889400922 0.020015396458814474 0.024193548387096774
5 0.38645111624326406 0.3611751152073733 0.020015396458814474 0.024193548387096774
4 0.3352578906851424 0.4107142857142857 0.05157813702848345 0.05184331797235023
4 0.3075442648190916 0.47465437788018433 0.06697459584295612 0.06451612903225806
5 0.4049268668206313 0.6163594470046083 0.05388760585065435 0.02534562211981567
5 0.4095458044649731 0.6434331797235023 0.07082371054657428 0.02880184331797235
5 0.4018475750577367 0.6682027649769585 0.07236335642802155 0.03686635944700461
5 0.9780600461893765 0.8185483870967742 0.04387990762124711 0.0771889400921659
11 0.9030023094688222 0.6682027649769585 0.11085450346420324 0.15898617511520738
4 0.7455735180908392 0.3934331797235023 0.08391070053887606 0.05414746543778802
5 0.5954580446497305 0.554147465437788 0.04541955350269438 0.04377880184331797
5 0.762509622786759 0.5933179723502304 0.05157813702848345 0.02534562211981567
9 0.7494226327944573 0.5552995391705069 0.033102386451116246 0.0576036866359447
4 0.6674364896073903 0.4377880184331797 0.04003079291762895 0.06682027649769585
11 0.5234795996920708 0.44873271889400923 0.03387220939183987 0.06336405529953917
4 0.47421093148575827 0.353110599078341 0.029253271747498075 0.03341013824884793
5 0.5261739799846036 0.41244239631336405 0.025404157043879907 0.02304147465437788
5 0.5011547344110855 0.39919354838709675 0.020015396458814474 0.024193548387096774
4 0.31331793687451887 0.36981566820276496 0.03849114703618168 0.020737327188940093
4 0.2963818321785989 0.41359447004608296 0.016936104695919937 0.041474654377880185
4 0.5596612779060816 0.3824884792626728 0.030792917628945343 0.041474654377880185
4 0.5265588914549654 0.358294930875576 0.030792917628945343 0.04838709677419355
