8 0.6256666666666667 0.668 0.19533333333333333 0.388
4 0.715 0.478 0.15933333333333333 0.25
11 0.9253333333333333 0.8715 0.14933333333333335 0.247
13 0.9076666666666666 0.7145 0.078 0.079
5 0.17466666666666666 0.9055 0.13333333333333333 0.181
5 0.07433333333333333 0.92 0.074 0.116
5 0.209 0.7495 0.14333333333333334 0.221
5 0.243 0.6885 0.11 0.185
5 0.308 0.5965 0.08266666666666667 0.149
5 0.29433333333333334 0.6265 0.11 0.103
5 0.332 0.4775 0.096 0.095
5 0.436 0.67 0.088 0.222
5 0.4226666666666667 0.7 0.104 0.18
5 0.3943333333333333 0.85 0.118 0.3
5 0.362 0.905 0.17466666666666666 0.19
15 0.717 0.9315 0.194 0.137
4 0.374 0.355 0.058666666666666666 0.25
4 0.3423333333333333 0.3435 0.07666666666666666 0.139
5 0.5106666666666667 0.4435 0.07866666666666666 0.123
5 0.585 0.407 0.078 0.108
5 0.5596666666666666 0.3465 0.066 0.073
5 0.45666666666666667 0.3105 0.016 0.079
5 0.41633333333333333 0.3295 0.027333333333333334 0.099
15 0.49433333333333335 0.334 0.059333333333333335 0.09
5 0.45366666666666666 0.239 0.03266666666666666 0.064
4 0.5343333333333333 0.246 0.07133333333333333 0.126
18 0.6176666666666667 0.2735 0.08466666666666667 0.157
18 0.7306666666666667 0.321 0.09066666666666667 0.16
9 0.8243333333333334 0.331 0.051333333333333335 0.088
4 0.5776666666666667 0.166 0.051333333333333335 0.064
5 0.46 0.1895 0.032 0.037
4 0.5353333333333333 0.1135 0.02666666666666667 0.041
8 0.616 0.1475 0.04 0.049
5 0.5436666666666666 0.1745 0.011333333333333334 0.025
9 0.4703333333333333 0.175 0.026 0.052
4 0.56 0.0725 0.018666666666666668 0.039
5 0.5006666666666667 0.1485 0.029333333333333333 0.037
9 0.5403333333333333 0.1585 0.020666666666666667 0.043
8 0.5773333333333334 0.1165 0.04133333333333333 0.031
9 0.5056666666666667 0.102 0.018 0.022
9 0.487 0.121 0.020666666666666667 0.02
5 0.504 0.0745 0.014666666666666666 0.019
5 0.5213333333333333 0.0775 0.013333333333333334 0.017
4 0.532 0.0545 0.014666666666666666 0.015
9 0.541 0.0765 0.014 0.019
13 0.656 0.228 0.024 0.05
5 0.6496666666666666 0.347 0.066 0.014
5 0.6223333333333333 0.3755 0.018 0.057
