13 0.844131455399061 0.9305816135084428 0.2272300469483568 0.13883677298311445
13 0.4924882629107981 0.9318323952470294 0.2244131455399061 0.13633520950594122
13 0.7004694835680751 0.775797373358349 0.4225352112676056 0.1807379612257661
13 0.24225352112676057 0.8608505315822389 0.3436619718309859 0.23577235772357724
13 0.3671361502347418 0.7879924953095685 0.3323943661971831 0.12257661038148843
13 0.4394366197183099 0.6860537836147592 0.12018779342723004 0.0975609756097561
13 0.6849765258215963 0.5925578486554096 0.2 0.2045028142589118
13 0.4981220657276995 0.6006879299562227 0.26009389671361505 0.20075046904315197
13 0.7948356807511737 0.5362726704190118 0.06291079812206572 0.12445278298936835
13 0.672300469483568 0.48717948717948717 0.11830985915492957 0.06504065040650407
13 0.6976525821596244 0.4646654158849281 0.10140845070422536 0.09255784865540963
13 0.7323943661971831 0.4337085678549093 0.11455399061032864 0.10569105691056911
13 0.46572769953051646 0.47560975609756095 0.08826291079812207 0.05565978736710444
13 0.22535211267605634 0.525328330206379 0.1352112676056338 0.13633520950594122
13 0.11173708920187793 0.566916823014384 0.21971830985915494 0.16197623514696685
13 0.26291079812206575 0.45590994371482174 0.09765258215962441 0.09881175734834272
13 0.05539906103286385 0.4937460913070669 0.10892018779342723 0.09568480300187618
13 0.18262910798122065 0.43839899937460913 0.09671361502347418 0.0975609756097561
13 0.3046948356807512 0.450281425891182 0.12112676056338029 0.1200750469043152
13 0.4131455399061033 0.50187617260788 0.09953051643192488 0.16948092557848654
13 0.6112676056338028 0.4290181363352095 0.09389671361502347 0.11632270168855535
13 0.45586854460093895 0.41901188242651655 0.08732394366197183 0.06629143214509069
13 0.5300469483568075 0.4058786741713571 0.07605633802816901 0.08755472170106317
13 0.751643192488263 0.39243277048155095 0.07981220657276995 0.09193245778611632
13 0.4779342723004695 0.34771732332707944 0.09389671361502347 0.07629768605378362
13 0.6267605633802817 0.3574108818011257 0.09671361502347418 0.0969355847404628
13 0.4704225352112676 0.30737961225766103 0.06384976525821597 0.029393370856785492
13 0.46056338028169014 0.32051282051282054 0.07605633802816901 0.09193245778611632
13 0.5812206572769953 0.29424640400250157 0.07511737089201878 0.06441525953721075
13 0.6727699530516432 0.32238899312070046 0.08732394366197183 0.09193245778611632
13 0.7474178403755869 0.325515947467167 0.0676056338028169 0.05565978736710444
13 0.7976525821596244 0.34803001876172607 0.07042253521126761 0.06441525953721075
13 0.8427230046948356 0.32113821138211385 0.07793427230046948 0.08943089430894309
13 0.8615023474178404 0.2967479674796748 0.07793427230046948 0.08818011257035648
13 0.9018779342723005 0.22326454033771106 0.06103286384976526 0.06378986866791744
13 0.5784037558685446 0.25547217010631645 0.056338028169014086 0.024390243902439025
13 0.6248826291079812 0.25203252032520324 0.06103286384976526 0.05503439649781113
13 0.6516431924882629 0.24452782989368355 0.056338028169014086 0.06378986866791744
13 0.7549295774647887 0.21857410881801126 0.05070422535211268 0.06941838649155722
13 0.8774647887323944 0.18605378361475922 0.04976525821596244 0.05065666041275797
13 0.9338028169014084 0.19887429643527205 0.04225352112676056 0.05378361475922452
13 0.8572769953051643 0.17698561601000626 0.02629107981220657 0.050031269543464665
13 0.9075117370892019 0.16322701688555347 0.03286384976525822 0.03877423389618512
13 0.9366197183098591 0.15634771732332708 0.030985915492957747 0.012507817385866166
13 0.9572769953051643 0.18918073796122575 0.044131455399061034 0.05190744215134459
13 0.8661971830985915 0.1432145090681676 0.04225352112676056 0.03377110694183865
13 0.9765258215962441 0.1622889305816135 0.04131455399061033 0.045653533458411506
13 0.9845070422535211 0.15509693558474047 0.030985915492957747 0.04252657911194497
13 0.960093896713615 0.11131957473420888 0.02910798122065728 0.032520325203252036
13 0.9816901408450704 0.10475297060662914 0.023474178403755867 0.02689180737961226
13 0.968075117370892 0.0906816760475297 0.016901408450704224 0.01125703564727955
13 0.9441314553990611 0.0969355847404628 0.0215962441314554 0.01125703564727955
13 0.984037558685446 0.08692933083176986 0.016901408450704224 0.01125703564727955
11 0.760093896713615 0.18667917448405252 0.0892018779342723 0.05190744215134459
12 0.9211267605633803 0.1207004377736085 0.05258215962441314 0.04127579737335835
13 0.8399061032863849 0.573170731707317 0.15492957746478872 0.1957473420888055
15 0.9342723004694836 0.5012507817385866 0.13145539906103287 0.16072545340838024
5 0.9375586854460094 0.4002501563477173 0.12488262910798122 0.10006253908692933
5 0.9596244131455399 0.3339587242026266 0.08075117370892018 0.03877423389618512
5 0.9699530516431925 0.29299562226391496 0.06009389671361502 0.04940587867417136
5 0.9774647887323944 0.25265791119449654 0.04507042253521127 0.028767979987492184
5 0.9929577464788732 0.20919324577861162 0.014084507042253521 0.028142589118198873
5 0.9910798122065728 0.23233270794246405 0.01784037558685446 0.015634771732332707
10 0.5713615023474179 0.23983739837398374 0.038497652582159626 0.021888680425265792
