13 0.03595997498436523 0.8040413533834586 0.07066916823014384 0.17763157894736842
13 0.018449030644152594 0.6494360902255639 0.03564727954971857 0.10714285714285714
13 0.11382113821138211 0.6527255639097744 0.07379612257661038 0.09868421052631579
13 0.20106316447779862 0.6414473684210527 0.07066916823014384 0.10056390977443609
13 0.24577861163227016 0.5949248120300752 0.050031269543464665 0.08270676691729323
13 0.21544715447154472 0.5784774436090225 0.01813633520950594 0.05733082706766917
13 0.7048155096935584 0.6499060150375939 0.03627267041901188 0.14567669172932332
13 0.758599124452783 0.9168233082706767 0.075046904315197 0.16635338345864661
13 0.8542839274546592 0.8303571428571429 0.07754846779237023 0.21898496240601503
13 0.7717323327079425 0.7382518796992481 0.06128830519074421 0.1325187969924812
13 0.8330206378986866 0.7048872180451128 0.06128830519074421 0.11842105263157894
13 0.7970606629143214 0.6414473684210527 0.04065040650406504 0.08928571428571429
13 0.7579737335834896 0.6771616541353384 0.05628517823639775 0.1080827067669173
3 0.7126328955597249 0.8641917293233082 0.03564727954971857 0.17011278195488722
12 0.5853658536585366 0.6146616541353384 0.07754846779237023 0.19548872180451127
10 0.4377736085053158 0.5902255639097744 0.035021888680425266 0.06390977443609022
5 0.4996873045653533 0.6029135338345865 0.07129455909943715 0.1099624060150376
5 0.4446529080675422 0.6926691729323309 0.0675422138836773 0.15789473684210525
11 0.3339587242026266 0.8157894736842105 0.1801125703564728 0.36466165413533835
4 0.5972482801751094 0.8919172932330827 0.18761726078799248 0.2161654135338346
4 0.6297686053783614 0.7875939849624061 0.133833646028768 0.42293233082706766
5 0.7148217636022514 0.5803571428571429 0.05628517823639775 0.09304511278195489
5 0.01876172607879925 0.9473684210526315 0.032520325203252036 0.08270676691729323
5 0.22263914946841776 0.6968984962406015 0.11632270168855535 0.1212406015037594
13 0.014071294559099437 0.5874060150375939 0.02564102564102564 0.04887218045112782
13 0.008442776735459663 0.5549812030075187 0.015634771732332707 0.02913533834586466
13 0.015634771732332707 0.5234962406015038 0.023764853033145718 0.05075187969924812
13 0.0906816760475297 0.5225563909774437 0.025015634771732333 0.03195488721804511
13 0.11538461538461539 0.5220864661654135 0.021888680425265792 0.03477443609022556
13 0.13258286429018137 0.5122180451127819 0.023764853033145718 0.039473684210526314
13 0.09505941213258287 0.4849624060150376 0.0225140712945591 0.022556390977443608
13 0.15947467166979362 0.4868421052631579 0.023764853033145718 0.020676691729323307
13 0.1813633520950594 0.47462406015037595 0.021263289555972485 0.02443609022556391
13 0.2026266416510319 0.46851503759398494 0.023764853033145718 0.03289473684210526
13 0.22420262664165103 0.45347744360902253 0.021888680425265792 0.02537593984962406
13 0.12632895559724827 0.48120300751879697 0.01876172607879925 0.02443609022556391
15 0.20356472795497185 0.5084586466165414 0.09318323952470293 0.04887218045112782
7 0.11507191994996874 0.5798872180451128 0.1275797373358349 0.07706766917293233
7 0.1951219512195122 0.5465225563909775 0.10756722951844903 0.08928571428571429
17 0.35021888680425267 0.5 0.03877423389618512 0.06390977443609022
7 0.37492182614133834 0.4506578947368421 0.04440275171982489 0.046052631578947366
9 0.3730456535334584 0.5474624060150376 0.07317073170731707 0.09868421052631579
15 0.2442151344590369 0.49154135338345867 0.04940587867417136 0.06203007518796992
5 0.3220762976860538 0.45958646616541354 0.05128205128205128 0.046992481203007516
13 0.19637273295809882 0.4393796992481203 0.017510944340212633 0.02537593984962406
13 0.21951219512195122 0.43374060150375937 0.016260162601626018 0.014097744360902255
13 0.23858661663539713 0.42716165413533835 0.01938711694809256 0.023496240601503758
13 0.2501563477173233 0.44548872180451127 0.021263289555972485 0.02443609022556391
13 0.29111944965603503 0.4398496240601504 0.015634771732332707 0.02443609022556391
13 0.27298311444652906 0.43280075187969924 0.011882426516572859 0.023496240601503758
13 0.2973733583489681 0.4201127819548872 0.023139462163852407 0.03007518796992481
13 0.33270794246404 0.41870300751879697 0.020012507817385866 0.03477443609022556
13 0.3505315822388993 0.4130639097744361 0.013133208255159476 0.02537593984962406
13 0.3236397748592871 0.40977443609022557 0.01813633520950594 0.03759398496240601
13 0.16760475297060662 0.4633458646616541 0.016260162601626018 0.02443609022556391
10 0.3133208255159475 0.4149436090225564 0.010006253908692933 0.02913533834586466
1 0.42995622263914945 0.47650375939849626 0.05565978736710444 0.05451127819548872
10 0.4634146341463415 0.44031954887218044 0.016260162601626018 0.040413533834586464
13 0.4161976235146967 0.43045112781954886 0.021888680425265792 0.03759398496240601
13 0.4449656035021889 0.41541353383458646 0.016885553470919325 0.03759398496240601
13 0.474671669793621 0.399906015037594 0.016260162601626018 0.02913533834586466
5 0.3689806128830519 0.4257518796992481 0.03377110694183865 0.020676691729323307
5 0.3968105065666041 0.4168233082706767 0.03189493433395872 0.02913533834586466
5 0.42276422764227645 0.40460526315789475 0.027517198248905566 0.02913533834586466
5 0.43683552220137584 0.3942669172932331 0.021888680425265792 0.02725563909774436
5 0.4540337711069418 0.3881578947368421 0.0300187617260788 0.03007518796992481
13 0.39337085678549094 0.3919172932330827 0.013758599124452783 0.018796992481203006
13 0.4083802376485303 0.387687969924812 0.012507817385866166 0.019736842105263157
11 0.40556597873671046 0.37030075187969924 0.016885553470919325 0.020676691729323307
13 0.42808005003126953 0.37453007518796994 0.011882426516572859 0.015977443609022556
13 0.47373358348968103 0.35902255639097747 0.011882426516572859 0.016917293233082706
13 0.490931832395247 0.3524436090225564 0.010006253908692933 0.016917293233082706
17 0.49468417761100686 0.424812030075188 0.02626641651031895 0.03383458646616541
5 0.5134459036898061 0.3994360902255639 0.035021888680425266 0.02819548872180451
5 0.5031269543464666 0.36278195488721804 0.016885553470919325 0.020676691729323307
5 0.5556597873671044 0.43280075187969924 0.030644152595372107 0.044172932330827065
5 0.5637898686679175 0.41400375939849626 0.023139462163852407 0.02913533834586466
4 0.5963101938711695 0.475093984962406 0.060662914321450906 0.13815789473684212
5 0.6357098186366479 0.47227443609022557 0.029393370856785492 0.05921052631578947
10 0.6732332707942464 0.49154135338345867 0.015634771732332707 0.05827067669172932
5 0.6560350218886805 0.4450187969924812 0.028767979987492184 0.042293233082706765
5 0.6269543464665416 0.42622180451127817 0.024390243902439025 0.03477443609022556
5 0.6525953721075672 0.42199248120300753 0.023139462163852407 0.02819548872180451
5 0.6438398999374609 0.41212406015037595 0.02564102564102564 0.03477443609022556
13 0.7901813633520951 0.581296992481203 0.03689806128830519 0.07236842105263158
13 0.7842401500938087 0.5380639097744361 0.0375234521575985 0.07800751879699248
3 0.9765478424015009 0.8646616541353384 0.03564727954971857 0.12030075187969924
3 0.9609130706691682 0.8031015037593985 0.07817385866166354 0.08928571428571429
13 0.8589743589743589 0.6156015037593985 0.041901188242651655 0.07518796992481203
13 0.8480300187617261 0.5794172932330827 0.03877423389618512 0.08364661654135339
13 0.9071294559099438 0.5841165413533834 0.05065666041275797 0.08740601503759399
13 0.9577861163227017 0.5625 0.041901188242651655 0.08176691729323309
13 0.9912445278298937 0.5545112781954887 0.017510944340212633 0.07894736842105263
13 0.7626641651031895 0.4981203007518797 0.04065040650406504 0.06390977443609022
13 0.7345215759849906 0.4633458646616541 0.02689180737961226 0.02443609022556391
13 0.8051907442151345 0.47979323308270677 0.021888680425265792 0.03289473684210526
5 0.8505315822388994 0.5216165413533834 0.11006879299562226 0.06203007518796992
12 0.9496560350218887 0.4967105263157895 0.10068792995622264 0.09116541353383459
13 0.9856160100062539 0.45723684210526316 0.0225140712945591 0.02725563909774436
17 0.8958724202626641 0.487312030075188 0.016885553470919325 0.05357142857142857
17 0.7229518449030644 0.5070488721804511 0.05753595997498437 0.06672932330827068
13 0.6873045653533458 0.4375 0.01876172607879925 0.03289473684210526
5 0.7448405253283302 0.46099624060150374 0.043777360850531584 0.042293233082706765
5 0.7257661038148843 0.43609022556390975 0.029393370856785492 0.02819548872180451
5 0.7157598499061913 0.42105263157894735 0.028142589118198873 0.02631578947368421
13 0.6898061288305191 0.41729323308270677 0.0150093808630394 0.020676691729323307
13 0.6747967479674797 0.4116541353383459 0.012507817385866166 0.03195488721804511
17 0.6466541588492808 0.387687969924812 0.012507817385866166 0.015977443609022556
17 0.632895559724828 0.3890977443609023 0.013758599124452783 0.015037593984962405
7 0.6307066916823014 0.37030075187969924 0.015634771732332707 0.013157894736842105
4 0.5800500312695435 0.38110902255639095 0.02564102564102564 0.03853383458646616
5 0.6325828642901814 0.3468045112781955 0.011882426516572859 0.020676691729323307
7 0.6504065040650406 0.34210526315789475 0.012507817385866166 0.020676691729323307
5 0.6172607879924953 0.35103383458646614 0.008755472170106316 0.017857142857142856
4 0.6444652908067542 0.32471804511278196 0.013133208255159476 0.014097744360902255
4 0.6278924327704816 0.32048872180451127 0.0150093808630394 0.015037593984962405
5 0.6716697936210131 0.3580827067669173 0.016260162601626018 0.016917293233082706
5 0.6144465290806754 0.3858082706766917 0.01813633520950594 0.019736842105263157
5 0.5703564727954972 0.337406015037594 0.013758599124452783 0.016917293233082706
5 0.5522201375859912 0.33035714285714285 0.012507817385866166 0.015977443609022556
13 0.3814884302689181 0.39379699248120303 0.012507817385866166 0.02631578947368421
5 0.4631019387116948 0.42857142857142855 0.03814884302689181 0.039473684210526314
