17 0.9368355222013759 0.8994360902255639 0.12132582864290181 0.20112781954887218
5 0.7123202001250781 0.6329887218045113 0.13133208255159476 0.1193609022556391
13 0.4265165728580363 0.9539473684210527 0.08505315822388994 0.09210526315789473
13 0.3252032520325203 0.918703007518797 0.0975609756097561 0.162593984962406
13 0.20075046904315197 0.9262218045112782 0.09881175734834272 0.1475563909774436
13 0.11038148843026892 0.8712406015037594 0.11069418386491557 0.19736842105263158
13 0.06128830519074421 0.7814849624060151 0.11882426516572858 0.17199248120300753
13 0.22826766729205752 0.8284774436090225 0.18261413383364603 0.20206766917293234
13 0.16385240775484677 0.7349624060150376 0.06128830519074421 0.12781954887218044
13 0.058161350844277676 0.6334586466165414 0.0675422138836773 0.13533834586466165
13 0.10600375234521577 0.581766917293233 0.04815509693558474 0.11278195488721804
13 0.5659787367104441 0.6010338345864662 0.058786741713570984 0.1231203007518797
13 0.43746091307066914 0.35855263157894735 0.024390243902439025 0.047932330827067667
7 0.37398373983739835 0.6776315789473685 0.11882426516572858 0.20488721804511278
7 0.4052532833020638 0.6207706766917294 0.07879924953095685 0.13063909774436092
7 0.42464040025015637 0.6094924812030075 0.08505315822388994 0.14943609022556392
7 0.6147592245153221 0.5018796992481203 0.07379612257661038 0.12406015037593984
7 0.8549093183239524 0.4633458646616541 0.10256410256410256 0.09022556390977443
11 0.925891181988743 0.6292293233082706 0.14821763602251406 0.25845864661654133
4 0.6891807379612258 0.39708646616541354 0.10881801125703565 0.106203007518797
13 0.023764853033145718 0.5733082706766918 0.046278924327704814 0.11090225563909774
13 0.08005003126954346 0.5328947368421053 0.035021888680425266 0.06766917293233082
13 0.19074421513445905 0.7034774436090225 0.07379612257661038 0.18327067669172933
13 0.26297686053783614 0.6179511278195489 0.04440275171982489 0.16447368421052633
13 0.17073170731707318 0.6118421052631579 0.0525328330206379 0.11654135338345864
13 0.1541588492808005 0.6043233082706767 0.05065666041275797 0.15225563909774437
13 0.19199499687304566 0.5413533834586466 0.04127579737335835 0.09774436090225563
13 0.23514696685428393 0.5695488721804511 0.035021888680425266 0.11090225563909774
13 0.24577861163227016 0.5140977443609023 0.03877423389618512 0.05263157894736842
13 0.06035021888680425 0.518796992481203 0.03689806128830519 0.08834586466165413
13 0.15322076297686055 0.4981203007518797 0.047529706066291436 0.08458646616541353
13 0.11882426516572858 0.47603383458646614 0.035021888680425266 0.06672932330827068
13 0.11726078799249531 0.4224624060150376 0.024390243902439025 0.03853383458646616
13 0.16791744840525327 0.44219924812030076 0.03439649781113196 0.07800751879699248
13 0.14884302689180737 0.42199248120300753 0.0300187617260788 0.07142857142857142
13 0.20950594121325827 0.4633458646616541 0.03877423389618512 0.08082706766917293
13 0.22138836772983114 0.43796992481203006 0.028767979987492184 0.07706766917293233
13 0.2604752970606629 0.49154135338345867 0.030644152595372107 0.05263157894736842
13 0.2632895559724828 0.46099624060150374 0.028767979987492184 0.02537593984962406
13 0.27986241400875544 0.4591165413533835 0.03564727954971857 0.07236842105263158
13 0.2811131957473421 0.4149436090225564 0.024390243902439025 0.03477443609022556
13 0.19324577861163228 0.4031954887218045 0.0225140712945591 0.05451127819548872
13 0.19480925578486555 0.37030075187969924 0.021888680425265792 0.016917293233082706
13 0.30237648530331457 0.39144736842105265 0.02689180737961226 0.05921052631578947
13 0.29018136335209505 0.36654135338345867 0.0225140712945591 0.05451127819548872
13 0.2795497185741088 0.35103383458646614 0.021263289555972485 0.04981203007518797
13 0.3198874296435272 0.28712406015037595 0.013133208255159476 0.03477443609022556
13 0.2776735459662289 0.30216165413533835 0.0150093808630394 0.03101503759398496
11 0.2551594746716698 0.31860902255639095 0.031269543464665414 0.046992481203007516
12 0.31019387116948094 0.27020676691729323 0.0225140712945591 0.03101503759398496
15 0.34709193245778613 0.5502819548872181 0.07129455909943715 0.06484962406015038
5 0.35021888680425267 0.519266917293233 0.07254534083802376 0.042293233082706765
5 0.342714196372733 0.48543233082706766 0.06378986866791744 0.08176691729323309
5 0.4018136335209506 0.42199248120300753 0.04690431519699812 0.06766917293233082
5 0.34709193245778613 0.4375 0.058786741713570984 0.03853383458646616
5 0.34615384615384615 0.40366541353383456 0.04440275171982489 0.042293233082706765
5 0.3486554096310194 0.3782894736842105 0.039399624765478425 0.03477443609022556
5 0.35522201375859913 0.36137218045112784 0.03377110694183865 0.03853383458646616
5 0.3530331457160725 0.34116541353383456 0.030644152595372107 0.022556390977443608
5 0.3533458411507192 0.32847744360902253 0.028767979987492184 0.021616541353383457
11 0.3874296435272045 0.33129699248120303 0.02689180737961226 0.04981203007518797
5 0.40368980612883054 0.31296992481203006 0.013133208255159476 0.02631578947368421
5 0.3599124452782989 0.31719924812030076 0.024390243902439025 0.017857142857142856
5 0.358974358974359 0.3059210526315789 0.021263289555972485 0.012218045112781954
5 0.3608505315822389 0.2955827067669173 0.0150093808630394 0.006578947368421052
5 0.36647904940587867 0.29605263157894735 0.01876172607879925 0.020676691729323307
5 0.3908692933083177 0.29370300751879697 0.0225140712945591 0.023496240601503758
5 0.36460287679799874 0.28383458646616544 0.017510944340212633 0.009398496240601503
5 0.36804252657911196 0.27960526315789475 0.016885553470919325 0.012218045112781954
5 0.36741713570981865 0.2716165413533835 0.015634771732332707 0.013157894736842105
5 0.36866791744840527 0.2669172932330827 0.015634771732332707 0.009398496240601503
5 0.36866791744840527 0.2598684210526316 0.01813633520950594 0.014097744360902255
13 0.3452157598499062 0.26879699248120303 0.010006253908692933 0.02631578947368421
13 0.32989368355222015 0.26644736842105265 0.010631644777986242 0.023496240601503758
13 0.41369606003752346 0.24765037593984962 0.009380863039399626 0.023496240601503758
13 0.3955597248280175 0.26550751879699247 0.010631644777986242 0.023496240601503758
13 0.3861788617886179 0.26127819548872183 0.009380863039399626 0.020676691729323307
13 0.35616010006253906 0.2462406015037594 0.0068792995622263915 0.013157894736842105
13 0.4068167604752971 0.24530075187969924 0.0068792995622263915 0.018796992481203006
7 0.40275171982489055 0.22462406015037595 0.01125703564727955 0.020676691729323307
13 0.350844277673546 0.24013157894736842 0.006253908692933083 0.014097744360902255
9 0.42245153220762977 0.2199248120300752 0.0068792995622263915 0.015037593984962405
4 0.4324577861163227 0.23261278195488722 0.015634771732332707 0.02725563909774436
17 0.44027517198248906 0.2424812030075188 0.008755472170106316 0.011278195488721804
5 0.43902439024390244 0.2598684210526316 0.013758599124452783 0.017857142857142856
9 0.3433395872420263 0.22932330827067668 0.01125703564727955 0.015037593984962405
13 0.9459036898061288 0.46851503759398494 0.056910569105691054 0.06484962406015038
13 0.9812382739212008 0.4619360902255639 0.035021888680425266 0.06484962406015038
13 0.9208880550343965 0.43656015037593987 0.023139462163852407 0.03289473684210526
13 0.8921200750469043 0.43656015037593987 0.03564727954971857 0.03665413533834586
5 0.9246404002501564 0.42387218045112784 0.054409005628517824 0.03383458646616541
10 0.797373358348968 0.4398496240601504 0.01876172607879925 0.03007518796992481
17 0.8017510944340213 0.4483082706766917 0.008755472170106316 0.06578947368421052
5 0.7651657285803627 0.43609022556390975 0.04440275171982489 0.06203007518796992
5 0.8486554096310194 0.40648496240601506 0.05128205128205128 0.03665413533834586
5 0.8101938711694809 0.38627819548872183 0.03564727954971857 0.03759398496240601
4 0.7617260787992496 0.38298872180451127 0.0525328330206379 0.08364661654135339
4 0.7354596622889306 0.34633458646616544 0.09380863039399624 0.05733082706766917
5 0.6313320825515948 0.3933270676691729 0.01813633520950594 0.03289473684210526
5 0.593183239524703 0.37359022556390975 0.039399624765478425 0.044172932330827065
5 0.5781738586616635 0.3444548872180451 0.02689180737961226 0.023496240601503758
5 0.6241400875547217 0.29887218045112784 0.021263289555972485 0.02443609022556391
12 0.6063164477798624 0.3350563909774436 0.03189493433395872 0.07048872180451128
4 0.5450281425891182 0.2974624060150376 0.05190744215134459 0.06109022556390977
13 0.5844277673545967 0.3016917293233083 0.013133208255159476 0.03383458646616541
5 0.6444652908067542 0.325187969924812 0.030644152595372107 0.03383458646616541
4 0.5109443402126329 0.27537593984962405 0.023764853033145718 0.03759398496240601
5 0.5309568480300187 0.2518796992481203 0.013758599124452783 0.018796992481203006
13 0.42808005003126953 0.29605263157894735 0.013133208255159476 0.03383458646616541
13 0.2948717948717949 0.28101503759398494 0.023139462163852407 0.022556390977443608
5 0.8114446529080676 0.5629699248120301 0.08067542213883677 0.10338345864661654
5 0.7514071294559099 0.4816729323308271 0.07942464040025016 0.07236842105263158
10 0.6910569105691057 0.47462406015037595 0.021263289555972485 0.03383458646616541
