5 0.04387990762124711 0.29988465974625145 0.08622016936104696 0.06228373702422145
5 0.11624326404926867 0.3004613610149942 0.06466512702078522 0.04728950403690888
5 0.19438029253271746 0.2722029988465975 0.054657428791377985 0.03229527104959631
11 0.11508852963818322 0.27162629757785467 0.08545034642032333 0.05651672433679354
5 0.21478060046189376 0.2946943483275663 0.08314087759815242 0.049596309111880045
11 0.34757505773672054 0.28143021914648214 0.0731331793687452 0.06920415224913495
17 0.40877598152424943 0.29296424452133796 0.044649730561970746 0.04152249134948097
11 0.45535026943802925 0.2808535178777393 0.05157813702848345 0.05190311418685121
5 0.48614318706697457 0.2918108419838524 0.06235565819861432 0.0392156862745098
5 0.5484988452655889 0.29238754325259514 0.057736720554272515 0.03344867358708189
17 0.569284064665127 0.27566320645905423 0.026943802925327175 0.01384083044982699
17 0.5977675134719015 0.276239907727797 0.02386451116243264 0.014994232987312572
5 0.6166281755196305 0.290080738177624 0.05234795996920708 0.02883506343713956
14 0.6528098537336413 0.2906574394463668 0.013856812933025405 0.02768166089965398
5 0.670130869899923 0.2877739331026528 0.03002309468822171 0.0265282583621684
14 0.6959199384141648 0.28719723183391005 0.015396458814472672 0.025374855824682813
9 0.6481909160892995 0.27393310265282583 0.03695150115473441 0.02191464821222607
17 0.7082371054657429 0.2837370242214533 0.015396458814472672 0.029988465974625143
17 0.7205542725173211 0.2820069204152249 0.018475750577367205 0.02883506343713956
17 0.7405696689761355 0.28431372549019607 0.018475750577367205 0.0265282583621684
17 0.7582755966127791 0.2831603229527105 0.020015396458814474 0.02883506343713956
9 0.7047729022324866 0.26701268742791234 0.03464203233256351 0.014994232987312572
4 0.7990762124711316 0.27450980392156865 0.04157043879907621 0.03690888119953864
4 0.848729792147806 0.2687427912341407 0.025404157043879907 0.020761245674740483
5 0.7351809083910701 0.2606689734717416 0.016936104695919937 0.00922722029988466
5 0.3960739030023095 0.4544405997693195 0.05003849114703618 0.02768166089965398
10 0.4457274826789838 0.43656286043829295 0.015396458814472672 0.0196078431372549
5 0.4253271747498075 0.4728950403690888 0.04695919938414165 0.025374855824682813
10 0.5411855273287144 0.4348327566320646 0.013856812933025405 0.025374855824682813
10 0.5477290223248653 0.41522491349480967 0.011547344110854504 0.020761245674740483
17 0.5665896843725943 0.4348327566320646 0.020015396458814474 0.02306805074971165
5 0.5623556581986143 0.4596309111880046 0.037721324095458045 0.031141868512110725
5 0.5981524249422633 0.41637831603229525 0.016936104695919937 0.02306805074971165
17 0.6893764434180139 0.40253748558246827 0.014626635873749037 0.01845444059976932
5 0.6697459584295612 0.4140715109573241 0.012317167051578136 0.020761245674740483
17 0.687066974595843 0.39158016147635527 0.014626635873749037 0.0196078431372549
4 0.6924557351809084 0.3679354094579008 0.033102386451116246 0.03690888119953864
10 0.7197844495765974 0.3460207612456747 0.01077752117013087 0.01845444059976932
15 0.8025404157043879 0.3373702422145329 0.011547344110854504 0.0265282583621684
4 0.1397228637413395 0.751441753171857 0.18706697459584296 0.16032295271049596
4 0.3329484218629715 0.6043829296424452 0.17013086989992302 0.1637831603229527
10 0.12086220169361046 0.9602076124567474 0.05696689761354888 0.07958477508650519
5 0.2040030792917629 0.9279123414071511 0.1447267128560431 0.14186851211072665
10 0.29946112394149343 0.9602076124567474 0.03541185527328714 0.049596309111880045
17 0.3102386451116243 0.8304498269896193 0.06774441878367975 0.0922722029988466
5 0.4103156274056967 0.8708189158016147 0.09237875288683603 0.11995386389850057
5 0.3814472671285604 0.7750865051903114 0.08852963818321787 0.10841983852364476
4 0.4414934565050038 0.8996539792387543 0.25635103926096997 0.20069204152249134
5 0.5396458814472671 0.78719723183391 0.06620477290223249 0.07497116493656286
5 0.4541955350269438 0.698961937716263 0.07698229407236336 0.05074971164936563
9 0.472671285604311 0.765282583621684 0.08314087759815242 0.1118800461361015
17 0.544264819091609 0.6799307958477508 0.04157043879907621 0.0657439446366782
17 0.5561970746728252 0.7283737024221453 0.04541955350269438 0.06113033448673587
5 0.5431100846805235 0.6332179930795848 0.056197074672825253 0.05997693194925029
5 0.619707467282525 0.8713956170703575 0.06774441878367975 0.13264129181084197
5 0.5973826020015397 0.6776239907727797 0.06004618937644342 0.058823529411764705
5 0.6123941493456505 0.7416378316032295 0.06543494996150885 0.09688581314878893
5 0.5808314087759815 0.5980392156862745 0.054657428791377985 0.05190311418685121
17 0.6447267128560431 0.643598615916955 0.033102386451116246 0.06228373702422145
11 0.6247113163972287 0.5974625144175317 0.06081601231716705 0.1061130334486736
17 0.7909930715935335 0.6407151095732411 0.01770592763664357 0.04728950403690888
17 0.674364896073903 0.5115340253748558 0.02155504234026174 0.02191464821222607
4 0.7124711316397229 0.6949250288350635 0.13471901462663588 0.22722029988465975
4 0.7174749807544265 0.5870818915801614 0.1031562740569669 0.14302191464821223
11 0.6862971516551193 0.5542099192618224 0.059276366435719784 0.08881199538638986
7 0.724788298691301 0.49480968858131485 0.036181678214010776 0.04152249134948097
7 0.7933025404157044 0.4602076124567474 0.026943802925327175 0.03229527104959631
7 0.8929946112394149 0.4359861591695502 0.012317167051578136 0.03229527104959631
7 0.7844495765973826 0.5622837370242214 0.03233256351039261 0.06113033448673587
4 0.8198614318706697 0.5720876585928489 0.08314087759815242 0.1314878892733564
4 0.8367975365665897 0.4671280276816609 0.029253271747498075 0.06689734717416378
5 0.7517321016166282 0.486159169550173 0.02386451116243264 0.03344867358708189
17 0.8060046189376443 0.4809688581314879 0.015396458814472672 0.02768166089965398
17 0.8140877598152425 0.49653979238754326 0.01924557351809084 0.02191464821222607
17 0.7655889145496536 0.47116493656286046 0.01770592763664357 0.02422145328719723
5 0.6589684372594303 0.544405997693195 0.02771362586605081 0.04152249134948097
18 0.7694380292532718 0.4411764705882353 0.053117782909930716 0.058823529411764705
18 0.8722093918398768 0.43829296424452135 0.03233256351039261 0.06228373702422145
5 0.8079291762894534 0.5213379469434832 0.026943802925327175 0.03229527104959631
17 0.8179368745188607 0.41637831603229525 0.01308698999230177 0.025374855824682813
4 0.792147806004619 0.4031141868512111 0.04772902232486528 0.05651672433679354
4 0.8972286374133949 0.36389850057670126 0.01924557351809084 0.04267589388696655
5 0.8629715165511932 0.3881199538638985 0.012317167051578136 0.0196078431372549
9 0.8406466512702079 0.40657439446366783 0.02155504234026174 0.0265282583621684
5 0.9203233256351039 0.356401384083045 0.010007698229407237 0.01845444059976932
5 0.8618167821401078 0.3662053056516724 0.01770592763664357 0.01730103806228374
15 0.8976135488837568 0.41061130334486734 0.020015396458814474 0.02306805074971165
5 0.9064665127020786 0.33794694348327564 0.010007698229407237 0.01384083044982699
5 0.8814472671285605 0.35121107266435986 0.013856812933025405 0.01730103806228374
4 0.871824480369515 0.26412918108419836 0.020785219399538105 0.020761245674740483
5 0.7652040030792918 0.2606689734717416 0.018475750577367205 0.011534025374855825
