10 0.012702078521939953 0.9491329479768786 0.02386451116243264 0.06705202312138728
5 0.09969207082371055 0.9635838150289018 0.09776751347190146 0.07052023121387284
5 0.5038491147036182 0.8872832369942196 0.053117782909930716 0.07052023121387284
5 0.5423402617397999 0.9647398843930636 0.06389530408006158 0.07052023121387284
5 0.5769822940723633 0.8589595375722543 0.04080061585835258 0.06705202312138728
5 0.6289453425712086 0.7300578034682081 0.012317167051578136 0.019653179190751446
5 0.5935334872979214 0.7473988439306358 0.016936104695919937 0.021965317919075144
5 0.5800615858352579 0.7589595375722543 0.01308698999230177 0.024277456647398842
5 0.6081601231716706 0.7317919075144509 0.013856812933025405 0.018497109826589597
5 0.6158583525789069 0.7213872832369942 0.012317167051578136 0.016184971098265895
5 0.6012317167051578 0.7248554913294798 0.012317167051578136 0.018497109826589597
15 0.5816012317167052 0.7369942196531792 0.014626635873749037 0.017341040462427744
17 0.5981524249422633 0.8098265895953757 0.018475750577367205 0.04046242774566474
17 0.6204772902232486 0.8393063583815029 0.02617397998460354 0.048554913294797684
17 0.6016166281755196 0.7653179190751445 0.01770592763664357 0.027745664739884393
17 0.6277906081601232 0.7606936416184971 0.016166281755196306 0.027745664739884393
13 0.7852193995381063 0.9728323699421966 0.03387220939183987 0.05433526011560694
13 0.7055427251732102 0.8872832369942196 0.026943802925327175 0.07514450867052024
13 0.7236335642802155 0.8635838150289017 0.023094688221709007 0.057803468208092484
13 0.716320246343341 0.8346820809248555 0.016166281755196306 0.018497109826589597
5 0.7494226327944573 0.9283236994219654 0.06081601231716705 0.08786127167630058
5 0.7136258660508084 0.8167630057803468 0.03233256351039261 0.04508670520231214
13 0.6608929946112394 0.7260115606936416 0.010007698229407237 0.011560693641618497
13 0.6585835257890685 0.738728323699422 0.010007698229407237 0.018497109826589597
9 0.6866820631254812 0.7179190751445087 0.020015396458814474 0.020809248554913295
5 0.6339491916859122 0.6982658959537572 0.006928406466512702 0.009248554913294798
4 0.6231716705157814 0.6947976878612717 0.010007698229407237 0.023121387283236993
4 0.6505003849114703 0.7092485549132947 0.01077752117013087 0.019653179190751446
17 0.5892994611239415 0.7254335260115607 0.010007698229407237 0.015028901734104046
17 0.6004618937644342 0.706936416184971 0.009237875288683603 0.012716763005780347
5 0.6096997690531177 0.7121387283236994 0.01077752117013087 0.011560693641618497
4 0.5619707467282525 0.7809248554913295 0.04003079291762895 0.07052023121387284
