17 0.08814472671285604 0.4005780346820809 0.036181678214010776 0.06127167630057803
13 0.07775211701308699 0.34739884393063586 0.030792917628945343 0.03815028901734104
13 0.04541955350269438 0.3225433526011561 0.03387220939183987 0.05086705202312139
13 0.10585065434949961 0.20635838150289018 0.03002309468822171 0.047398843930635835
13 0.11816782140107775 0.18670520231213872 0.03002309468822171 0.047398843930635835
5 0.0800615858352579 0.9861271676300578 0.06004618937644342 0.027745664739884393
10 0.04195535026943803 0.7005780346820809 0.05003849114703618 0.046242774566473986
15 0.10969976905311778 0.1254335260115607 0.05003849114703618 0.05433526011560694
4 0.016166281755196306 0.01676300578034682 0.029253271747498075 0.03121387283236994
4 0.056197074672825253 0.01676300578034682 0.044649730561970746 0.03121387283236994
4 0.12124711316397228 0.03815028901734104 0.08852963818321787 0.07398843930635839
4 0.17359507313317937 0.11791907514450867 0.09314857582755966 0.09710982658959537
4 0.18976135488837567 0.09248554913294797 0.07929176289453425 0.09248554913294797
4 0.2705927636643572 0.1283236994219653 0.09776751347190146 0.13641618497109825
4 0.38799076212471134 0.1976878612716763 0.1308698999230177 0.12023121387283237
10 0.37336412625096227 0.2508670520231214 0.024634334103156273 0.03468208092485549
11 0.33410315627405696 0.22832369942196531 0.06004618937644342 0.056647398843930635
11 0.2548113933795227 0.20982658959537573 0.07390300230946882 0.06589595375722543
11 0.1951501154734411 0.18670520231213872 0.054657428791377985 0.06127167630057803
17 0.4638183217859892 0.18265895953757225 0.03002309468822171 0.03005780346820809
13 0.47344110854503463 0.21213872832369943 0.03695150115473441 0.03815028901734104
18 0.5265588914549654 0.18959537572254334 0.06620477290223249 0.046242774566473986
17 0.636643571978445 0.2398843930635838 0.030792917628945343 0.04971098265895954
4 0.6243264049268669 0.19190751445086704 0.10469591993841416 0.09710982658959537
13 0.6978444957659738 0.0815028901734104 0.016166281755196306 0.03352601156069364
17 0.7378752886836027 0.1023121387283237 0.022324865280985373 0.035838150289017344
4 0.7555812163202463 0.05317919075144509 0.054657428791377985 0.08092485549132948
5 0.7628945342571208 0.01676300578034682 0.024634334103156273 0.024277456647398842
4 0.546189376443418 0.2583815028901734 0.12548113933795227 0.08208092485549133
13 0.5731331793687452 0.3069364161849711 0.03464203233256351 0.04508670520231214
5 0.44072363356428024 0.3213872832369942 0.05157813702848345 0.03699421965317919
13 0.4214780600461894 0.3560693641618497 0.037721324095458045 0.03699421965317919
13 0.4649730561970747 0.35491329479768785 0.04311008468052348 0.046242774566473986
13 0.45496535796766746 0.4069364161849711 0.03541185527328714 0.057803468208092484
13 0.4107005388760585 0.3988439306358382 0.022324865280985373 0.03930635838150289
13 0.3903002309468822 0.4005780346820809 0.02155504234026174 0.04508670520231214
13 0.3833718244803695 0.4375722543352601 0.02617397998460354 0.058959537572254334
13 0.4110854503464203 0.4346820809248555 0.024634334103156273 0.046242774566473986
10 0.15511932255581215 0.6028901734104046 0.04541955350269438 0.047398843930635835
10 0.20515781370284836 0.5820809248554913 0.020785219399538105 0.06127167630057803
10 0.2559661277906082 0.8098265895953757 0.042340261739799843 0.05202312138728324
10 0.35142417244033874 0.8121387283236994 0.04387990762124711 0.04277456647398844
13 0.21439568899153194 0.7867052023121387 0.05003849114703618 0.10057803468208093
3 0.23056197074672824 0.7138728323699421 0.02386451116243264 0.058959537572254334
5 0.13394919168591224 0.36127167630057805 0.049268668206312545 0.07283236994219654
13 0.1762894534257121 0.3421965317919075 0.04157043879907621 0.05086705202312139
10 0.2178598922247883 0.32774566473988437 0.020015396458814474 0.03815028901734104
10 0.15088529638183218 0.41734104046242776 0.02771362586605081 0.03930635838150289
5 0.302540415704388 0.26936416184971096 0.061585835257890686 0.06242774566473988
4 0.31947652040030794 0.47167630057803467 0.12779060816012316 0.18728323699421964
13 0.42070823710546573 0.48323699421965316 0.03156274056966898 0.06011560693641618
10 0.44842186297151654 0.48265895953757226 0.020785219399538105 0.04046242774566474
17 0.4884526558891455 0.45606936416184973 0.04387990762124711 0.06820809248554913
13 0.4792147806004619 0.523121387283237 0.042340261739799843 0.06358381502890173
10 0.5073133179368745 0.32774566473988437 0.03233256351039261 0.04277456647398844
15 0.5300230946882217 0.4393063583815029 0.07621247113163972 0.08786127167630058
5 0.44957659738260203 0.5895953757225434 0.0800615858352579 0.09710982658959537
15 0.371824480369515 0.653757225433526 0.07082371054657428 0.10982658959537572
13 0.4657428791377983 0.669364161849711 0.046189376443418015 0.07398843930635839
5 0.306774441878368 0.730635838150289 0.06235565819861432 0.14335260115606938
13 0.302540415704388 0.846820809248555 0.06312548113933796 0.06358381502890173
13 0.33987682832948424 0.8861271676300578 0.042340261739799843 0.09132947976878612
13 0.38375673595073134 0.8705202312138728 0.04849884526558892 0.08092485549132948
13 0.3622016936104696 0.969364161849711 0.06543494996150885 0.058959537572254334
13 0.4253271747498075 0.9248554913294798 0.05003849114703618 0.08786127167630058
13 0.45496535796766746 0.823121387283237 0.05542725173210162 0.08786127167630058
13 0.5150115473441108 0.86878612716763 0.06004618937644342 0.07745664739884393
13 0.4749807544264819 0.969364161849711 0.06004618937644342 0.06127167630057803
13 0.5892994611239415 0.922543352601156 0.059276366435719784 0.08786127167630058
13 0.6216320246343341 0.9763005780346821 0.06235565819861432 0.047398843930635835
4 0.6035411855273287 0.8450867052023121 0.20015396458814472 0.27976878612716766
17 0.5781370284834488 0.7190751445086705 0.05388760585065435 0.06936416184971098
5 0.5969976905311778 0.6658959537572254 0.08852963818321787 0.10173410404624278
5 0.5365665896843725 0.5317919075144508 0.0800615858352579 0.09248554913294797
13 0.5242494226327945 0.5716763005780346 0.049268668206312545 0.06589595375722543
10 0.5400307929176289 0.638728323699422 0.025404157043879907 0.058959537572254334
17 0.6073903002309469 0.5855491329479768 0.049268668206312545 0.07745664739884393
11 0.6181678214010777 0.5404624277456648 0.09853733641262509 0.1260115606936416
4 0.8260200153964589 0.8722543352601156 0.2540415704387991 0.25549132947976877
13 0.6943802925327175 0.6826589595375723 0.049268668206312545 0.06127167630057803
5 0.8148575827559661 0.7167630057803468 0.09314857582755966 0.11098265895953757
5 0.8468052347959969 0.6826589595375723 0.09853733641262509 0.12138728323699421
13 0.8849114703618168 0.807514450867052 0.053117782909930716 0.07745664739884393
4 0.775211701308699 0.3213872832369942 0.09853733641262509 0.15722543352601157
4 0.8641262509622787 0.1838150289017341 0.07621247113163972 0.15028901734104047
4 0.7467282525019245 0.18728323699421964 0.06774441878367975 0.13641618497109825
4 0.6778290993071594 0.28208092485549136 0.09776751347190146 0.15722543352601157
11 0.7240184757505773 0.3265895953757225 0.057736720554272515 0.08901734104046242
4 0.8033102386451116 0.19884393063583816 0.06851424172440339 0.10635838150289018
4 0.9191685912240185 0.10520231213872833 0.04772902232486528 0.10404624277456648
4 0.8190916089299461 0.06994219653179191 0.061585835257890686 0.10057803468208093
4 0.8903002309468823 0.03930635838150289 0.05003849114703618 0.07630057803468208
