4 0.09045419553502694 0.7529002320185615 0.17936874518860663 0.45707656612529
5 0.4953810623556582 0.9547563805104409 0.1562740569668976 0.09048723897911833
5 0.2921478060046189 0.8781902552204176 0.13933795227097767 0.1925754060324826
5 0.48075442648190914 0.8022041763341067 0.12240184757505773 0.16357308584686775
5 0.201693610469592 0.665893271461717 0.05850654349499615 0.14385150812064965
5 0.4973056197074673 0.6769141531322506 0.10161662817551963 0.12645011600928074
11 0.27713625866050806 0.7093967517401392 0.10007698229407236 0.1728538283062645
11 0.306774441878368 0.6479118329466357 0.09776751347190146 0.13109048723897912
11 0.20053887605850654 0.5580046403712297 0.07467282525019246 0.1136890951276102
5 0.3745188606620477 0.5922273781902552 0.08391070053887606 0.10092807424593968
17 0.481139337952271 0.5783062645011601 0.06774441878367975 0.08932714617169374
4 0.3483448806774442 0.47157772621809746 0.10546574287913779 0.16357308584686775
9 0.4865280985373364 0.5406032482598608 0.07852193995381063 0.11600928074245939
5 0.472671285604311 0.5127610208816705 0.06774441878367975 0.08584686774941995
11 0.23787528868360278 0.4837587006960557 0.07082371054657428 0.09744779582366589
5 0.4738260200153965 0.4605568445475638 0.06235565819861432 0.03480278422273782
11 0.25635103926096997 0.435614849187935 0.06312548113933796 0.08700696055684455
17 0.21632024634334104 0.4048723897911833 0.029253271747498075 0.08352668213457076
5 0.21170130869899922 0.32076566125290024 0.03541185527328714 0.04524361948955916
4 0.283679753656659 0.37470997679814383 0.10854503464203233 0.15777262180974477
19 0.3787528868360277 0.3845707656612529 0.06774441878367975 0.11716937354988399
5 0.45842956120092376 0.44779582366589327 0.057736720554272515 0.06728538283062645
15 0.4630484988452656 0.4077726218097448 0.06389530408006158 0.06380510440835267
4 0.3668206312548114 0.31496519721577726 0.06543494996150885 0.04060324825986079
5 0.4591993841416474 0.3625290023201856 0.04849884526558892 0.02668213457076566
4 0.29869130100076985 0.28364269141531323 0.06620477290223249 0.029002320185614848
11 0.4545804464973056 0.2703016241299304 0.05003849114703618 0.06960556844547564
4 0.376058506543495 0.19837587006960558 0.037721324095458045 0.05104408352668213
4 0.4103156274056967 0.1902552204176334 0.03541185527328714 0.04176334106728538
9 0.3826020015396459 0.24187935034802785 0.029253271747498075 0.022041763341067284
4 0.34141647421093146 0.228538283062645 0.04080061585835258 0.04176334106728538
11 0.8606620477290223 0.9338747099767981 0.18629715165511931 0.13225058004640372
9 0.8052347959969207 0.781322505800464 0.1462663587374904 0.20765661252900233
5 0.9087759815242494 0.7795823665893271 0.13933795227097767 0.19489559164733178
5 0.9672825250192456 0.7482598607888631 0.06543494996150885 0.16241299303944315
5 0.7282525019245574 0.6960556844547564 0.10469591993841416 0.14617169373549885
11 0.836027713625866 0.638631090487239 0.1308698999230177 0.11252900232018562
5 0.9330254041570438 0.6455916473317865 0.1077752117013087 0.10092807424593968
5 0.9699769053117783 0.5649651972157773 0.06004618937644342 0.11600928074245939
5 0.6805234795996921 0.5951276102088167 0.08929946112394149 0.08352668213457076
15 0.7859892224788299 0.5580046403712297 0.09083910700538876 0.11136890951276102
5 0.8922247882986913 0.5829466357308585 0.08929946112394149 0.06844547563805105
9 0.6601231716705158 0.525522041763341 0.09314857582755966 0.1136890951276102
5 0.7336412625096228 0.5301624129930395 0.06774441878367975 0.0951276102088167
5 0.8568129330254042 0.5435034802784223 0.08468052347959969 0.07308584686774942
5 0.8618167821401078 0.5052204176334106 0.08545034642032333 0.0777262180974478
9 0.7178598922247883 0.4617169373549884 0.0731331793687452 0.0765661252900232
15 0.8206312548113934 0.45591647331786544 0.07390300230946882 0.07424593967517401
15 0.6966897613548884 0.41589327146171695 0.050808314087759814 0.08236658932714618
9 0.7967667436489607 0.4280742459396752 0.06004618937644342 0.09280742459396751
5 0.7559661277906081 0.4037122969837587 0.03541185527328714 0.07192575406032482
19 0.6185527328714395 0.4332946635730858 0.04387990762124711 0.06612529002320186
5 0.6293302540415704 0.4791183294663573 0.057736720554272515 0.04408352668213457
5 0.5869899923017706 0.4048723897911833 0.04387990762124711 0.058004640371229696
5 0.6585835257890685 0.4095127610208817 0.03464203233256351 0.06496519721577726
4 0.657428791377983 0.34164733178654294 0.07852193995381063 0.11716937354988399
4 0.573518090839107 0.324245939675174 0.07082371054657428 0.0962877030162413
4 0.5681293302540416 0.20939675174013922 0.03849114703618168 0.06612529002320186
