4 0.687255859375 0.8004557291666666 0.16455078125 0.3951822916666667
5 0.456787109375 0.9261067708333334 0.12353515625 0.146484375
5 0.8427734375 0.8330078125 0.158203125 0.18815104166666666
3 0.88134765625 0.7906901041666666 0.033203125 0.06966145833333333
3 0.79296875 0.7027994791666666 0.03515625 0.060546875
3 0.748046875 0.6708984375 0.0205078125 0.06315104166666667
14 0.73876953125 0.7252604166666666 0.0205078125 0.0546875
3 0.729248046875 0.677734375 0.03271484375 0.053385416666666664
10 0.7216796875 0.6217447916666666 0.0341796875 0.044270833333333336
11 0.475341796875 0.7786458333333334 0.08154296875 0.13932291666666666
20 0.56591796875 0.7626953125 0.048828125 0.107421875
9 0.541748046875 0.6484375 0.06005859375 0.13020833333333334
9 0.484130859375 0.5660807291666666 0.05419921875 0.09309895833333333
4 0.620849609375 0.5807291666666666 0.10498046875 0.19010416666666666
17 0.537353515625 0.5703125 0.03369140625 0.029947916666666668
5 0.66552734375 0.5325520833333334 0.04296875 0.0546875
1 0.543212890625 0.5201822916666666 0.03955078125 0.08333333333333333
17 0.50732421875 0.5130208333333334 0.025390625 0.045572916666666664
9 0.506591796875 0.4768880208333333 0.03076171875 0.042317708333333336
5 0.645751953125 0.4879557291666667 0.03662109375 0.039713541666666664
5 0.554443359375 0.4710286458333333 0.02880859375 0.026692708333333332
9 0.610107421875 0.4645182291666667 0.04150390625 0.047526041666666664
5 0.58935546875 0.4599609375 0.0244140625 0.033203125
5 0.6787109375 0.4716796875 0.0390625 0.038411458333333336
5 0.7138671875 0.4514973958333333 0.03515625 0.031901041666666664
11 0.5234375 0.451171875 0.0302734375 0.05078125
19 0.555419921875 0.4427083333333333 0.02490234375 0.032552083333333336
4 0.657958984375 0.4225260416666667 0.07568359375 0.06380208333333333
4 0.593017578125 0.4192708333333333 0.03759765625 0.057291666666666664
9 0.537353515625 0.4235026041666667 0.02099609375 0.025390625
4 0.57666015625 0.3912760416666667 0.02734375 0.028645833333333332
5 0.52880859375 0.416015625 0.0166015625 0.018229166666666668
4 0.5419921875 0.3330078125 0.0107421875 0.012369791666666666
4 0.616455078125 0.384765625 0.03955078125 0.013020833333333334
4 0.520751953125 0.3502604166666667 0.01513671875 0.01953125
5 0.15283203125 0.9300130208333334 0.2021484375 0.13997395833333334
5 0.125 0.8268229166666666 0.1669921875 0.15755208333333334
19 0.15234375 0.6943359375 0.1396484375 0.13736979166666666
5 0.324951171875 0.6959635416666666 0.08740234375 0.1015625
5 0.298828125 0.6285807291666666 0.087890625 0.076171875
5 0.255126953125 0.6057942708333334 0.08837890625 0.06966145833333333
5 0.385009765625 0.5865885416666666 0.05810546875 0.057291666666666664
5 0.365234375 0.5537109375 0.0576171875 0.046223958333333336
5 0.317626953125 0.5432942708333334 0.06396484375 0.046223958333333336
4 0.105224609375 0.5494791666666666 0.20947265625 0.16145833333333334
19 0.3564453125 0.4957682291666667 0.052734375 0.048828125
17 0.302490234375 0.5182291666666666 0.03466796875 0.045572916666666664
17 0.241455078125 0.5625 0.03759765625 0.049479166666666664
3 0.185302734375 0.5950520833333334 0.02490234375 0.03515625
5 0.381591796875 0.515625 0.04736328125 0.0390625
9 0.437255859375 0.4921875 0.03662109375 0.046875
5 0.40673828125 0.4873046875 0.03515625 0.031901041666666664
19 0.42041015625 0.4554036458333333 0.037109375 0.033203125
5 0.460693359375 0.4488932291666667 0.02490234375 0.025390625
4 0.42138671875 0.423828125 0.0498046875 0.044270833333333336
4 0.39306640625 0.4147135416666667 0.0390625 0.02734375
4 0.41064453125 0.3935546875 0.0263671875 0.016276041666666668
17 0.462646484375 0.4274088541666667 0.01611328125 0.017578125
5 0.45263671875 0.4104817708333333 0.013671875 0.017578125
5 0.468017578125 0.4182942708333333 0.01611328125 0.017578125
5 0.477783203125 0.4013671875 0.01416015625 0.013671875
9 0.4736328125 0.3919270833333333 0.0126953125 0.01953125
5 0.46533203125 0.3831380208333333 0.0107421875 0.012369791666666666
10 0.450439453125 0.3922526041666667 0.00439453125 0.007161458333333333
5 0.43212890625 0.3795572916666667 0.0146484375 0.013020833333333334
