15 0.571484375 0.8783382789317508 0.13359375 0.2433234421364985
15 0.690234375 0.814540059347181 0.16328125 0.37091988130563797
5 0.790234375 0.8390207715133531 0.15703125 0.31602373887240354
17 0.530859375 0.6965875370919882 0.07734375 0.13501483679525222
5 0.614453125 0.6172106824925816 0.08984375 0.18397626112759644
5 0.528125 0.599406528189911 0.0796875 0.1543026706231454
17 0.6703125 0.5623145400593472 0.0625 0.1513353115727003
17 0.4984375 0.4910979228486647 0.0421875 0.09495548961424333
5 0.57890625 0.4970326409495549 0.071875 0.13353115727002968
17 0.63671875 0.4792284866468843 0.0453125 0.09792284866468842
11 0.5046875 0.4132047477744807 0.0515625 0.15875370919881307
17 0.5484375 0.37537091988130566 0.03125 0.07418397626112759
17 0.61015625 0.41839762611275966 0.046875 0.06528189910979229
5 0.60390625 0.3775964391691395 0.0484375 0.06083086053412463
5 0.575 0.33160237388724034 0.0421875 0.06973293768545995
5 0.53046875 0.3323442136498516 0.034375 0.05341246290801187
17 0.6125 0.327893175074184 0.0265625 0.06231454005934718
17 0.606640625 0.3026706231454006 0.02578125 0.050445103857566766
5 0.516015625 0.3086053412462908 0.03203125 0.04747774480712166
5 0.51640625 0.2744807121661721 0.028125 0.03857566765578635
4 0.56640625 0.24406528189910978 0.046875 0.10534124629080119
19 0.51953125 0.22774480712166173 0.0234375 0.040059347181008904
4 0.52578125 0.12388724035608309 0.021875 0.05489614243323442
14 0.710546875 0.5816023738872403 0.01796875 0.08902077151335312
10 0.6734375 0.4732937685459941 0.0296875 0.03857566765578635
10 0.7546875 0.6513353115727003 0.0421875 0.06231454005934718
10 0.86796875 0.8345697329376854 0.0609375 0.13204747774480713
10 0.81796875 0.7440652818991098 0.0375 0.10534124629080119
10 0.790625 0.6454005934718101 0.025 0.04154302670623145
10 0.7125 0.491839762611276 0.0171875 0.06379821958456973
10 0.744140625 0.6008902077151336 0.02109375 0.050445103857566766
10 0.140234375 0.4413946587537092 0.02421875 0.06083086053412463
