9 0.26536216958462067 0.7991962665283899 0.23480947476828012 0.1381903033445683
13 0.08032955715756952 0.7150635208711433 0.10230003432887058 0.05963183821623023
13 0.0674562306900103 0.7722323049001815 0.08891177480260899 0.07441016333938294
5 0.22227943700652247 0.6415607985480943 0.10744936491589427 0.048483277158413274
10 0.339340885684861 0.7107855846512834 0.059388946103673186 0.032927145449831476
13 0.4141778235496052 0.6398755509463313 0.053896326810847925 0.04822400829660358
13 0.28527291452111225 0.6481721545242416 0.05149330587023687 0.04563131967850661
9 0.3357363542739444 0.5924293492351569 0.1201510470305527 0.036297640653357534
11 0.2703398558187436 0.6072076743583096 0.14246481290765534 0.04096448016593207
9 0.5516649502231377 0.6187451387088411 0.08444902162718847 0.04952035260565206
13 0.4474768280123584 0.5935960591133005 0.032612427051150014 0.03500129634430905
13 0.483693786474425 0.5891884884625357 0.030209406110538965 0.034482758620689655
5 0.44782011671815997 0.5633912367124708 0.08135942327497425 0.02229712211563391
10 0.1314795743220048 0.6300233341975628 0.040508067284586335 0.026963961628208452
5 0.6398901476141435 0.5782991962665284 0.05080672845863371 0.028260305937256935
5 0.5988671472708548 0.5655950220378533 0.049776862341228974 0.023593466424682397
5 0.6726742190181944 0.5491314493129376 0.03741846893237213 0.020741508944775732
13 0.6474424991417782 0.527352864920923 0.01579128046687264 0.019185895773917553
10 0.7717130106419499 0.5181488203266787 0.006865774116031583 0.011148561057816956
5 0.8050120151047031 0.507648431423386 0.017164435290078956 0.010370754472387866
5 0.7772056299347752 0.5057039149598134 0.017164435290078956 0.010630023334197563
9 0.9212152420185376 0.5409644801659321 0.07106076210092688 0.015296862846772103
9 0.9615516649502232 0.5620948924034224 0.07689667009955373 0.01711174487943998
4 0.8196017851012701 0.594892403422349 0.07861311362856162 0.0847809178117708
10 0.7962581531067627 0.8364013481980814 0.040851355990387916 0.07103966813585688
13 0.8340199107449365 0.5404459424423127 0.018194301407483692 0.018926626912107856
3 0.8081016134569172 0.5467980295566502 0.006865774116031583 0.009852216748768473
5 0.8982148987298317 0.5715582058594763 0.0477171301064195 0.02722323049001815
17 0.8741846893237213 0.5920404459424423 0.032612427051150014 0.03759398496240601
