4 0.8596559812353401 0.9028960817717206 0.22126661454261143 0.19420783645655879
4 0.6763096168881939 0.645655877342419 0.0906958561376075 0.27597955706984667
4 0.24628616106333073 0.5051107325383305 0.04222048475371384 0.06303236797274275
4 0.29593432369038314 0.47018739352640543 0.03674745895230649 0.054514480408858604
4 0.5617670054730258 0.5323679727427598 0.03049257232212666 0.09369676320272573
4 0.571931196247068 0.45826235093696766 0.019546520719311962 0.04770017035775128
4 0.5504300234558248 0.44804088586030666 0.012509773260359656 0.034071550255536626
4 0.5301016419077405 0.4233390119250426 0.012509773260359656 0.018739352640545145
11 0.35691946833463645 0.5093696763202725 0.019546520719311962 0.044293015332197615
5 0.3577013291634089 0.5630323679727428 0.024237685691946835 0.04258943781942078
17 0.30414386239249414 0.5340715502555367 0.01563721657544957 0.039182282793867124
5 0.2947615324472244 0.520442930153322 0.01563721657544957 0.03236797274275979
11 0.27638780297107113 0.4957410562180579 0.019546520719311962 0.04088586030664395
11 0.336591086786552 0.524701873935264 0.019546520719311962 0.05792163543441227
19 0.5430023455824863 0.8160136286201022 0.0617670054730258 0.19761499148211242
17 0.6121970289288506 0.8398637137989778 0.04847537138389367 0.16013628620102216
3 0.656763096168882 0.8500851788756388 0.0218921032056294 0.08517887563884156
5 0.7955433932759969 0.7061328790459966 0.10867865519937452 0.09028960817717206
10 0.8436278342455042 0.6584327086882453 0.020328381548084442 0.04599659284497445
13 0.7529319781078968 0.5681431005110733 0.017200938232994525 0.039182282793867124
13 0.8193901485535575 0.6439522998296422 0.028146989835809225 0.06473594548551959
10 0.6227521501172791 0.7614991482112436 0.022673964034401875 0.030664395229982964
5 0.45973416731821737 0.7768313458262351 0.04691164972634871 0.11243611584327087
11 0.4749804534792807 0.6899488926746167 0.03831118060985145 0.0817717206132879
17 0.5254104769351056 0.6976149914821125 0.028146989835809225 0.06984667802385008
9 0.5738858483189992 0.6712095400340715 0.040656763096168884 0.10562180579216354
5 0.5211102423768569 0.631175468483816 0.03049257232212666 0.06984667802385008
5 0.472243940578577 0.631175468483816 0.029710711493354185 0.049403747870528106
17 0.6227521501172791 0.6115843270868825 0.022673964034401875 0.06473594548551959
5 0.6172791243158717 0.5817717206132879 0.03049257232212666 0.04599659284497445
10 0.5785770132916341 0.5894378194207837 0.012509773260359656 0.04088586030664395
14 0.5981235340109461 0.5255536626916525 0.007818608287724784 0.028960817717206135
11 0.5152462861610634 0.5468483816013628 0.02501954652071931 0.07495741056218058
11 0.4698983580922596 0.555366269165247 0.020328381548084442 0.05110732538330494
10 0.4831899921813917 0.5434412265758092 0.007818608287724784 0.027257240204429302
10 0.5383111806098514 0.4948892674616695 0.007036747458952306 0.02555366269165247
11 0.5074276778733385 0.4906303236797274 0.020328381548084442 0.044293015332197615
5 0.4503518373729476 0.49318568994889267 0.017200938232994525 0.028960817717206135
5 0.42767787333854573 0.4804088586030664 0.01563721657544957 0.030664395229982964
11 0.4515246286161063 0.45741056218057924 0.017982799061767005 0.039182282793867124
15 0.25254104769351055 0.8466780238500852 0.08444096950742767 0.1465076660988075
11 0.3174354964816263 0.6737649063032368 0.0437842064112588 0.1141396933560477
11 0.227130570758405 0.666098807495741 0.04300234558248632 0.11243611584327087
5 0.01563721657544957 0.6916524701873935 0.029710711493354185 0.06814310051107325
5 0.12314308053166537 0.5877342419080068 0.0398749022673964 0.04770017035775128
17 0.1544175136825645 0.5604770017035775 0.019546520719311962 0.044293015332197615
5 0.3166536356528538 0.5119250425894378 0.01563721657544957 0.02555366269165247
5 0.3893666927286943 0.46422487223168657 0.023455824863174355 0.018739352640545145
13 0.955824863174355 0.7666098807495741 0.0398749022673964 0.10562180579216354
13 0.9218139171227522 0.7342419080068143 0.03440187646598905 0.10562180579216354
10 0.7228303362001564 0.7112436115843271 0.014855355746677092 0.056218057921635436
