11 0.6206140350877193 0.814621409921671 0.10964912280701754 0.20365535248041775
9 0.5511695906432749 0.6331592689295039 0.06140350877192982 0.10704960835509138
17 0.6403508771929824 0.6801566579634465 0.05263157894736842 0.1227154046997389
5 0.5548245614035088 0.49216710182767626 0.03070175438596491 0.07571801566579635
10 0.6461988304093568 0.5704960835509139 0.02631578947368421 0.08616187989556136
10 0.6074561403508771 0.47911227154047 0.013157894736842105 0.044386422976501305
10 0.5826023391812866 0.402088772845953 0.01023391812865497 0.04177545691906005
14 0.6008771929824561 0.44386422976501305 0.014619883040935672 0.03655352480417755
10 0.6081871345029239 0.4164490861618799 0.011695906432748537 0.044386422976501305
17 0.6059941520467836 0.3681462140992167 0.013157894736842105 0.031331592689295036
19 0.7156432748538012 0.5900783289817232 0.039473684210526314 0.04177545691906005
17 0.7383040935672515 0.5639686684073107 0.023391812865497075 0.04177545691906005
17 0.6812865497076024 0.5326370757180157 0.014619883040935672 0.03655352480417755
15 0.4283625730994152 0.9464751958224543 0.0935672514619883 0.10704960835509138
17 0.4305555555555556 0.8107049608355091 0.05701754385964912 0.15926892950391644
17 0.3019005847953216 0.9464751958224543 0.06286549707602339 0.10704960835509138
17 0.18055555555555555 0.9556135770234987 0.07748538011695906 0.08877284595300261
17 0.34941520467836257 0.5600522193211488 0.03508771929824561 0.05483028720626632
17 0.40423976608187134 0.5430809399477807 0.03070175438596491 0.05221932114882506
11 0.21198830409356725 0.835509138381201 0.1023391812865497 0.19321148825065274
17 0.2463450292397661 0.7219321148825065 0.05701754385964912 0.09660574412532637
5 0.32748538011695905 0.8537859007832899 0.07894736842105263 0.1514360313315927
5 0.3347953216374269 0.7362924281984334 0.07017543859649122 0.11488250652741515
5 0.41885964912280704 0.7284595300261096 0.059941520467836254 0.13577023498694518
5 0.3611111111111111 0.6422976501305483 0.05847953216374269 0.09921671018276762
9 0.42616959064327486 0.6240208877284595 0.05701754385964912 0.09921671018276762
15 0.4605263157894737 0.5195822454308094 0.049707602339181284 0.0731070496083551
5 0.3157894736842105 0.6122715404699739 0.06432748538011696 0.08093994778067885
5 0.27850877192982454 0.6866840731070496 0.06871345029239766 0.09921671018276762
17 0.3786549707602339 0.5678851174934726 0.03508771929824561 0.05483028720626632
19 0.44883040935672514 0.4660574412532637 0.03508771929824561 0.044386422976501305
5 0.42251461988304095 0.5182767624020888 0.029239766081871343 0.044386422976501305
5 0.5 0.4490861618798956 0.029239766081871343 0.04699738903394256
10 0.5782163742690059 0.35900783289817234 0.0043859649122807015 0.018276762402088774
17 0.783625730994152 0.5287206266318538 0.014619883040935672 0.028720626631853787
17 0.7660818713450293 0.5169712793733682 0.014619883040935672 0.02610966057441253
