4 0.3944099378881988 0.585635359116022 0.12111801242236025 0.2541436464088398
9 0.3812111801242236 0.8770718232044199 0.11956521739130435 0.24033149171270718
5 0.055900621118012424 0.8204419889502762 0.10869565217391304 0.1712707182320442
4 0.33152173913043476 0.5262430939226519 0.12888198757763975 0.26795580110497236
4 0.4472049689440994 0.30662983425414364 0.055900621118012424 0.07734806629834254
4 0.44021739130434784 0.38950276243093923 0.06366459627329192 0.09392265193370165
13 0.15372670807453417 0.9419889502762431 0.07763975155279502 0.11602209944751381
13 0.17003105590062112 0.8770718232044199 0.07608695652173914 0.13535911602209943
13 0.23136645962732919 0.8770718232044199 0.06521739130434782 0.17955801104972377
13 0.16925465838509315 0.6919889502762431 0.049689440993788817 0.08011049723756906
13 0.18012422360248448 0.6353591160220995 0.043478260869565216 0.0718232044198895
19 0.7236024844720497 0.9005524861878453 0.11801242236024845 0.19337016574585636
15 0.656055900621118 0.830110497237569 0.11956521739130435 0.24585635359116023
5 0.25698757763975155 0.6546961325966851 0.07608695652173914 0.08839779005524862
8 0.5877329192546584 0.48204419889502764 0.09161490683229814 0.17955801104972377
5 0.9270186335403726 0.7624309392265194 0.11180124223602485 0.12154696132596685
5 0.17701863354037267 0.5151933701657458 0.059006211180124224 0.058011049723756904
17 0.09937888198757763 0.6629834254143646 0.06521739130434782 0.13812154696132597
5 0.05124223602484472 0.7099447513812155 0.09006211180124224 0.04419889502762431
13 0.08618012422360248 0.42955801104972374 0.023291925465838508 0.04143646408839779
5 0.609472049689441 0.664364640883978 0.07919254658385093 0.07458563535911603
13 0.5962732919254659 0.738950276243094 0.052795031055900624 0.17955801104972377
13 0.8773291925465838 0.9212707182320442 0.062111801242236024 0.13535911602209943
13 0.7888198757763976 0.8370165745856354 0.055900621118012424 0.16022099447513813
13 0.78027950310559 0.7582872928176796 0.06055900621118013 0.0856353591160221
13 0.8470496894409938 0.7928176795580111 0.06677018633540373 0.13812154696132597
7 0.7259316770186336 0.5911602209944752 0.10403726708074534 0.13812154696132597
13 0.9782608695652174 0.6850828729281768 0.043478260869565216 0.08839779005524862
13 0.8183229813664596 0.6781767955801105 0.049689440993788817 0.07458563535911603
5 0.10559006211180125 0.4958563535911602 0.062111801242236024 0.04696132596685083
15 0.15372670807453417 0.46685082872928174 0.062111801242236024 0.049723756906077346
17 0.23835403726708074 0.5911602209944752 0.05124223602484472 0.06629834254143646
5 0.26164596273291924 0.3453038674033149 0.04192546583850932 0.03314917127071823
13 0.2608695652173913 0.430939226519337 0.024844720496894408 0.06077348066298342
13 0.22282608695652173 0.43922651933701656 0.026397515527950312 0.055248618784530384
9 0.02872670807453416 0.6174033149171271 0.05434782608695652 0.10773480662983426
19 0.36801242236024845 0.3770718232044199 0.08385093167701864 0.04696132596685083
13 0.7678571428571429 0.5165745856353591 0.029503105590062112 0.06629834254143646
13 0.9169254658385093 0.6671270718232044 0.04813664596273292 0.052486187845303865
19 0.9611801242236024 0.9516574585635359 0.07763975155279502 0.09116022099447514
