17 0.48615384615384616 0.6043956043956044 0.10461538461538461 0.18956043956043955
17 0.4626923076923077 0.782967032967033 0.11307692307692307 0.1565934065934066
17 0.655 0.9065934065934066 0.11615384615384615 0.18681318681318682
17 0.8961538461538462 0.842032967032967 0.10461538461538461 0.09340659340659341
17 0.7173076923076923 0.5968406593406593 0.08076923076923077 0.18543956043956045
17 0.9646153846153847 0.46291208791208793 0.07076923076923076 0.11263736263736264
17 0.7084615384615385 0.9663461538461539 0.12615384615384614 0.0673076923076923
17 0.5819230769230769 0.41483516483516486 0.05615384615384615 0.04945054945054945
17 0.58 0.3708791208791209 0.05076923076923077 0.04120879120879121
17 0.7492307692307693 0.47184065934065933 0.05076923076923077 0.10851648351648352
17 0.8496153846153847 0.47046703296703296 0.04692307692307692 0.11126373626373626
17 0.8134615384615385 0.6627747252747253 0.08692307692307692 0.10851648351648352
17 0.8392307692307692 0.6195054945054945 0.08 0.1043956043956044
17 0.9165384615384615 0.5769230769230769 0.07615384615384616 0.17857142857142858
10 0.9811538461538462 0.8056318681318682 0.03769230769230769 0.23214285714285715
10 0.8819230769230769 0.4684065934065934 0.026923076923076925 0.10714285714285714
4 0.8238461538461539 0.2932692307692308 0.0876923076923077 0.16895604395604397
15 0.31653846153846155 0.8646978021978022 0.16692307692307692 0.2706043956043956
5 0.6557692307692308 0.7211538461538461 0.13615384615384615 0.1813186813186813
15 0.791923076923077 0.8317307692307693 0.13615384615384615 0.2541208791208791
5 0.45576923076923076 0.9258241758241759 0.16692307692307692 0.14835164835164835
5 0.5207692307692308 0.7864010989010989 0.12307692307692308 0.2348901098901099
5 0.8823076923076923 0.7479395604395604 0.1276923076923077 0.15521978021978022
5 0.5961538461538461 0.6456043956043956 0.12307692307692308 0.17857142857142858
17 0.6788461538461539 0.4835164835164835 0.07307692307692308 0.07417582417582418
4 0.7892307692307692 0.1407967032967033 0.12461538461538461 0.16895604395604397
11 0.8861538461538462 0.30425824175824173 0.047692307692307694 0.15247252747252749
11 0.5038461538461538 0.33791208791208793 0.07692307692307693 0.17307692307692307
4 0.665 0.17445054945054944 0.06692307692307692 0.13186813186813187
11 0.7207692307692307 0.23351648351648352 0.08307692307692308 0.13736263736263737
4 0.5380769230769231 0.14285714285714285 0.08384615384615385 0.10164835164835165
11 0.5484615384615384 0.2445054945054945 0.08153846153846153 0.12912087912087913
17 0.5542307692307692 0.3070054945054945 0.03307692307692308 0.10576923076923077
17 0.5434615384615384 0.3282967032967033 0.016153846153846154 0.09065934065934066
5 0.6103846153846154 0.3331043956043956 0.05307692307692308 0.10302197802197802
17 0.7342307692307692 0.36195054945054944 0.06538461538461539 0.09478021978021978
17 0.16346153846153846 0.5048076923076923 0.05615384615384615 0.09203296703296704
4 0.0673076923076923 0.3159340659340659 0.09769230769230769 0.12362637362637363
4 0.13423076923076924 0.13942307692307693 0.07 0.1662087912087912
4 0.06923076923076923 0.16826923076923078 0.07384615384615385 0.10851648351648352
4 0.245 0.22046703296703296 0.07461538461538461 0.08653846153846154
17 0.5473076923076923 0.4732142857142857 0.06076923076923077 0.06456043956043957
5 0.395 0.5666208791208791 0.09923076923076923 0.13598901098901098
5 0.37423076923076926 0.6146978021978022 0.1176923076923077 0.15521978021978022
15 0.35423076923076924 0.6751373626373627 0.13307692307692306 0.13873626373626374
4 0.556923076923077 0.04120879120879121 0.055384615384615386 0.07967032967032966
4 0.6123076923076923 0.17101648351648352 0.043076923076923075 0.125
