5 0.24387254901960784 0.7274816176470589 0.2769607843137255 0.20067401960784315
13 0.5786356209150327 0.5925245098039216 0.09109477124183006 0.061274509803921566
5 0.6337826797385621 0.5899203431372549 0.051879084967320264 0.046875
13 0.6975081699346405 0.5940563725490197 0.06740196078431372 0.06433823529411764
13 0.7303921568627451 0.5753676470588235 0.08169934640522876 0.03615196078431373
13 0.923202614379085 0.5876225490196079 0.12254901960784313 0.061887254901960786
13 0.5228758169934641 0.5738357843137255 0.032679738562091505 0.042279411764705885
13 0.060866013071895424 0.5663296568627451 0.022058823529411766 0.023590686274509803
5 0.08006535947712418 0.5618872549019608 0.0196078431372549 0.014705882352941176
13 0.4007352941176471 0.5888480392156863 0.04003267973856209 0.05514705882352941
13 0.33619281045751637 0.5805759803921569 0.03594771241830065 0.04534313725490196
5 0.27205882352941174 0.5775122549019608 0.058823529411764705 0.027573529411764705
13 0.4479166666666667 0.5652573529411765 0.024101307189542485 0.028186274509803922
5 0.23713235294117646 0.5701593137254902 0.04125816993464052 0.023284313725490197
13 0.29105392156862747 0.5575980392156863 0.015931372549019607 0.018995098039215685
5 0.23488562091503268 0.5533088235294118 0.02287581699346405 0.011642156862745098
4 0.25183823529411764 0.5415134803921569 0.016748366013071895 0.007659313725490196
5 0.34477124183006536 0.5551470588235294 0.02042483660130719 0.011642156862745098
13 0.2724673202614379 0.5562193627450981 0.01715686274509804 0.015012254901960785
5 0.30657679738562094 0.5517769607843137 0.01511437908496732 0.00980392156862745
