4 0.4834558823529412 0.9068627450980392 0.28799019607843135 0.18627450980392157
4 0.8492647058823529 0.8717320261437909 0.3014705882352941 0.2565359477124183
4 0.8112745098039216 0.6813725490196079 0.32598039215686275 0.28431372549019607
4 0.6354166666666666 0.7459150326797386 0.20955882352941177 0.3872549019607843
4 0.4730392156862745 0.6830065359477124 0.12009803921568628 0.2549019607843137
4 0.6341911764705882 0.5269607843137255 0.13848039215686275 0.08986928104575163
4 0.5171568627450981 0.511437908496732 0.09313725490196079 0.10457516339869281
4 0.4368872549019608 0.5669934640522876 0.09191176470588236 0.12418300653594772
4 0.3952205882352941 0.5171568627450981 0.11397058823529412 0.10947712418300654
4 0.4252450980392157 0.46078431372549017 0.11519607843137254 0.06209150326797386
4 0.34191176470588236 0.47467320261437906 0.09068627450980392 0.10294117647058823
4 0.06495098039215687 0.7320261437908496 0.12745098039215685 0.08169934640522876
4 0.17095588235294118 0.6446078431372549 0.13602941176470587 0.2238562091503268
4 0.18872549019607843 0.5032679738562091 0.061274509803921566 0.06535947712418301
4 0.16666666666666666 0.4256535947712418 0.03431372549019608 0.05392156862745098
4 0.28308823529411764 0.4550653594771242 0.029411764705882353 0.07352941176470588
4 0.30514705882352944 0.39950980392156865 0.05392156862745098 0.03758169934640523
4 0.2616421568627451 0.43218954248366015 0.030637254901960783 0.05392156862745098
4 0.23651960784313725 0.4223856209150327 0.01715686274509804 0.03758169934640523
4 0.25183823529411764 0.3831699346405229 0.03553921568627451 0.027777777777777776
5 0.06924019607843138 0.6462418300653595 0.06740196078431372 0.08006535947712418
5 0.125 0.5490196078431373 0.051470588235294115 0.05228758169934641
5 0.2824754901960784 0.5400326797385621 0.05759803921568627 0.05392156862745098
5 0.7193627450980392 0.5277777777777778 0.04411764705882353 0.032679738562091505
15 0.7800245098039216 0.48366013071895425 0.03553921568627451 0.049019607843137254
17 0.32107843137254904 0.5833333333333334 0.06372549019607843 0.06862745098039216
9 0.15134803921568626 0.494281045751634 0.028186274509803922 0.04738562091503268
17 0.13725490196078433 0.46895424836601307 0.022058823529411766 0.03594771241830065
17 0.13541666666666666 0.4444444444444444 0.01838235294117647 0.016339869281045753
5 0.19178921568627452 0.4411764705882353 0.025735294117647058 0.02287581699346405
