11 0.0796875 0.65390625 0.146875 0.1734375
11 0.18020833333333333 0.63203125 0.05 0.0765625
11 0.2708333333333333 0.615625 0.04375 0.065625
11 0.5114583333333333 0.6671875 0.04791666666666667 0.078125
11 0.3359375 0.60078125 0.08229166666666667 0.0390625
18 0.37135416666666665 0.5734375 0.09270833333333334 0.034375
13 0.3203125 0.634375 0.021875 0.046875
11 0.5276041666666667 0.61015625 0.028125 0.0484375
5 0.49635416666666665 0.61015625 0.026041666666666668 0.0328125
4 0.64375 0.6 0.05 0.075
18 0.5651041666666666 0.5796875 0.03229166666666667 0.034375
18 0.7145833333333333 0.5921875 0.025 0.034375
11 0.8010416666666667 0.61796875 0.052083333333333336 0.0328125
4 0.5041666666666667 0.5546875 0.027083333333333334 0.03125
7 0.46458333333333335 0.578125 0.016666666666666666 0.028125
3 0.3536458333333333 0.6421875 0.013541666666666667 0.021875
