13 0.9775390625 0.9291287386215865 0.044921875 0.10273081924577374
13 0.9130859375 0.9278283485045513 0.056640625 0.12613784135240572
13 0.95849609375 0.8485045513654096 0.0556640625 0.0611183355006502
13 0.919921875 0.7997399219765929 0.037109375 0.0494148244473342
13 0.89013671875 0.8426527958387516 0.0400390625 0.06501950585175553
13 0.85302734375 0.8029908972691807 0.0439453125 0.09492847854356307
13 0.8671875 0.7314694408322496 0.03125 0.055916775032509754
13 0.8125 0.7594278283485045 0.041015625 0.0754226267880364
13 0.82958984375 0.7048114434330299 0.0361328125 0.036410923276983094
13 0.77099609375 0.7067620286085826 0.0341796875 0.06631989596879063
13 0.75146484375 0.6573472041612484 0.0244140625 0.035110533159947985
13 0.7265625 0.7724317295188556 0.068359375 0.07802340702210664
13 0.6708984375 0.7633289986996099 0.048828125 0.09102730819245773
13 0.64111328125 0.7243172951885566 0.0224609375 0.06501950585175553
13 0.5927734375 0.687256176853056 0.029296875 0.06631989596879063
13 0.61962890625 0.6788036410923277 0.0263671875 0.06501950585175553
13 0.669921875 0.657997399219766 0.025390625 0.0494148244473342
13 0.6455078125 0.6625487646293888 0.0234375 0.053315994798439535
13 0.6123046875 0.6267880364109233 0.021484375 0.044213263979193757
13 0.64404296875 0.6163849154746424 0.0205078125 0.04161248374512354
13 0.6376953125 0.5884265279583876 0.015625 0.014304291287386216
13 0.58203125 0.618335500650195 0.021484375 0.04031209362808843
13 0.60400390625 0.5923276983094928 0.0166015625 0.02990897269180754
13 0.5927734375 0.570221066319896 0.01171875 0.027308192457737322
13 0.5830078125 0.5643693107932379 0.01171875 0.02600780234070221
13 0.5966796875 0.552665799739922 0.01171875 0.013003901170351105
13 0.5830078125 0.540962288686606 0.009765625 0.015604681404421327
13 0.59765625 0.5390117035110533 0.009765625 0.014304291287386216
13 0.10888671875 0.8270481144343304 0.0595703125 0.0858257477243173
13 0.3564453125 0.682704811443433 0.029296875 0.05201560468140442
13 0.330078125 0.676853055916775 0.025390625 0.055916775032509754
13 0.38671875 0.6365409622886866 0.021484375 0.022106631989596878
13 0.404296875 0.6014304291287387 0.013671875 0.02990897269180754
13 0.39208984375 0.5929778933680104 0.0126953125 0.02080624187256177
13 0.42919921875 0.577373211963589 0.0068359375 0.013003901170351105
13 0.421875 0.576072821846554 0.0078125 0.013003901170351105
15 0.1162109375 0.7548764629388817 0.109375 0.0611183355006502
15 0.23486328125 0.706111833550065 0.0751953125 0.06501950585175553
15 0.29541015625 0.6723016905071522 0.0419921875 0.05201560468140442
5 0.337890625 0.6345903771131339 0.0234375 0.031209362808842653
5 0.40380859375 0.6631989596879063 0.0380859375 0.03901170351105332
5 0.39404296875 0.7113133940182055 0.0322265625 0.05721716514954486
5 0.33544921875 0.7672301690507152 0.0576171875 0.07802340702210664
5 0.2802734375 0.8790637191157347 0.109375 0.11963589076723016
5 0.37841796875 0.618335500650195 0.0341796875 0.014304291287386216
17 0.57080078125 0.5825747724317295 0.0146484375 0.031209362808842653
4 0.548828125 0.5916775032509753 0.03125 0.06241872561768531
4 0.462890625 0.6098829648894668 0.05078125 0.07022106631989597
7 0.5478515625 0.6677503250975293 0.033203125 0.07152145643693109
17 0.56982421875 0.5214564369310793 0.0087890625 0.015604681404421327
20 0.75341796875 0.8491547464239272 0.0576171875 0.0858257477243173
