11 0.044372990353697746 0.6137897782063645 0.08745980707395498 0.19382835101253615
15 0.14308681672025725 0.35342333654773384 0.06752411575562701 0.05689488910318226
15 0.2045016077170418 0.3235294117647059 0.04887459807073955 0.026036644165863067
17 0.21607717041800642 0.3601735776277724 0.033440514469453377 0.04918032786885246
17 0.25884244372990356 0.35390549662487947 0.03408360128617363 0.05400192864030858
5 0.4022508038585209 0.29604628736740596 0.031511254019292605 0.03857280617164899
17 0.45594855305466236 0.20829315332690454 0.01157556270096463 0.019286403085824494
10 0.47266881028938906 0.21456123432979748 0.0077170418006430866 0.01832208293153327
17 0.5048231511254019 0.17984570877531342 0.005144694533762058 0.010607521697203472
17 0.4958199356913183 0.18129218900675023 0.002572347266881029 0.009643201542912247
16 0.10289389067524116 0.899228543876567 0.2045016077170418 0.20154291224686596
9 0.2569131832797428 0.6711668273866924 0.13569131832797426 0.22757955641272903
5 0.3443729903536977 0.5843780135004821 0.07652733118971061 0.12343297974927676
9 0.36270096463022505 0.48649951783992285 0.07845659163987138 0.10703953712632594
5 0.4102893890675241 0.45805207328833175 0.027009646302250803 0.08100289296046287
15 0.4122186495176849 0.3948891031822565 0.05144694533762058 0.04725168756027001
5 0.4369774919614148 0.366923818707811 0.04051446945337621 0.027965284474445518
19 0.4482315112540193 0.3351012536162006 0.04244372990353698 0.04725168756027001
19 0.4794212218649518 0.3216007714561234 0.02122186495176849 0.054966248794599805
5 0.4810289389067524 0.28688524590163933 0.02572347266881029 0.01639344262295082
15 0.48971061093247586 0.26808100289296044 0.02508038585209003 0.02892960462873674
5 0.5118971061093247 0.2666345226615236 0.0077170418006430866 0.026036644165863067
19 0.5163987138263666 0.2232401157184185 0.01929260450160772 0.01446480231436837
19 0.5228295819935691 0.2111861137897782 0.01414790996784566 0.011571841851494697
19 0.3408360128617363 0.946480231436837 0.18006430868167203 0.10703953712632594
9 0.402572347266881 0.7892960462873674 0.14919614147909968 0.23240115718418514
5 0.42443729903536975 0.6422372227579557 0.10032154340836012 0.07714561234329798
5 0.45016077170418006 0.562198649951784 0.07845659163987138 0.08678881388621022
5 0.4459807073954984 0.4961427193828351 0.06109324758842444 0.05689488910318226
5 0.48231511254019294 0.4373191899710704 0.054019292604501605 0.06460945033751206
5 0.5048231511254019 0.390549662487946 0.041157556270096464 0.040501446480231434
5 0.492604501607717 0.3563162970106075 0.04372990353697749 0.027965284474445518
5 0.5221864951768489 0.34667309546769526 0.030868167202572346 0.041465766634522665
19 0.5192926045016077 0.31002892960462874 0.03536977491961415 0.027965284474445518
9 0.5321543408360129 0.28254580520732886 0.022508038585209004 0.02700096432015429
5 0.5295819935691318 0.25940212150433944 0.017363344051446947 0.013500482160077145
4 0.5366559485530547 0.22179363548698167 0.005787781350482315 0.03857280617164899
4 0.5684887459807074 0.1904532304725169 0.0180064308681672 0.01832208293153327
4 0.5903536977491961 0.19334619093539054 0.020578778135048232 0.022179363548698167
4 0.5623794212218649 0.2391513982642237 0.043086816720257236 0.03278688524590164
4 0.5852090032154341 0.16972034715525555 0.0090032154340836 0.009643201542912247
4 0.572347266881029 0.16923818707810992 0.0090032154340836 0.008678881388621022
4 0.6028938906752411 0.2420443587270974 0.036655948553054665 0.044358727097396335
4 0.5768488745980708 0.2757955641272903 0.04501607717041801 0.03664416586306654
4 0.5848874598070739 0.21359691417550628 0.02122186495176849 0.01639344262295082
4 0.5771704180064309 0.32883317261330763 0.05594855305466238 0.06943105110896818
4 0.6118971061093248 0.2907425265188042 0.019935691318327974 0.05110896817743491
4 0.647588424437299 0.304725168756027 0.052733118971061095 0.04628736740597879
4 0.6652733118971061 0.3828351012536162 0.08553054662379421 0.07328833172613308
4 0.7308681672025723 0.5014464802314368 0.10610932475884244 0.1677917068466731
19 0.8167202572347267 0.46576663452266154 0.0707395498392283 0.07714561234329798
17 0.8067524115755627 0.5641272902603665 0.04180064308681672 0.11957569913211186
17 0.8668810289389067 0.5433944069431051 0.05144694533762058 0.0626808100289296
17 0.8620578778135048 0.6022179363548699 0.06881028938906752 0.05110896817743491
17 0.827652733118971 0.6716489874638379 0.0797427652733119 0.09739633558341369
17 0.9183279742765273 0.6764705882352942 0.08745980707395498 0.1128254580520733
17 0.8713826366559485 0.7743490838958534 0.11446945337620579 0.10221793635486982
17 0.9 0.899228543876567 0.11511254019292605 0.15911282545805208
17 0.9202572347266881 0.9903567984570878 0.11189710610932475 0.019286403085824494
17 0.7282958199356914 0.7656702025072324 0.08295819935691319 0.11186113789778207
17 0.7260450160771704 0.851976856316297 0.08874598070739549 0.06075216972034716
9 0.9491961414790997 0.5530376084860174 0.09003215434083602 0.11668273866923819
5 0.8842443729903537 0.49758919961427195 0.06045016077170418 0.03085824493731919
15 0.7032154340836013 0.648023143683703 0.09581993569131833 0.13114754098360656
15 0.5694533762057877 0.40115718418514945 0.05852090032154341 0.06171648987463838
10 0.5758842443729904 0.44792671166827386 0.022508038585209004 0.024108003857280617
16 0.6083601286173633 0.45515911282545807 0.04630225080385852 0.02892960462873674
11 0.6012861736334405 0.4990356798457088 0.059163987138263666 0.033751205400192864
11 0.6276527331189711 0.5438765670202508 0.012861736334405145 0.055930568948891035
15 0.5893890675241158 0.5911282545805208 0.07395498392282958 0.15814850530376084
5 0.5276527331189711 0.523625843780135 0.06366559485530547 0.10607521697203472
5 0.5845659163987138 0.7227579556412729 0.10546623794212219 0.09739633558341369
19 0.5713826366559486 0.8379942140790743 0.13054662379421222 0.13114754098360656
17 0.6614147909967846 0.49373191899710706 0.03279742765273312 0.09643201542912247
4 0.7244372990353698 0.9513018322082931 0.2771704180064309 0.09739633558341369
