4 0.7416666666666667 0.9391666666666667 0.21 0.12166666666666667
4 0.9161111111111111 0.7733333333333333 0.15 0.4533333333333333
17 0.45444444444444443 0.9758333333333333 0.12444444444444444 0.04833333333333333
15 0.255 0.9291666666666667 0.20333333333333334 0.14166666666666666
5 0.3527777777777778 0.8075 0.14555555555555555 0.125
5 0.7233333333333334 0.8383333333333334 0.14666666666666667 0.09333333333333334
5 0.4061111111111111 0.6916666666666667 0.10111111111111111 0.07666666666666666
4 0.5483333333333333 0.7691666666666667 0.23 0.36833333333333335
17 0.7038888888888889 0.6825 0.07222222222222222 0.051666666666666666
17 0.7261111111111112 0.7575 0.07666666666666666 0.09166666666666666
15 0.7266666666666667 0.6225 0.09111111111111111 0.07833333333333334
4 0.8355555555555556 0.6325 0.07777777777777778 0.3283333333333333
4 0.8683333333333333 0.455 0.0811111111111111 0.04666666666666667
4 0.8455555555555555 0.3775 0.07111111111111111 0.11166666666666666
4 0.8011111111111111 0.385 0.013333333333333334 0.10333333333333333
4 0.8366666666666667 0.2575 0.03777777777777778 0.041666666666666664
4 0.8172222222222222 0.2816666666666667 0.034444444444444444 0.013333333333333334
4 0.82 0.2925 0.04 0.011666666666666667
4 0.8233333333333334 0.305 0.04666666666666667 0.016666666666666666
4 0.7622222222222222 0.3358333333333333 0.04 0.08166666666666667
4 0.7744444444444445 0.26166666666666666 0.035555555555555556 0.04666666666666667
4 0.8077777777777778 0.21416666666666667 0.013333333333333334 0.018333333333333333
4 0.2288888888888889 0.3883333333333333 0.12222222222222222 0.08333333333333333
4 0.44333333333333336 0.30416666666666664 0.042222222222222223 0.04833333333333333
4 0.4772222222222222 0.2925 0.021111111111111112 0.035
4 0.5116666666666667 0.26666666666666666 0.04111111111111111 0.03
4 0.5694444444444444 0.25 0.03666666666666667 0.023333333333333334
4 0.6333333333333333 0.22833333333333333 0.02666666666666667 0.02666666666666667
4 0.6766666666666666 0.2075 0.008888888888888889 0.011666666666666667
5 0.7777777777777778 0.5408333333333334 0.04 0.08833333333333333
5 0.7677777777777778 0.47583333333333333 0.02666666666666667 0.045
5 0.7938888888888889 0.30833333333333335 0.0077777777777777776 0.04
5 0.6066666666666667 0.5583333333333333 0.07111111111111111 0.043333333333333335
5 0.6466666666666666 0.4866666666666667 0.04666666666666667 0.016666666666666666
5 0.6805555555555556 0.4475 0.04777777777777778 0.015
5 0.6894444444444444 0.43083333333333335 0.04111111111111111 0.021666666666666667
5 0.6977777777777778 0.4075 0.04 0.018333333333333333
5 0.7044444444444444 0.38916666666666666 0.035555555555555556 0.011666666666666667
5 0.7033333333333334 0.36333333333333334 0.011111111111111112 0.04
5 0.7822222222222223 0.22583333333333333 0.028888888888888888 0.015
5 0.4633333333333333 0.6183333333333333 0.08888888888888889 0.07333333333333333
5 0.585 0.5 0.043333333333333335 0.07666666666666666
5 0.5927777777777777 0.45 0.052222222222222225 0.02666666666666667
5 0.6327777777777778 0.4475 0.021111111111111112 0.055
5 0.6588888888888889 0.405 0.022222222222222223 0.056666666666666664
5 0.05277777777777778 0.8808333333333334 0.10111111111111111 0.105
5 0.25722222222222224 0.6691666666666667 0.07444444444444444 0.11166666666666666
5 0.07 0.62 0.07333333333333333 0.04
5 0.027777777777777776 0.5816666666666667 0.042222222222222223 0.03666666666666667
5 0.057777777777777775 0.545 0.05333333333333334 0.056666666666666664
5 0.010555555555555556 0.5391666666666667 0.01888888888888889 0.058333333333333334
5 0.07388888888888889 0.49416666666666664 0.05 0.035
5 0.24222222222222223 0.5725 0.024444444444444446 0.07833333333333334
5 0.2877777777777778 0.5133333333333333 0.06666666666666667 0.04666666666666667
5 0.33055555555555555 0.5525 0.027777777777777776 0.041666666666666664
5 0.23944444444444443 0.4975 0.016666666666666666 0.055
5 0.30833333333333335 0.46416666666666667 0.027777777777777776 0.058333333333333334
5 0.32722222222222225 0.43416666666666665 0.01888888888888889 0.03833333333333333
5 0.36333333333333334 0.4475 0.04888888888888889 0.021666666666666667
5 0.4527777777777778 0.4533333333333333 0.03222222222222222 0.03
5 0.4766666666666667 0.4216666666666667 0.03111111111111111 0.023333333333333334
5 0.4488888888888889 0.4175 0.024444444444444446 0.03833333333333333
5 0.4761111111111111 0.3875 0.04111111111111111 0.025
5 0.4622222222222222 0.36666666666666664 0.02666666666666667 0.013333333333333334
5 0.47333333333333333 0.355 0.03111111111111111 0.016666666666666666
5 0.45166666666666666 0.3383333333333333 0.03222222222222222 0.016666666666666666
5 0.5188888888888888 0.35 0.028888888888888888 0.016666666666666666
5 0.5677777777777778 0.35083333333333333 0.03333333333333333 0.025
5 0.48 0.33 0.006666666666666667 0.02
17 0.7233333333333334 0.4925 0.028888888888888888 0.065
17 0.7177777777777777 0.5358333333333334 0.051111111111111114 0.021666666666666667
17 0.6827777777777778 0.49166666666666664 0.021111111111111112 0.07333333333333333
17 0.6511111111111111 0.52 0.04888888888888889 0.043333333333333335
17 0.6461111111111111 0.365 0.03 0.023333333333333334
10 0.8116666666666666 0.23916666666666667 0.0077777777777777776 0.015
17 0.2866666666666667 0.5766666666666667 0.05555555555555555 0.056666666666666664
17 0.1 0.7183333333333334 0.06666666666666667 0.11333333333333333
17 0.03 0.7158333333333333 0.057777777777777775 0.14833333333333334
17 0.27166666666666667 0.455 0.04555555555555556 0.04
17 0.33444444444444443 0.4075 0.015555555555555555 0.035
17 0.4266666666666667 0.3883333333333333 0.03333333333333333 0.016666666666666666
17 0.43277777777777776 0.3725 0.03222222222222222 0.011666666666666667
17 0.4177777777777778 0.3458333333333333 0.024444444444444446 0.018333333333333333
17 0.6616666666666666 0.2683333333333333 0.014444444444444444 0.016666666666666666
15 0.72 0.32166666666666666 0.011111111111111112 0.04
15 0.6205555555555555 0.39916666666666667 0.052222222222222225 0.03833333333333333
15 0.3844444444444444 0.36 0.04 0.03
10 0.3572222222222222 0.37083333333333335 0.014444444444444444 0.011666666666666667
15 0.5283333333333333 0.37833333333333335 0.04555555555555556 0.03333333333333333
11 0.725 0.5633333333333334 0.07 0.03333333333333333
11 0.7577777777777778 0.4141666666666667 0.04888888888888889 0.07166666666666667
11 0.73 0.25166666666666665 0.03111111111111111 0.023333333333333334
11 0.7172222222222222 0.2708333333333333 0.025555555555555557 0.011666666666666667
11 0.5433333333333333 0.31583333333333335 0.044444444444444446 0.051666666666666666
11 0.5022222222222222 0.3258333333333333 0.03333333333333333 0.035
11 0.6011111111111112 0.25083333333333335 0.024444444444444446 0.015
11 0.6261111111111111 0.26666666666666666 0.027777777777777776 0.023333333333333334
11 0.1661111111111111 0.5 0.10555555555555556 0.1
11 0.1988888888888889 0.5958333333333333 0.051111111111111114 0.08166666666666667
11 0.30444444444444446 0.38666666666666666 0.02666666666666667 0.043333333333333335
11 0.5777777777777777 0.2966666666666667 0.015555555555555555 0.04
11 0.6655555555555556 0.24916666666666668 0.017777777777777778 0.018333333333333333
11 0.6666666666666666 0.3283333333333333 0.042222222222222223 0.05
19 0.5155555555555555 0.5341666666666667 0.09555555555555556 0.09166666666666666
5 0.6983333333333334 0.3308333333333333 0.01 0.015
9 0.6977777777777778 0.30583333333333335 0.02 0.018333333333333333
9 0.02666666666666667 0.4483333333333333 0.051111111111111114 0.08333333333333333
5 0.10944444444444444 0.5725 0.05444444444444444 0.041666666666666664
19 0.37444444444444447 0.4891666666666667 0.07111111111111111 0.058333333333333334
19 0.3788888888888889 0.4075 0.06444444444444444 0.06166666666666667
11 0.21888888888888888 0.4525 0.013333333333333334 0.03833333333333333
