8 0.705 0.7633333333333333 0.35444444444444445 0.43333333333333335
8 0.32944444444444443 0.655 0.39666666666666667 0.33666666666666667
8 0.22444444444444445 0.3675 0.2911111111111111 0.32166666666666666
17 0.21944444444444444 0.9083333333333333 0.15444444444444444 0.18
17 0.05388888888888889 0.8233333333333334 0.10555555555555556 0.13
17 0.545 0.9775 0.11444444444444445 0.041666666666666664
17 0.37833333333333335 0.9516666666666667 0.15 0.09333333333333334
13 0.050555555555555555 0.69 0.0811111111111111 0.16666666666666666
5 0.13055555555555556 0.5216666666666666 0.09444444444444444 0.09333333333333334
13 0.065 0.475 0.052222222222222225 0.19666666666666666
13 0.018333333333333333 0.475 0.03222222222222222 0.14333333333333334
13 0.965 0.7083333333333334 0.06111111111111111 0.08333333333333333
13 0.9366666666666666 0.645 0.057777777777777775 0.05333333333333334
13 0.7761111111111111 0.545 0.06333333333333334 0.11
13 0.7233333333333334 0.5025 0.04666666666666667 0.14833333333333334
17 0.6833333333333333 0.46166666666666667 0.05333333333333334 0.14666666666666667
17 0.6066666666666667 0.48 0.11555555555555555 0.06666666666666667
17 0.47833333333333333 0.44666666666666666 0.11 0.08
17 0.5672222222222222 0.4033333333333333 0.09666666666666666 0.07333333333333333
17 0.4677777777777778 0.255 0.08888888888888889 0.11333333333333333
17 0.6183333333333333 0.25083333333333335 0.09666666666666666 0.11833333333333333
17 0.38555555555555554 0.18583333333333332 0.06666666666666667 0.058333333333333334
17 0.28 0.075 0.03333333333333333 0.07
17 0.11722222222222223 0.15166666666666667 0.058888888888888886 0.08666666666666667
17 0.04888888888888889 0.12333333333333334 0.06888888888888889 0.08333333333333333
17 0.04611111111111111 0.05583333333333333 0.07 0.03833333333333333
17 0.23833333333333334 0.049166666666666664 0.034444444444444444 0.021666666666666667
17 0.029444444444444443 0.015833333333333335 0.027777777777777776 0.028333333333333332
17 0.8055555555555556 0.2025 0.02666666666666667 0.045
17 0.8466666666666667 0.16333333333333333 0.07111111111111111 0.04666666666666667
17 0.875 0.41833333333333333 0.07666666666666666 0.09666666666666666
13 0.06555555555555556 0.018333333333333333 0.028888888888888888 0.03333333333333333
13 0.13166666666666665 0.06583333333333333 0.034444444444444444 0.06166666666666667
13 0.14777777777777779 0.025 0.03333333333333333 0.03666666666666667
13 0.28944444444444445 0.023333333333333334 0.04111111111111111 0.03333333333333333
13 0.24722222222222223 0.09916666666666667 0.043333333333333335 0.055
13 0.26722222222222225 0.14666666666666667 0.04111111111111111 0.04666666666666667
13 0.27111111111111114 0.18166666666666667 0.024444444444444446 0.03
13 0.15055555555555555 0.10166666666666667 0.016666666666666666 0.07666666666666666
13 0.1922222222222222 0.07333333333333333 0.035555555555555556 0.05333333333333334
13 0.1922222222222222 0.14833333333333334 0.022222222222222223 0.06333333333333334
13 0.7761111111111111 0.395 0.05444444444444444 0.15666666666666668
13 0.46055555555555555 0.12 0.04111111111111111 0.06
13 0.48777777777777775 0.16916666666666666 0.04 0.058333333333333334
13 0.32555555555555554 0.21916666666666668 0.03333333333333333 0.085
13 0.28555555555555556 0.2625 0.035555555555555556 0.045
13 0.3672222222222222 0.24833333333333332 0.043333333333333335 0.07666666666666666
13 0.47944444444444445 0.3466666666666667 0.04777777777777778 0.08
13 0.53 0.3325 0.03111111111111111 0.10166666666666667
13 0.41 0.42 0.04 0.1
10 0.8716666666666667 0.655 0.06333333333333334 0.13
13 0.6138888888888889 0.35833333333333334 0.052222222222222225 0.07333333333333333
4 0.06888888888888889 0.9333333333333333 0.13555555555555557 0.13333333333333333
16 0.9766666666666667 0.21416666666666667 0.04666666666666667 0.15166666666666667
15 0.7111111111111111 0.28583333333333333 0.15333333333333332 0.18833333333333332
5 0.7783333333333333 0.1325 0.15 0.12833333333333333
5 0.8905555555555555 0.049166666666666664 0.1322222222222222 0.09166666666666666
9 0.8416666666666667 0.28583333333333333 0.15 0.145
13 0.10055555555555555 0.18666666666666668 0.03888888888888889 0.07
5 0.37333333333333335 0.125 0.11777777777777777 0.08
20 0.925 0.17916666666666667 0.06555555555555556 0.10166666666666667
