5 0.7127777777777777 0.9184322033898306 0.14333333333333334 0.163135593220339
5 0.9088888888888889 0.9661016949152542 0.10888888888888888 0.06779661016949153
5 0.8666666666666667 0.8485169491525424 0.14222222222222222 0.163135593220339
5 0.6411111111111111 0.7786016949152542 0.11333333333333333 0.23516949152542374
5 0.9416666666666667 0.6959745762711864 0.11444444444444445 0.12076271186440678
5 0.8177777777777778 0.7192796610169492 0.11333333333333333 0.13771186440677965
5 0.5994444444444444 0.6197033898305084 0.0811111111111111 0.07838983050847458
5 0.6227777777777778 0.5466101694915254 0.0811111111111111 0.05508474576271186
5 0.6977777777777778 0.5625 0.05555555555555555 0.1504237288135593
5 0.5744444444444444 0.4894067796610169 0.07555555555555556 0.06779661016949153
5 0.5644444444444444 0.4300847457627119 0.05555555555555555 0.05084745762711865
5 0.5555555555555556 0.388771186440678 0.04888888888888889 0.036016949152542374
5 0.5505555555555556 0.3548728813559322 0.03666666666666667 0.03177966101694915
5 0.86 0.4978813559322034 0.042222222222222223 0.0847457627118644
5 0.8666666666666667 0.5985169491525424 0.06888888888888889 0.10805084745762712
5 0.19722222222222222 0.7584745762711864 0.11444444444444445 0.16101694915254236
5 0.2911111111111111 0.6430084745762712 0.08666666666666667 0.13347457627118645
5 0.15777777777777777 0.586864406779661 0.044444444444444446 0.07203389830508475
5 0.24833333333333332 0.5190677966101694 0.052222222222222225 0.09745762711864407
5 0.6005555555555555 0.3855932203389831 0.025555555555555557 0.07627118644067797
5 0.024444444444444446 0.9555084745762712 0.04666666666666667 0.08898305084745763
5 0.4011111111111111 0.6726694915254238 0.10222222222222223 0.07838983050847458
5 0.3927777777777778 0.3241525423728814 0.025555555555555557 0.06779661016949153
5 0.34944444444444445 0.2860169491525424 0.01888888888888889 0.0423728813559322
5 0.3244444444444444 0.3188559322033898 0.02666666666666667 0.04025423728813559
5 0.29777777777777775 0.3675847457627119 0.04 0.048728813559322036
5 0.3811111111111111 0.2595338983050847 0.02 0.03177966101694915
5 0.4216666666666667 0.2563559322033898 0.03 0.03389830508474576
5 0.29055555555555557 0.2605932203389831 0.025555555555555557 0.025423728813559324
5 0.33444444444444443 0.4703389830508475 0.057777777777777775 0.046610169491525424
5 0.3416666666666667 0.4014830508474576 0.03222222222222222 0.06567796610169492
5 0.33444444444444443 0.9682203389830508 0.16444444444444445 0.0635593220338983
5 0.5577777777777778 0.23834745762711865 0.024444444444444446 0.023305084745762712
5 0.31833333333333336 0.2648305084745763 0.027777777777777776 0.01694915254237288
5 0.4488888888888889 0.24258474576271186 0.017777777777777778 0.02754237288135593
5 0.9088888888888889 0.4216101694915254 0.07111111111111111 0.05508474576271186
9 0.9577777777777777 0.548728813559322 0.08 0.1483050847457627
9 0.7811111111111111 0.5794491525423728 0.1 0.1461864406779661
9 0.7861111111111111 0.3739406779661017 0.04111111111111111 0.125
17 0.8311111111111111 0.4173728813559322 0.044444444444444446 0.0635593220338983
17 0.7361111111111112 0.4565677966101695 0.034444444444444444 0.06991525423728813
17 0.6361111111111111 0.3855932203389831 0.03666666666666667 0.029661016949152543
17 0.5633333333333334 0.3040254237288136 0.03333333333333333 0.03177966101694915
17 0.03666666666666667 0.8008474576271186 0.06888888888888889 0.21610169491525424
17 0.6038888888888889 0.336864406779661 0.034444444444444444 0.01694915254237288
11 0.5483333333333333 0.2033898305084746 0.025555555555555557 0.046610169491525424
11 0.06 0.4735169491525424 0.07555555555555556 0.15466101694915255
10 0.21888888888888888 0.6366525423728814 0.042222222222222223 0.0826271186440678
10 0.5455555555555556 0.649364406779661 0.022222222222222223 0.10805084745762712
10 0.8644444444444445 0.4184322033898305 0.02 0.048728813559322036
11 0.35333333333333333 0.8241525423728814 0.14444444444444443 0.2245762711864407
10 0.21888888888888888 0.3220338983050847 0.017777777777777778 0.0211864406779661
10 0.235 0.3135593220338983 0.0077777777777777776 0.03389830508474576
9 0.26 0.3019067796610169 0.03777777777777778 0.057203389830508475
4 0.24055555555555555 0.24152542372881355 0.052222222222222225 0.07627118644067797
4 0.32 0.2044491525423729 0.051111111111111114 0.08686440677966102
4 0.375 0.19809322033898305 0.052222222222222225 0.06567796610169492
4 0.095 0.3453389830508475 0.13444444444444445 0.1016949152542373
8 0.19444444444444445 0.3930084745762712 0.09555555555555556 0.11652542372881355
15 0.28 0.4269067796610169 0.07555555555555556 0.06567796610169492
15 0.14888888888888888 0.4968220338983051 0.09777777777777778 0.0826271186440678
15 0.42833333333333334 0.3591101694915254 0.04777777777777778 0.048728813559322036
9 0.44222222222222224 0.2913135593220339 0.03777777777777778 0.03177966101694915
15 0.39666666666666667 0.4088983050847458 0.07111111111111111 0.05508474576271186
9 0.3983333333333333 0.4819915254237288 0.06777777777777778 0.0614406779661017
9 0.4033333333333333 0.576271186440678 0.08444444444444445 0.11864406779661017
9 0.10333333333333333 0.6970338983050848 0.06 0.2033898305084746
4 0.605 0.2468220338983051 0.06555555555555556 0.09110169491525423
4 0.6938888888888889 0.3061440677966102 0.10777777777777778 0.13771186440677965
4 0.7688888888888888 0.2669491525423729 0.035555555555555556 0.0635593220338983
4 0.6922222222222222 0.21398305084745764 0.06 0.05084745762711865
4 0.6477777777777778 0.1864406779661017 0.028888888888888888 0.059322033898305086
4 0.6161111111111112 0.17372881355932204 0.03222222222222222 0.05508474576271186
4 0.575 0.1694915254237288 0.027777777777777776 0.046610169491525424
4 0.595 0.1673728813559322 0.01 0.05508474576271186
19 0.6766666666666666 0.4449152542372881 0.07777777777777778 0.09745762711864407
9 0.455 0.19597457627118645 0.021111111111111112 0.03177966101694915
10 0.4638888888888889 0.2330508474576271 0.01 0.029661016949152543
5 0.15166666666666667 0.9163135593220338 0.1811111111111111 0.1673728813559322
