17 0.8895405669599218 0.8846715328467153 0.08602150537634409 0.14890510948905109
17 0.35826001955034215 0.5627737226277372 0.016617790811339198 0.030656934306569343
5 0.2209188660801564 0.881021897810219 0.11730205278592376 0.1386861313868613
5 0.6656891495601173 0.7897810218978102 0.08211143695014662 0.10802919708029197
5 0.6612903225806451 0.6824817518248175 0.05180840664711633 0.06277372262773723
5 0.36950146627565983 0.6525547445255474 0.044965786901270774 0.049635036496350364
5 0.42179863147605084 0.6007299270072993 0.028347996089931573 0.03941605839416058
5 0.48484848484848486 0.5335766423357664 0.017595307917888565 0.01897810218978102
5 0.40371456500488756 0.5452554744525547 0.019550342130987292 0.021897810218978103
5 0.5547409579667644 0.6014598540145986 0.022482893450635387 0.049635036496350364
5 0.41397849462365593 0.5131386861313869 0.01466275659824047 0.016058394160583942
5 0.4731182795698925 0.49343065693430654 0.009775171065493646 0.01167883211678832
16 0.4032258064516129 0.527007299270073 0.016617790811339198 0.01167883211678832
10 0.38269794721407624 0.6058394160583942 0.01270772238514174 0.040875912408759124
9 0.17497556207233628 0.7065693430656934 0.07233626588465299 0.08467153284671533
5 0.05913978494623656 0.6613138686131387 0.06744868035190615 0.049635036496350364
5 0.10557184750733138 0.6321167883211679 0.043010752688172046 0.040875912408759124
5 0.23900293255131966 0.5744525547445255 0.030303030303030304 0.030656934306569343
5 0.2644183773216031 0.5686131386861314 0.016617790811339198 0.027737226277372264
5 0.23704789833822093 0.5503649635036496 0.03225806451612903 0.014598540145985401
13 0.054252199413489736 0.7211678832116788 0.03616813294232649 0.06423357664233577
13 0.021994134897360705 0.7401459854014598 0.030303030303030304 0.06715328467153285
9 0.3836754643206256 0.7656934306569343 0.06744868035190615 0.11240875912408758
10 0.5327468230694037 0.5197080291970803 0.007820136852394917 0.017518248175182483
10 0.5488758553274682 0.5197080291970803 0.004887585532746823 0.020437956204379562
11 0.43841642228739003 0.545985401459854 0.020527859237536656 0.029197080291970802
4 0.5117302052785924 0.6124087591240875 0.06158357771260997 0.12700729927007298
4 0.43206256109481916 0.5182481751824818 0.019550342130987292 0.02335766423357664
4 0.436950146627566 0.49635036496350365 0.019550342130987292 0.017518248175182483
4 0.4789833822091887 0.47153284671532847 0.007820136852394917 0.014598540145985401
18 0.4912023460410557 0.49708029197080295 0.016617790811339198 0.033576642335766425
13 0.16862170087976538 0.6445255474452555 0.022482893450635387 0.05401459854014599
13 0.08651026392961877 0.6941605839416058 0.028347996089931573 0.06277372262773723
