3 0.1669921875 0.8906030855539971 0.04296875 0.08695652173913043
5 0.68212890625 0.8162692847124825 0.0947265625 0.10659186535764376
5 0.806640625 0.7861150070126227 0.048828125 0.0546984572230014
5 0.755859375 0.7847124824684432 0.044921875 0.04908835904628331
5 0.83740234375 0.7741935483870968 0.0185546875 0.04488078541374474
17 0.55810546875 0.802945301542777 0.0419921875 0.07433380084151472
17 0.61669921875 0.7952314165497896 0.0439453125 0.07573632538569425
4 0.97412109375 0.7335203366058906 0.0517578125 0.10659186535764376
4 0.92919921875 0.7545582047685835 0.0244140625 0.05329593267882188
0 0.77490234375 0.761570827489481 0.0302734375 0.033660589060308554
