7 0.1315625 0.7196613358419567 0.139375 0.15804327375352775
13 0.1009375 0.6011288805268109 0.065625 0.07525870178739416
13 0.1609375 0.5536218250235183 0.050625 0.08184383819379115
13 0.2959375 0.5268109125117592 0.035625 0.07902163687676388
13 0.33 0.49388523047977423 0.02875 0.0658513640639699
13 0.22125 0.41439322671683915 0.02375 0.04045155221072436
13 0.4390625 0.3621825023518344 0.010625 0.016933207902163686
13 0.423125 0.3711194731890875 0.015 0.02539981185324553
3 0.1840625 0.42850423330197557 0.016875 0.02539981185324553
13 0.235 0.46613358419567263 0.02375 0.03857008466603951
13 0.224375 0.4995296331138288 0.025 0.05644402634054563
13 0.2015625 0.5098777046095955 0.029375 0.060206961429915336
13 0.399375 0.380997177798683 0.02375 0.030103480714957668
15 0.5096875 0.6110065851364064 0.074375 0.12699905926622765
16 0.6465625 0.6495766698024459 0.070625 0.1251175917215428
5 0.6359375 0.44261523988711193 0.035625 0.053621825023518345
3 0.565625 0.4299153339604892 0.03 0.028222013170272814
17 0.9090625 0.7403574788334901 0.081875 0.1636876763875823
4 0.79125 0.6923800564440263 0.1575 0.35183443085606775
5 0.5753125 0.3659454374412041 0.021875 0.02634054562558796
11 0.625625 0.34995296331138287 0.0175 0.02634054562558796
13 0.6278125 0.3264346190028222 0.009375 0.005644402634054563
4 0.609375 0.32031984948259645 0.015 0.027281279397930385
15 0.5975 0.3508936970837253 0.0175 0.022577610536218252
15 0.5903125 0.3339604891815616 0.015625 0.011288805268109126
17 0.5896875 0.3033866415804327 0.006875 0.010348071495766699
17 0.6025 0.29727187206020694 0.005 0.007525870178739417
4 0.5478125 0.32408278457196615 0.019375 0.01599247412982126
4 0.5603125 0.2982126058325494 0.011875 0.016933207902163686
13 0.51875 0.33113828786453436 0.00625 0.015051740357478834
13 0.5046875 0.33537158984007526 0.009375 0.01599247412982126
10 0.636875 0.345719661335842 0.005 0.014111006585136407
