2 0.9435185185185185 0.8871866295264624 0.11296296296296296 0.2200557103064067
9 0.3648148148148148 0.8607242339832869 0.11481481481481481 0.2618384401114206
5 0.26296296296296295 0.6740947075208914 0.09259259259259259 0.14484679665738162
17 0.1037037037037037 0.6197771587743732 0.07037037037037037 0.11977715877437325
17 0.1925925925925926 0.6002785515320335 0.06296296296296296 0.11420612813370473
16 0.3731481481481482 0.6016713091922006 0.06111111111111111 0.10584958217270195
17 0.9268518518518518 0.6977715877437326 0.10925925925925926 0.14206128133704735
10 0.8212962962962963 0.8119777158774373 0.04259259259259259 0.10863509749303621
4 0.6583333333333333 0.6991643454038997 0.28703703703703703 0.5292479108635098
5 0.7685185185185185 0.6086350974930362 0.1037037037037037 0.12534818941504178
3 0.7777777777777778 0.5376044568245125 0.040740740740740744 0.055710306406685235
4 0.6342592592592593 0.3969359331476323 0.09444444444444444 0.1309192200557103
4 0.5666666666666667 0.38997214484679665 0.06666666666666667 0.0947075208913649
17 0.49537037037037035 0.47075208913649025 0.03518518518518519 0.08356545961002786
9 0.39444444444444443 0.4972144846796657 0.04814814814814815 0.09192200557103064
17 0.3212962962962963 0.5167130919220055 0.05 0.09749303621169916
17 0.18703703703703703 0.48746518105849584 0.044444444444444446 0.07242339832869081
17 0.17592592592592593 0.45125348189415043 0.037037037037037035 0.06128133704735376
17 0.3037037037037037 0.4763231197771588 0.03333333333333333 0.07242339832869081
5 0.2601851851851852 0.4582172701949861 0.05740740740740741 0.06406685236768803
5 0.24537037037037038 0.4220055710306407 0.053703703703703705 0.0584958217270195
5 0.2101851851851852 0.403899721448468 0.03888888888888889 0.04456824512534819
5 0.48333333333333334 0.41086350974930363 0.02962962962962963 0.04178272980501393
15 0.38981481481481484 0.42618384401114207 0.03888888888888889 0.05013927576601671
17 0.3388888888888889 0.4331476323119777 0.03333333333333333 0.06963788300835655
17 0.30925925925925923 0.4178272980501393 0.02962962962962963 0.04456824512534819
5 0.4777777777777778 0.36768802228412256 0.037037037037037035 0.04456824512534819
4 0.3490740740740741 0.362116991643454 0.05 0.07799442896935933
4 0.29074074074074074 0.3398328690807799 0.05925925925925926 0.07242339832869081
5 0.24814814814814815 0.3565459610027855 0.025925925925925925 0.033426183844011144
5 0.3925925925925926 0.36768802228412256 0.03333333333333333 0.04456824512534819
5 0.38796296296296295 0.3342618384401114 0.027777777777777776 0.027855153203342618
4 0.3212962962962963 0.2799442896935933 0.04259259259259259 0.052924791086350974
4 0.5694444444444444 0.26740947075208915 0.06111111111111111 0.03899721448467967
5 0.38796296296296295 0.3147632311977716 0.020370370370370372 0.016713091922005572
