17 0.885 0.9228571428571428 0.10230769230769231 0.15428571428571428
17 0.09807692307692308 0.735 0.08538461538461538 0.13
17 0.19884615384615384 0.5821428571428572 0.04384615384615385 0.08142857142857143
17 0.22346153846153846 0.5192857142857142 0.022307692307692306 0.05857142857142857
17 0.36 0.5442857142857143 0.03538461538461538 0.07714285714285714
17 0.33115384615384613 0.5042857142857143 0.025384615384615384 0.06571428571428571
17 0.3211538461538462 0.4614285714285714 0.022307692307692306 0.03142857142857143
17 0.37461538461538463 0.45785714285714285 0.027692307692307693 0.047142857142857146
17 0.45269230769230767 0.4521428571428571 0.02076923076923077 0.05
17 0.43576923076923074 0.44142857142857145 0.013076923076923076 0.045714285714285714
17 0.7592307692307693 0.7471428571428571 0.052307692307692305 0.14857142857142858
17 0.818076923076923 0.6957142857142857 0.040769230769230766 0.08285714285714285
17 0.7873076923076923 0.6264285714285714 0.05153846153846154 0.04428571428571428
17 0.6134615384615385 0.7742857142857142 0.03461538461538462 0.10285714285714286
14 0.5523076923076923 0.5885714285714285 0.023076923076923078 0.06285714285714286
10 0.6176923076923077 0.455 0.015384615384615385 0.03571428571428571
13 0.6557692307692308 0.405 0.016153846153846154 0.041428571428571426
4 0.605 0.37142857142857144 0.019230769230769232 0.045714285714285714
10 0.5934615384615385 0.3514285714285714 0.006923076923076923 0.02
13 0.8538461538461538 0.7857142857142857 0.046153846153846156 0.11714285714285715
13 0.8084615384615385 0.8521428571428571 0.04461538461538461 0.1957142857142857
5 0.703076923076923 0.49785714285714283 0.043076923076923075 0.06142857142857143
17 0.5373076923076923 0.3457142857142857 0.01 0.02
4 0.5192307692307693 0.3757142857142857 0.026153846153846153 0.04857142857142857
13 0.495 0.37642857142857145 0.011538461538461539 0.03
13 0.455 0.41 0.016153846153846154 0.04
4 0.40807692307692306 0.41785714285714287 0.04384615384615385 0.06428571428571428
19 0.2569230769230769 0.55 0.043076923076923075 0.09142857142857143
13 0.15538461538461537 0.6014285714285714 0.04 0.07142857142857142
5 0.08076923076923077 0.6307142857142857 0.09538461538461539 0.08142857142857143
10 0.9534615384615385 0.7585714285714286 0.04384615384615385 0.08857142857142856
10 0.9253846153846154 0.7142857142857143 0.03076923076923077 0.08
10 0.8526923076923076 0.7064285714285714 0.026923076923076925 0.05857142857142857
10 0.8092307692307692 0.5657142857142857 0.013846153846153847 0.054285714285714284
