4 0.79736328125 0.7644376899696048 0.2177734375 0.13677811550151975
4 0.5791015625 0.8077507598784195 0.16796875 0.135258358662614
4 0.38623046875 0.8427051671732523 0.2119140625 0.135258358662614
4 0.03564453125 0.8351063829787234 0.0673828125 0.14437689969604864
11 0.0400390625 0.7036474164133738 0.076171875 0.13677811550151975
19 0.04833984375 0.5706686930091185 0.0712890625 0.13221884498480244
9 0.1064453125 0.47720364741641336 0.048828125 0.12158054711246201
5 0.33740234375 0.5965045592705167 0.0732421875 0.08358662613981763
19 0.2568359375 0.506838905775076 0.076171875 0.10182370820668693
4 0.41162109375 0.5273556231003039 0.1533203125 0.11550151975683891
4 0.5380859375 0.4703647416413374 0.140625 0.07142857142857142
4 0.6884765625 0.5448328267477204 0.16796875 0.08966565349544073
7 0.09326171875 0.3221884498480243 0.0458984375 0.09422492401215805
11 0.189453125 0.35638297872340424 0.04296875 0.09878419452887538
4 0.27978515625 0.4209726443768997 0.1005859375 0.17325227963525835
4 0.14013671875 0.2196048632218845 0.0498046875 0.1838905775075988
4 0.18701171875 0.23024316109422494 0.0380859375 0.12613981762917933
4 0.22314453125 0.1466565349544073 0.0380859375 0.12613981762917933
4 0.27001953125 0.06610942249240122 0.0595703125 0.05927051671732523
4 0.25537109375 0.019756838905775075 0.0517578125 0.0364741641337386
4 0.3349609375 0.13753799392097266 0.1015625 0.10486322188449848
4 0.41357421875 0.24924012158054712 0.0830078125 0.1276595744680851
5 0.16650390625 0.07750759878419453 0.0283203125 0.057750759878419454
19 0.13720703125 0.11398176291793313 0.0302734375 0.0364741641337386
4 0.04833984375 0.06610942249240122 0.0947265625 0.12613981762917933
17 0.18359375 0.014437689969604863 0.0234375 0.025835866261398176
4 0.701171875 0.47188449848024316 0.13671875 0.06231003039513678
4 0.525390625 0.34574468085106386 0.125 0.16869300911854104
4 0.66357421875 0.3882978723404255 0.1494140625 0.11094224924012158
4 0.8701171875 0.5129179331306991 0.1328125 0.09878419452887538
4 0.9326171875 0.4452887537993921 0.134765625 0.0668693009118541
4 0.95654296875 0.39969604863221886 0.0869140625 0.0364741641337386
4 0.9677734375 0.5243161094224924 0.064453125 0.10030395136778116
13 0.1572265625 0.3541033434650456 0.03125 0.05167173252279635
13 0.173828125 0.4886018237082067 0.03515625 0.05015197568389058
13 0.19189453125 0.04559270516717325 0.0166015625 0.0425531914893617
13 0.22265625 0.05319148936170213 0.021484375 0.04559270516717325
13 0.3115234375 0.06306990881458967 0.015625 0.037993920972644375
13 0.19189453125 0.1466565349544073 0.0224609375 0.034954407294832825
13 0.24072265625 0.9148936170212766 0.0498046875 0.05167173252279635
3 0.10107421875 0.6983282674772037 0.0224609375 0.05623100303951368
13 0.2138671875 0.9513677811550152 0.0546875 0.0790273556231003
13 0.26025390625 0.6876899696048632 0.0361328125 0.05319148936170213
13 0.3115234375 0.675531914893617 0.044921875 0.044072948328267476
13 0.296875 0.6367781155015197 0.0625 0.0364741641337386
13 0.2333984375 0.5896656534954408 0.03515625 0.0790273556231003
13 0.26318359375 0.6025835866261399 0.0244140625 0.04711246200607903
13 0.29736328125 0.5433130699088146 0.0283203125 0.028875379939209727
13 0.3125 0.3655015197568389 0.0234375 0.07142857142857142
13 0.333984375 0.3731003039513678 0.01953125 0.05927051671732523
13 0.34912109375 0.3434650455927052 0.0205078125 0.0486322188449848
13 0.2666015625 0.31534954407294835 0.029296875 0.06231003039513678
13 0.28271484375 0.28191489361702127 0.0263671875 0.05927051671732523
13 0.3876953125 0.6170212765957447 0.03125 0.03343465045592705
13 0.3818359375 0.5737082066869301 0.03125 0.05623100303951368
13 0.36767578125 0.36930091185410335 0.0185546875 0.0425531914893617
13 0.3896484375 0.38753799392097266 0.01953125 0.05167173252279635
13 0.4140625 0.39361702127659576 0.0234375 0.0729483282674772
13 0.4375 0.3837386018237082 0.01953125 0.05927051671732523
13 0.4287109375 0.3427051671732523 0.0234375 0.019756838905775075
13 0.54638671875 0.9103343465045592 0.0576171875 0.060790273556231005
3 0.49951171875 0.9285714285714286 0.0361328125 0.04559270516717325
13 0.42041015625 0.6367781155015197 0.0341796875 0.04559270516717325
13 0.462890625 0.6177811550151976 0.037109375 0.04711246200607903
13 0.51123046875 0.6253799392097265 0.0498046875 0.05319148936170213
13 0.40625 0.44756838905775076 0.041015625 0.034954407294832825
13 0.4345703125 0.45592705167173253 0.025390625 0.030395136778115502
13 0.5576171875 0.6299392097264438 0.0390625 0.05015197568389058
13 0.53271484375 0.5919452887537994 0.0361328125 0.031914893617021274
10 0.5205078125 0.5387537993920972 0.033203125 0.022796352583586626
13 0.53857421875 0.5638297872340425 0.0263671875 0.0425531914893617
13 0.57763671875 0.5889057750759878 0.0361328125 0.041033434650455926
13 0.56298828125 0.5334346504559271 0.0439453125 0.0364741641337386
13 0.6123046875 0.6056231003039514 0.041015625 0.041033434650455926
13 0.64501953125 0.6056231003039514 0.0185546875 0.05015197568389058
13 0.673828125 0.6322188449848024 0.041015625 0.0486322188449848
13 0.7138671875 0.6428571428571429 0.037109375 0.0547112462006079
13 0.75732421875 0.6352583586626139 0.0458984375 0.0547112462006079
13 0.78466796875 0.5714285714285714 0.0185546875 0.0547112462006079
13 0.80078125 0.6344984802431611 0.037109375 0.05319148936170213
13 0.79150390625 0.5911854103343465 0.0205078125 0.02735562310030395
13 0.84033203125 0.6344984802431611 0.0361328125 0.05015197568389058
13 0.9521484375 0.628419452887538 0.02734375 0.041033434650455926
13 0.98583984375 0.6200607902735562 0.0263671875 0.0547112462006079
13 0.82470703125 0.5858662613981763 0.0302734375 0.031914893617021274
13 0.7880859375 0.5015197568389058 0.025390625 0.057750759878419454
13 0.77783203125 0.44072948328267475 0.0224609375 0.05167173252279635
13 0.9423828125 0.5828267477203647 0.021484375 0.044072948328267476
13 0.9130859375 0.6048632218844985 0.0234375 0.03951367781155015
13 0.900390625 0.567629179331307 0.0234375 0.034954407294832825
13 0.85791015625 0.5638297872340425 0.0185546875 0.030395136778115502
17 0.876953125 0.5995440729483282 0.052734375 0.04711246200607903
13 0.6181640625 0.4627659574468085 0.01953125 0.044072948328267476
13 0.79833984375 0.46200607902735563 0.0126953125 0.03343465045592705
