10 0.7096153846153846 0.720467032967033 0.036153846153846154 0.10851648351648352
17 0.61 0.4498626373626374 0.02923076923076923 0.07005494505494506
17 0.5765384615384616 0.5185439560439561 0.036153846153846154 0.09203296703296704
17 0.5269230769230769 0.5831043956043956 0.04153846153846154 0.11126373626373626
17 0.4796153846153846 0.5350274725274725 0.04230769230769231 0.10027472527472528
17 0.41846153846153844 0.3385989010989011 0.02 0.028846153846153848
17 0.4157692307692308 0.3756868131868132 0.011538461538461539 0.042582417582417584
17 0.4307692307692308 0.3798076923076923 0.02 0.03708791208791209
5 0.536923076923077 0.41620879120879123 0.03076923076923077 0.04945054945054945
5 0.34807692307692306 0.5377747252747253 0.06846153846153846 0.07554945054945054
5 0.4219230769230769 0.4271978021978022 0.03769230769230769 0.0521978021978022
5 0.46923076923076923 0.3626373626373626 0.026153846153846153 0.038461538461538464
5 0.5596153846153846 0.27815934065934067 0.011538461538461539 0.020604395604395604
17 0.5134615384615384 0.3001373626373626 0.005384615384615384 0.020604395604395604
11 0.4765384615384615 0.3021978021978022 0.014615384615384615 0.03296703296703297
