4 0.880625 0.7544444444444445 0.23625 0.4911111111111111
19 0.7075 0.6144444444444445 0.1 0.2111111111111111
10 0.621875 0.7633333333333333 0.04375 0.09111111111111111
10 0.688125 0.8855555555555555 0.03625 0.14
17 0.6725 0.9755555555555555 0.0925 0.04888888888888889
5 0.520625 0.9455555555555556 0.12125 0.10888888888888888
5 0.310625 0.9633333333333334 0.13125 0.07333333333333333
5 0.285 0.8288888888888889 0.13 0.18666666666666668
5 0.419375 0.8333333333333334 0.10375 0.2311111111111111
5 0.3225 0.6844444444444444 0.1 0.12
5 0.028125 0.6566666666666666 0.04125 0.11777777777777777
5 0.158125 0.5244444444444445 0.08875 0.09777777777777778
5 0.063125 0.41555555555555557 0.07625 0.06222222222222222
5 0.115625 0.4633333333333333 0.03125 0.08222222222222222
5 0.1175 0.3688888888888889 0.055 0.06222222222222222
5 0.066875 0.36777777777777776 0.04375 0.04666666666666667
5 0.43375 0.6444444444444445 0.0925 0.16
5 0.35125 0.5744444444444444 0.075 0.09555555555555556
5 0.374375 0.5022222222222222 0.08125 0.057777777777777775
5 0.3875 0.44555555555555554 0.065 0.05555555555555555
5 0.394375 0.4011111111111111 0.05875 0.03333333333333333
5 0.5425 0.5977777777777777 0.075 0.057777777777777775
5 0.6275 0.39666666666666667 0.04 0.06
5 0.65 0.34555555555555556 0.035 0.04666666666666667
5 0.465 0.38 0.0475 0.04
16 0.476875 0.3433333333333333 0.03875 0.03777777777777778
5 0.59 0.24222222222222223 0.015 0.044444444444444446
5 0.6125 0.26222222222222225 0.025 0.02666666666666667
5 0.61375 0.3 0.035 0.04
5 0.58125 0.3211111111111111 0.025 0.028888888888888888
5 0.3575 0.2911111111111111 0.0075 0.05333333333333334
15 0.715 0.4677777777777778 0.0875 0.07333333333333333
15 0.69625 0.39666666666666667 0.06 0.07333333333333333
15 0.5375 0.4533333333333333 0.0825 0.05333333333333334
15 0.358125 0.21888888888888888 0.02625 0.03333333333333333
4 0.534375 0.23777777777777778 0.06125 0.08
4 0.548125 0.17888888888888888 0.04875 0.03333333333333333
4 0.509375 0.15666666666666668 0.03875 0.04666666666666667
4 0.459375 0.2 0.03875 0.04888888888888889
8 0.4375 0.24666666666666667 0.0475 0.057777777777777775
4 0.275 0.26666666666666666 0.075 0.1111111111111111
4 0.164375 0.31 0.11625 0.11777777777777777
4 0.57 0.14666666666666667 0.0325 0.02666666666666667
4 0.54125 0.14444444444444443 0.025 0.03111111111111111
15 0.1275 0.6833333333333333 0.1275 0.1622222222222222
10 0.085 0.5733333333333334 0.0375 0.035555555555555556
9 0.016875 0.5111111111111111 0.02625 0.1288888888888889
19 0.251875 0.3844444444444444 0.06125 0.08
19 0.23375 0.48 0.0625 0.10666666666666667
19 0.45875 0.4411111111111111 0.0575 0.07777777777777778
19 0.410625 0.34555555555555556 0.05625 0.06888888888888889
5 0.491875 0.29777777777777775 0.04375 0.04
15 0.53125 0.36666666666666664 0.06 0.06222222222222222
15 0.434375 0.2966666666666667 0.03625 0.03333333333333333
5 0.474375 0.2611111111111111 0.01375 0.042222222222222223
11 0.449375 0.5266666666666666 0.07125 0.07111111111111111
17 0.584375 0.37555555555555553 0.03125 0.07111111111111111
17 0.655625 0.30333333333333334 0.03625 0.03333333333333333
4 0.586875 0.18333333333333332 0.02375 0.03333333333333333
9 0.55375 0.52 0.0775 0.09333333333333334
9 0.625625 0.5188888888888888 0.06625 0.17555555555555555
7 0.54125 0.7611111111111111 0.095 0.2644444444444444
15 0.331875 0.24222222222222223 0.03125 0.04
15 0.5425 0.2966666666666667 0.035 0.024444444444444446
