17 0.5653846153846154 0.8715659340659341 0.08 0.17994505494505494
5 0.7961538461538461 0.929945054945055 0.11076923076923077 0.13736263736263737
5 0.96 0.9505494505494505 0.08 0.09340659340659341
5 0.9523076923076923 0.864010989010989 0.09538461538461539 0.12637362637362637
9 0.8042307692307692 0.7760989010989011 0.09769230769230769 0.17307692307692307
17 0.9315384615384615 0.7836538461538461 0.07384615384615385 0.14972527472527472
11 0.9123076923076923 0.6854395604395604 0.1 0.17307692307692307
5 0.7430769230769231 0.7596153846153846 0.038461538461538464 0.1346153846153846
4 0.5934615384615385 0.6586538461538461 0.14692307692307693 0.4766483516483517
11 0.6811538461538461 0.7122252747252747 0.026923076923076925 0.16071428571428573
9 0.8253846153846154 0.6593406593406593 0.07230769230769231 0.0989010989010989
9 0.7611538461538462 0.6304945054945055 0.07307692307692308 0.12087912087912088
17 0.8438461538461538 0.5851648351648352 0.047692307692307694 0.057692307692307696
17 0.7930769230769231 0.5535714285714286 0.04153846153846154 0.054945054945054944
17 0.7530769230769231 0.554945054945055 0.04461538461538461 0.03571428571428571
17 0.7153846153846154 0.5652472527472527 0.02923076923076923 0.10851648351648352
11 0.6842307692307692 0.5885989010989011 0.02846153846153846 0.10302197802197802
5 0.7557692307692307 0.4876373626373626 0.045384615384615384 0.06593406593406594
5 0.6923076923076923 0.47046703296703296 0.04461538461538461 0.07554945054945054
17 0.7288461538461538 0.4210164835164835 0.03 0.08104395604395605
17 0.7965384615384615 0.3708791208791209 0.03461538461538462 0.06868131868131869
11 0.7569230769230769 0.3701923076923077 0.05692307692307692 0.13873626373626374
11 0.6434615384615384 0.39629120879120877 0.04692307692307692 0.050824175824175824
10 0.705 0.39354395604395603 0.016153846153846154 0.04532967032967033
5 0.698076923076923 0.35782967032967034 0.03923076923076923 0.059065934065934064
4 0.7234615384615385 0.30288461538461536 0.04692307692307692 0.07005494505494506
4 0.6203846153846154 0.3585164835164835 0.05923076923076923 0.12362637362637363
4 0.6973076923076923 0.2445054945054945 0.036153846153846154 0.046703296703296704
5 0.671923076923077 0.34684065934065933 0.022307692307692306 0.05631868131868132
11 0.07769230769230769 0.9285714285714286 0.15384615384615385 0.1346153846153846
12 0.15923076923076923 0.8399725274725275 0.19538461538461538 0.3118131868131868
5 0.27884615384615385 0.8111263736263736 0.06230769230769231 0.14697802197802198
5 0.3688461538461538 0.6923076923076923 0.08384615384615385 0.12087912087912088
5 0.37346153846153846 0.6050824175824175 0.07153846153846154 0.06456043956043957
15 0.255 0.6957417582417582 0.09307692307692307 0.08104395604395605
5 0.2873076923076923 0.6758241758241759 0.05923076923076923 0.0989010989010989
11 0.2815384615384615 0.5350274725274725 0.06461538461538462 0.07554945054945054
15 0.27692307692307694 0.6037087912087912 0.07230769230769231 0.061813186813186816
5 0.36230769230769233 0.5831043956043956 0.06 0.0673076923076923
5 0.03076923076923077 0.8021978021978022 0.06 0.07417582417582418
17 0.03576923076923077 0.7438186813186813 0.05923076923076923 0.08104395604395605
9 0.1503846153846154 0.6497252747252747 0.0823076923076923 0.057692307692307696
5 0.027307692307692307 0.6929945054945055 0.05307692307692308 0.06456043956043957
5 0.0726923076923077 0.6490384615384616 0.07307692307692308 0.06456043956043957
5 0.021538461538461538 0.595467032967033 0.04153846153846154 0.07280219780219781
5 0.09346153846153846 0.6023351648351648 0.06538461538461539 0.028846153846153848
9 0.18153846153846154 0.6222527472527473 0.07384615384615385 0.07142857142857142
11 0.17807692307692308 0.5645604395604396 0.06230769230769231 0.054945054945054944
5 0.22615384615384615 0.5762362637362637 0.033846153846153845 0.08379120879120878
5 0.33576923076923076 0.5391483516483516 0.045384615384615384 0.0782967032967033
5 0.6461538461538462 0.22802197802197802 0.015384615384615385 0.03021978021978022
11 0.041923076923076924 0.5178571428571429 0.06230769230769231 0.12637362637362637
17 0.10038461538461538 0.5453296703296703 0.04692307692307692 0.08516483516483517
17 0.18076923076923077 0.507554945054945 0.04153846153846154 0.03159340659340659
9 0.12461538461538461 0.4800824175824176 0.06461538461538462 0.08104395604395605
15 0.18423076923076923 0.4697802197802198 0.05307692307692308 0.0521978021978022
4 0.14615384615384616 0.38873626373626374 0.11846153846153847 0.09340659340659341
17 0.2926923076923077 0.4375 0.031538461538461536 0.034340659340659344
4 0.31423076923076926 0.3633241758241758 0.06538461538461539 0.08104395604395605
4 0.37576923076923074 0.2760989010989011 0.045384615384615384 0.07142857142857142
