11 0.46044921875 0.20134730538922155 0.0380859375 0.05239520958083832
11 0.48876953125 0.18338323353293412 0.0224609375 0.0344311377245509
4 0.5244140625 0.04565868263473054 0.025390625 0.019461077844311378
9 0.49755859375 0.27844311377245506 0.0146484375 0.04491017964071856
13 0.48095703125 0.26422155688622756 0.0146484375 0.02245508982035928
13 0.796875 0.9461077844311377 0.048828125 0.09880239520958084
13 0.87255859375 0.9588323353293413 0.0654296875 0.07035928143712575
13 0.88623046875 0.9034431137724551 0.0439453125 0.06736526946107785
13 0.90771484375 0.8555389221556886 0.0595703125 0.05538922155688623
13 0.6044921875 0.7844311377245509 0.0390625 0.0748502994011976
13 0.4638671875 0.9835329341317365 0.04296875 0.03293413173652695
13 0.11376953125 0.7103293413173652 0.0166015625 0.09131736526946108
13 0.86083984375 0.7687125748502994 0.0380859375 0.07934131736526946
13 0.96240234375 0.6624251497005988 0.0341796875 0.04640718562874251
13 0.92236328125 0.7163173652694611 0.0419921875 0.061377245508982034
13 0.90087890625 0.6414670658682635 0.0341796875 0.04640718562874251
13 0.6962890625 0.6414670658682635 0.03515625 0.061377245508982034
13 0.74560546875 0.5711077844311377 0.0302734375 0.06437125748502993
13 0.94580078125 0.45583832335329344 0.0283203125 0.04341317365269461
13 0.9521484375 0.6160179640718563 0.033203125 0.05239520958083832
13 0.83447265625 0.6212574850299402 0.0283203125 0.029940119760479042
13 0.9423828125 0.3869760479041916 0.01953125 0.0374251497005988
13 0.97314453125 0.38997005988023953 0.0224609375 0.02245508982035928
13 0.92236328125 0.4124251497005988 0.0146484375 0.02245508982035928
13 0.97412109375 0.312125748502994 0.0205078125 0.02844311377245509
13 0.9052734375 0.2402694610778443 0.017578125 0.019461077844311378
13 0.93505859375 0.218562874251497 0.0126953125 0.020958083832335328
13 0.931640625 0.27395209580838326 0.005859375 0.017964071856287425
13 0.6943359375 0.27095808383233533 0.017578125 0.02694610778443114
13 0.3173828125 0.5284431137724551 0.033203125 0.03293413173652695
13 0.32275390625 0.48952095808383234 0.0302734375 0.038922155688622756
13 0.34716796875 0.4588323353293413 0.0302734375 0.0374251497005988
13 0.3984375 0.4251497005988024 0.0234375 0.05089820359281437
13 0.466796875 0.5142215568862275 0.033203125 0.03143712574850299
13 0.44189453125 0.5276946107784432 0.0283203125 0.02245508982035928
4 0.65576171875 0.040419161676646706 0.0595703125 0.020958083832335328
4 0.64990234375 0.07709580838323353 0.0341796875 0.025449101796407185
4 0.69140625 0.06511976047904192 0.029296875 0.0344311377245509
4 0.720703125 0.06736526946107785 0.025390625 0.014970059880239521
18 0.7314453125 0.08682634730538923 0.03515625 0.008982035928143712
18 0.76025390625 0.12574850299401197 0.0419921875 0.06287425149700598
4 0.7939453125 0.18038922155688622 0.044921875 0.04940119760479042
8 0.8310546875 0.5411676646706587 0.060546875 0.11826347305389222
8 0.88916015625 0.4573353293413174 0.0400390625 0.08233532934131736
8 0.77685546875 0.7073353293413174 0.0888671875 0.15718562874251496
11 0.51708984375 0.9236526946107785 0.0849609375 0.11976047904191617
11 0.98193359375 0.4356287425149701 0.0361328125 0.06287425149700598
13 0.93798828125 0.5059880239520959 0.0263671875 0.03293413173652695
11 0.9765625 0.5583832335329342 0.046875 0.08383233532934131
13 0.92529296875 0.5838323353293413 0.0166015625 0.05688622754491018
17 0.77978515625 0.5905688622754491 0.0400390625 0.058383233532934134
13 0.841796875 0.6833832335329342 0.0234375 0.04341317365269461
13 0.86376953125 0.7110778443113772 0.0283203125 0.03592814371257485
5 0.978515625 0.7485029940119761 0.04296875 0.12574850299401197
8 0.94677734375 0.3495508982035928 0.0419921875 0.04640718562874251
11 0.8369140625 0.4453592814371258 0.0546875 0.08233532934131736
11 0.888671875 0.3300898203592814 0.046875 0.05239520958083832
11 0.8828125 0.24850299401197604 0.025390625 0.023952095808383235
11 0.91552734375 0.21032934131736528 0.0224609375 0.0344311377245509
11 0.67578125 0.9161676646706587 0.185546875 0.16766467065868262
19 0.6630859375 0.8046407185628742 0.06640625 0.04940119760479042
10 0.02490234375 0.9715568862275449 0.0439453125 0.05688622754491018
5 0.04638671875 0.7732035928143712 0.0908203125 0.06736526946107785
5 0.05517578125 0.8652694610778443 0.1064453125 0.12275449101796407
5 0.13720703125 0.7919161676646707 0.1005859375 0.08682634730538923
19 0.13671875 0.9580838323353293 0.13671875 0.08383233532934131
7 0.216796875 0.8143712574850299 0.05078125 0.0658682634730539
7 0.32373046875 0.6047904191616766 0.0458984375 0.12574850299401197
7 0.32763671875 0.6856287425149701 0.0908203125 0.0748502994011976
4 0.201171875 0.6489520958083832 0.162109375 0.18712574850299402
4 0.33984375 0.8510479041916168 0.208984375 0.28892215568862273
4 0.48779296875 0.6414670658682635 0.2119140625 0.25299401197604793
5 0.36572265625 0.5860778443113772 0.0380859375 0.08532934131736528
5 0.39599609375 0.5187125748502994 0.0634765625 0.058383233532934134
17 0.4375 0.4663173652694611 0.041015625 0.07035928143712575
4 0.46923828125 0.37350299401197606 0.0830078125 0.11826347305389222
4 0.52734375 0.4498502994011976 0.03125 0.12724550898203593
4 0.55859375 0.2791916167664671 0.103515625 0.08532934131736528
4 0.638671875 0.20209580838323354 0.060546875 0.0658682634730539
4 0.6572265625 0.1309880239520958 0.037109375 0.0374251497005988
4 0.6533203125 0.09880239520958084 0.03125 0.017964071856287425
4 0.70849609375 0.12649700598802396 0.0439453125 0.05538922155688623
11 0.732421875 0.1751497005988024 0.0390625 0.038922155688622756
11 0.68603515625 0.2088323353293413 0.0263671875 0.040419161676646706
11 0.7373046875 0.23802395209580837 0.033203125 0.029940119760479042
0 0.72314453125 0.2687125748502994 0.0419921875 0.0344311377245509
13 0.6240234375 0.11601796407185629 0.01171875 0.01347305389221557
17 0.5869140625 0.22904191616766467 0.025390625 0.02694610778443114
11 0.65771484375 0.312125748502994 0.0576171875 0.0374251497005988
4 0.73876953125 0.35404191616766467 0.0634765625 0.13922155688622753
11 0.77880859375 0.34505988023952094 0.0146484375 0.07335329341317365
4 0.7802734375 0.25074850299401197 0.052734375 0.06437125748502993
4 0.67626953125 0.4311377245508982 0.0615234375 0.17964071856287425
4 0.61572265625 0.4940119760479042 0.1064453125 0.19161676646706588
11 0.41162109375 0.5733532934131736 0.0458984375 0.03592814371257485
11 0.21142578125 0.49326347305389223 0.0751953125 0.061377245508982034
11 0.6240234375 0.06811377245508982 0.0234375 0.03143712574850299
8 0.86962890625 0.19011976047904192 0.0283203125 0.03293413173652695
