19 0.1820689655172414 0.47375 0.06620689655172414 0.0725
10 0.16758620689655174 0.5225 0.020689655172413793 0.045
18 0.35586206896551725 0.38125 0.07172413793103448 0.0625
10 0.3662068965517241 0.4175 0.01793103448275862 0.025
18 0.12689655172413794 0.9525 0.25103448275862067 0.09
18 0.12482758620689655 0.7775 0.24689655172413794 0.35
18 0.30482758620689654 0.68375 0.11862068965517242 0.2475
18 0.44689655172413795 0.6625 0.12689655172413794 0.24
18 0.48137931034482756 0.5125 0.10206896551724139 0.15
18 0.4586206896551724 0.48 0.09241379310344827 0.16
18 0.543448275862069 0.4825 0.060689655172413794 0.16
18 0.670344827586207 0.40875 0.06344827586206897 0.1175
18 0.603448275862069 0.42 0.05103448275862069 0.12
18 0.5482758620689655 0.38125 0.05655172413793103 0.0425
18 0.7117241379310345 0.3975 0.02482758620689655 0.07
18 0.7337931034482759 0.3725 0.03310344827586207 0.08
18 0.7606896551724138 0.35875 0.02620689655172414 0.0725
18 0.786896551724138 0.3475 0.02620689655172414 0.06
18 0.833103448275862 0.32625 0.03586206896551724 0.0625
