5 0.83203125 0.8250366032210834 0.119140625 0.17423133235724744
5 0.94677734375 0.972913616398243 0.1064453125 0.048316251830161056
5 0.974609375 0.794289897510981 0.05078125 0.15080527086383602
5 0.947265625 0.691800878477306 0.103515625 0.1273792093704246
19 0.923828125 0.5900439238653001 0.072265625 0.1054172767203514
9 0.74658203125 0.5629575402635432 0.0830078125 0.1390922401171303
17 0.951171875 0.5387994143484627 0.052734375 0.10248901903367497
5 0.68017578125 0.5029282576866764 0.0693359375 0.08638360175695461
5 0.787109375 0.5073206442166911 0.0625 0.08931185944363104
4 0.8349609375 0.42020497803806733 0.103515625 0.16398243045387995
5 0.72607421875 0.42825768667642755 0.0498046875 0.07759882869692533
19 0.92529296875 0.34480234260614934 0.0732421875 0.05710102489019034
4 0.779296875 0.3733528550512445 0.05078125 0.12005856515373353
19 0.6962890625 0.39092240117130306 0.0546875 0.07906295754026355
9 0.626953125 0.3938506588579795 0.0546875 0.08199121522693997
5 0.658203125 0.3806734992679356 0.0234375 0.05856515373352855
5 0.74365234375 0.3557833089311859 0.0244140625 0.04685212298682284
5 0.6259765625 0.3389458272327965 0.0390625 0.036603221083455345
19 0.6845703125 0.3308931185944363 0.041015625 0.04685212298682284
4 0.80908203125 0.30453879941434847 0.0595703125 0.0527086383601757
10 0.720703125 0.31332357247437775 0.013671875 0.032210834553440704
4 0.8046875 0.23938506588579794 0.048828125 0.03953147877013177
4 0.7197265625 0.232796486090776 0.05078125 0.043923865300146414
19 0.69580078125 0.28184480234260617 0.0283203125 0.0424597364568082
4 0.66357421875 0.24890190336749635 0.0400390625 0.06442166910688141
4 0.482421875 0.21010248901903367 0.052734375 0.048316251830161056
4 0.3916015625 0.22035139092240116 0.0390625 0.048316251830161056
4 0.34814453125 0.22620790629575402 0.0556640625 0.05710102489019034
4 0.44921875 0.2547584187408492 0.041015625 0.06149341142020498
4 0.3173828125 0.2730600292825769 0.05078125 0.04538799414348463
19 0.4228515625 0.2342606149341142 0.0234375 0.029282576866764276
5 0.49462890625 0.2518301610541728 0.0146484375 0.029282576866764276
19 0.5302734375 0.24816983894582723 0.0234375 0.03074670571010249
9 0.36181640625 0.2781844802342606 0.0302734375 0.029282576866764276
9 0.41357421875 0.2745241581259151 0.0400390625 0.027818448023426062
11 0.38623046875 0.2642752562225476 0.0244140625 0.027818448023426062
9 0.46240234375 0.2745241581259151 0.0302734375 0.027818448023426062
9 0.37646484375 0.2913616398243045 0.0322265625 0.02635431918008785
5 0.51806640625 0.26939970717423134 0.0244140625 0.020497803806734993
11 0.52294921875 0.30234260614934116 0.0380859375 0.036603221083455345
5 0.4970703125 0.30307467057101023 0.013671875 0.02635431918008785
4 0.2333984375 0.31551976573938506 0.08203125 0.05417276720351391
4 0.29443359375 0.3008784773060029 0.0166015625 0.05710102489019034
4 0.2802734375 0.3308931185944363 0.01953125 0.08784773060029283
4 0.38671875 0.34773060029282576 0.0703125 0.0746705710102489
5 0.34228515625 0.3689604685212299 0.0146484375 0.040995607613469986
5 0.458984375 0.383601756954612 0.041015625 0.055636896046852125
11 0.5146484375 0.36822840409956076 0.0625 0.09224011713030747
0 0.52783203125 0.41654465592972184 0.0576171875 0.08931185944363104
9 0.41357421875 0.3916544655929722 0.0517578125 0.04538799414348463
19 0.3095703125 0.43045387994143486 0.052734375 0.07613469985358712
5 0.32421875 0.4465592972181552 0.060546875 0.040995607613469986
5 0.369140625 0.4267935578330893 0.048828125 0.0629575402635432
5 0.3193359375 0.38945827232796487 0.046875 0.043923865300146414
15 0.42236328125 0.43191800878477304 0.0556640625 0.05856515373352855
5 0.39306640625 0.47291361639824303 0.0537109375 0.06442166910688141
4 0.1591796875 0.37042459736456806 0.033203125 0.06442166910688141
4 0.2294921875 0.37994143484626647 0.109375 0.08052708638360176
4 0.2265625 0.47218155197657397 0.099609375 0.12445095168374817
15 0.33056640625 0.527818448023426 0.0771484375 0.08931185944363104
5 0.322265625 0.46925329428989754 0.0625 0.04538799414348463
15 0.298828125 0.575402635431918 0.091796875 0.09663250366032211
4 0.109375 0.42313323572474376 0.115234375 0.08199121522693997
4 0.13330078125 0.5007320644216691 0.1220703125 0.11127379209370425
4 0.1708984375 0.6346998535871157 0.1328125 0.24158125915080528
17 0.39697265625 0.5600292825768668 0.0576171875 0.0746705710102489
17 0.421875 0.5446559297218155 0.052734375 0.07613469985358712
9 0.4287109375 0.527818448023426 0.072265625 0.09809663250366032
5 0.49658203125 0.45168374816983897 0.0556640625 0.0629575402635432
5 0.5078125 0.48096632503660325 0.056640625 0.06881405563689605
5 0.533203125 0.4912152269399707 0.0625 0.03953147877013177
5 0.52294921875 0.5175695461200586 0.0673828125 0.0424597364568082
15 0.517578125 0.5973645680819912 0.087890625 0.1054172767203514
5 0.412109375 0.6032210834553441 0.08203125 0.055636896046852125
5 0.27978515625 0.6281112737920937 0.0849609375 0.09370424597364568
5 0.3369140625 0.6749633967789166 0.052734375 0.09370424597364568
5 0.4677734375 0.6676427525622255 0.0859375 0.09663250366032211
9 0.384765625 0.718887262079063 0.1015625 0.15519765739385066
11 0.51171875 0.7547584187408491 0.119140625 0.2005856515373353
5 0.583984375 0.7254758418740849 0.02734375 0.13030746705710103
5 0.5595703125 0.8828696925329429 0.12890625 0.1581259150805271
5 0.5908203125 0.9502196193265008 0.14453125 0.09370424597364568
5 0.38330078125 0.9253294289897511 0.1337890625 0.1376281112737921
15 0.21337890625 0.7620790629575402 0.1142578125 0.15080527086383602
11 0.28369140625 0.8250366032210834 0.1298828125 0.22986822840409957
17 0.03955078125 0.48535871156661786 0.0634765625 0.03953147877013177
5 0.041015625 0.527086383601757 0.0625 0.043923865300146414
5 0.03271484375 0.568081991215227 0.0634765625 0.04978038067349927
15 0.01708984375 0.6105417276720352 0.0322265625 0.09077598828696926
17 0.06298828125 0.6471449487554904 0.0654296875 0.1171303074670571
5 0.02587890625 0.7115666178623719 0.0498046875 0.10834553440702782
5 0.0087890625 0.794289897510981 0.015625 0.13030746705710103
5 0.107421875 0.8850658857979502 0.115234375 0.1390922401171303
17 0.056640625 0.931185944363104 0.099609375 0.1376281112737921
5 0.265625 0.9780380673499268 0.134765625 0.043923865300146414
