10 0.085 0.7586805555555556 0.03666666666666667 0.0763888888888889
10 0.2594444444444444 0.7196180555555556 0.027777777777777776 0.08506944444444445
7 0.7538888888888889 0.5685763888888888 0.06111111111111111 0.10243055555555555
5 0.5961111111111111 0.4661458333333333 0.03888888888888889 0.046875
19 0.5383333333333333 0.4079861111111111 0.027777777777777776 0.04513888888888889
7 0.3527777777777778 0.3975694444444444 0.023333333333333334 0.041666666666666664
4 0.42333333333333334 0.3585069444444444 0.02666666666666667 0.050347222222222224
4 0.5255555555555556 0.3567708333333333 0.024444444444444446 0.03993055555555555
7 0.5 0.3602430555555556 0.017777777777777778 0.029513888888888888
4 0.43166666666666664 0.3255208333333333 0.01888888888888889 0.029513888888888888
