4 0.240625 0.70125 0.315625 0.3775
18 0.7140625 0.8075 0.246875 0.345
18 0.9125 0.51 0.171875 0.215
11 0.56953125 0.6075 0.2140625 0.355
11 0.46328125 0.525 0.1703125 0.32
11 0.3578125 0.4375 0.1375 0.185
4 0.26015625 0.415 0.0671875 0.16
18 0.2265625 0.355 0.090625 0.185
18 0.15 0.32125 0.06875 0.1125
11 0.60234375 0.29875 0.0734375 0.1525
11 0.74140625 0.27 0.0921875 0.125
18 0.6671875 0.255 0.0625 0.11
17 0.75078125 0.3525 0.0390625 0.07
19 0.6984375 0.365 0.053125 0.09
19 0.92109375 0.36875 0.0921875 0.0925
5 0.1453125 0.44375 0.0625 0.0675
19 0.05078125 0.55875 0.0796875 0.1375
11 0.546875 0.3075 0.04375 0.1
7 0.5125 0.295 0.0375 0.07
19 0.4234375 0.31 0.075 0.075
4 0.3515625 0.27625 0.215625 0.1225
11 0.4984375 0.26 0.04375 0.08
11 0.103125 0.19 0.0375 0.07
11 0.0859375 0.17 0.03125 0.07
5 0.0984375 0.23875 0.028125 0.0375
