16 0.51806640625 0.9747081712062257 0.1240234375 0.05058365758754864
17 0.3291015625 0.857976653696498 0.076171875 0.15953307392996108
17 0.29638671875 0.7756160830090791 0.0654296875 0.11932555123216602
17 0.4267578125 0.6264591439688716 0.037109375 0.0622568093385214
17 0.38818359375 0.6134889753566797 0.0380859375 0.06744487678339818
17 0.33349609375 0.6160830090791181 0.0400390625 0.07003891050583658
17 0.3310546875 0.5719844357976653 0.029296875 0.028534370946822308
5 0.23974609375 0.6971465629053177 0.0849609375 0.07392996108949416
5 0.13134765625 0.6044098573281452 0.0888671875 0.04928664072632944
5 0.4951171875 0.7133592736705577 0.0703125 0.08819714656290532
11 0.4189453125 0.7425421530479897 0.087890625 0.17250324254215305
10 0.2607421875 0.5849546044098574 0.017578125 0.03372243839169909
10 0.3134765625 0.556420233463035 0.013671875 0.028534370946822308
10 0.3330078125 0.5188067444876784 0.009765625 0.023346303501945526
19 0.25390625 0.5181582360570688 0.04296875 0.042801556420233464
5 0.376953125 0.5369649805447471 0.03515625 0.04669260700389105
5 0.4267578125 0.5246433203631647 0.03125 0.03761348897535668
5 0.37890625 0.48702983138780803 0.025390625 0.029831387808041506
15 0.43017578125 0.49481193255512324 0.0283203125 0.0324254215304799
5 0.43310546875 0.4688715953307393 0.0205078125 0.019455252918287938
1 0.3935546875 0.46238651102464334 0.021484375 0.027237354085603113
5 0.41845703125 0.45136186770428016 0.0146484375 0.01556420233463035
5 0.40283203125 0.4481193255512322 0.0126953125 0.016861219195849545
5 0.42919921875 0.44163424124513617 0.0126953125 0.014267185473411154
5 0.4384765625 0.4351491569390402 0.013671875 0.014267185473411154
4 0.40185546875 0.41245136186770426 0.0146484375 0.020752269779507133
13 0.77294921875 0.9468223086900129 0.1337890625 0.10635538261997406
10 0.6943359375 0.9156939040207522 0.0390625 0.08819714656290532
10 0.6728515625 0.8508430609597925 0.0390625 0.0907911802853437
5 0.82568359375 0.8664072632944229 0.1806640625 0.17639429312581065
5 0.97900390625 0.9442282749675746 0.0400390625 0.11154345006485085
19 0.8740234375 0.7814526588845655 0.173828125 0.19066147859922178
5 0.96142578125 0.7983138780804151 0.0771484375 0.14396887159533073
11 0.70849609375 0.7016861219195849 0.1083984375 0.16601815823605706
5 0.623046875 0.6614785992217899 0.05859375 0.08560311284046693
0 0.60205078125 0.6011673151750972 0.0478515625 0.07911802853437094
9 0.556640625 0.5706874189364461 0.046875 0.07263294422827497
5 0.65625 0.5940337224383917 0.05859375 0.04928664072632944
17 0.953125 0.6861219195849546 0.072265625 0.08300907911802853
4 0.94677734375 0.6186770428015564 0.1064453125 0.13748378728923477
16 0.85986328125 0.6874189364461738 0.1142578125 0.08300907911802853
5 0.85546875 0.6394293125810635 0.091796875 0.06744487678339818
5 0.77197265625 0.6939040207522698 0.0576171875 0.09857328145265888
5 0.76171875 0.6348897535667963 0.08203125 0.07133592736705577
17 0.791015625 0.6076523994811932 0.046875 0.06874189364461739
17 0.87060546875 0.6083009079118028 0.0478515625 0.057068741893644616
17 0.8720703125 0.5726329442282749 0.044921875 0.027237354085603113
5 0.71337890625 0.5907911802853437 0.0576171875 0.055771725032425425
4 0.7802734375 0.5499351491569391 0.123046875 0.11154345006485085
11 0.5966796875 0.5460440985732814 0.048828125 0.041504539559014265
11 0.66650390625 0.5557717250324254 0.0458984375 0.04798962386511025
5 0.69970703125 0.543450064850843 0.0380859375 0.038910505836575876
0 0.7021484375 0.5214007782101168 0.03515625 0.038910505836575876
5 0.6279296875 0.5382619974059663 0.037109375 0.041504539559014265
9 0.6630859375 0.5129701686121919 0.04296875 0.0324254215304799
9 0.60546875 0.506485084306096 0.037109375 0.03761348897535668
5 0.63134765625 0.5038910505836576 0.0244140625 0.029831387808041506
9 0.5439453125 0.5337224383916991 0.03515625 0.040207522697795074
5 0.57080078125 0.5201037613488976 0.0322265625 0.03631647211413749
5 0.6748046875 0.490272373540856 0.033203125 0.018158236057068743
17 0.6572265625 0.48119325551232167 0.021484375 0.02594033722438392
5 0.5029296875 0.5142671854734111 0.015625 0.0324254215304799
9 0.54833984375 0.4987029831387808 0.0302734375 0.0324254215304799
17 0.6357421875 0.48184176394293127 0.01953125 0.019455252918287938
5 0.57666015625 0.49286640726329445 0.0224609375 0.020752269779507133
4 0.6142578125 0.4649805447470817 0.048828125 0.03761348897535668
19 0.50439453125 0.4792477302204929 0.0224609375 0.02464332036316472
18 0.5537109375 0.4565499351491569 0.0234375 0.02594033722438392
4 0.552734375 0.4182879377431907 0.025390625 0.016861219195849545
11 0.490234375 0.45136186770428016 0.017578125 0.020752269779507133
