1 0.6282552083333334 0.734375 0.4700520833333333 0.5243055555555556
4 0.12369791666666667 0.6032986111111112 0.24479166666666666 0.7899305555555556
5 0.3717447916666667 0.7907986111111112 0.3138020833333333 0.4184027777777778
16 0.28515625 0.6336805555555556 0.1953125 0.1527777777777778
19 0.8307291666666666 0.4574652777777778 0.17708333333333334 0.203125
5 0.9518229166666666 0.4053819444444444 0.0703125 0.1440972222222222
10 0.9661458333333334 0.5442708333333334 0.049479166666666664 0.1232638888888889
19 0.482421875 0.4739583333333333 0.20182291666666666 0.22569444444444445
17 0.6158854166666666 0.4939236111111111 0.125 0.18229166666666666
5 0.341796875 0.4609375 0.19140625 0.17881944444444445
4 0.56640625 0.2326388888888889 0.10416666666666667 0.09375
5 0.6412760416666666 0.3836805555555556 0.11848958333333333 0.09027777777777778
0 0.85546875 0.328125 0.125 0.10069444444444445
5 0.5397135416666666 0.3541666666666667 0.10026041666666667 0.05555555555555555
5 0.9544270833333334 0.3125 0.07291666666666667 0.07291666666666667
5 0.611328125 0.3151041666666667 0.07682291666666667 0.05381944444444445
10 0.2897135416666667 0.3368055555555556 0.037760416666666664 0.052083333333333336
17 0.4212239583333333 0.2751736111111111 0.04296875 0.050347222222222224
17 0.4967447916666667 0.24479166666666666 0.02734375 0.03819444444444445
17 0.466796875 0.2517361111111111 0.024739583333333332 0.03819444444444445
5 0.70703125 0.3072916666666667 0.0859375 0.0763888888888889
5 0.7447916666666666 0.3446180555555556 0.10416666666666667 0.07465277777777778
5 0.66015625 0.2803819444444444 0.0625 0.0642361111111111
5 0.74609375 0.2760416666666667 0.052083333333333336 0.04513888888888889
19 0.8404947916666666 0.2552083333333333 0.07421875 0.06597222222222222
19 0.9361979166666666 0.2456597222222222 0.07291666666666667 0.0642361111111111
11 0.7102864583333334 0.2421875 0.05859375 0.03993055555555555
