5 0.8596287703016241 0.8680555555555556 0.27610208816705334 0.2638888888888889
5 0.12412993039443156 0.8663194444444444 0.24361948955916474 0.2638888888888889
5 0.09860788863109049 0.6371527777777778 0.1925754060324826 0.18055555555555555
5 0.23781902552204176 0.6128472222222222 0.14153132250580047 0.1597222222222222
13 0.814385150812065 0.5668402777777778 0.11136890951276102 0.1267361111111111
13 0.7331786542923434 0.5269097222222222 0.05568445475638051 0.10243055555555555
5 0.21345707656612528 0.4887152777777778 0.12529002320185614 0.0954861111111111
9 0.6450116009280742 0.6128472222222222 0.12064965197215777 0.2048611111111111
5 0.308584686774942 0.4869791666666667 0.05568445475638051 0.08854166666666667
17 0.6276102088167054 0.4921875 0.07192575406032482 0.046875
9 0.6832946635730859 0.4296875 0.08120649651972157 0.08159722222222222
4 0.382830626450116 0.6467013888888888 0.24129930394431554 0.4357638888888889
7 0.5417633410672854 0.4704861111111111 0.058004640371229696 0.10416666666666667
15 0.5823665893271461 0.3888888888888889 0.06496519721577726 0.059027777777777776
9 0.3074245939675174 0.3958333333333333 0.06728538283062645 0.059027777777777776
15 0.37470997679814383 0.4071180555555556 0.06264501160092807 0.043402777777777776
13 0.5301624129930395 0.3984375 0.03480278422273782 0.036458333333333336
13 0.4837587006960557 0.4192708333333333 0.03480278422273782 0.019097222222222224
19 0.6531322505800464 0.3654513888888889 0.06264501160092807 0.043402777777777776
10 0.4234338747099768 0.4010416666666667 0.02088167053364269 0.03125
9 0.4756380510440835 0.3862847222222222 0.04640371229698376 0.043402777777777776
13 0.511600928074246 0.3611111111111111 0.02088167053364269 0.041666666666666664
5 0.5661252900232019 0.3463541666666667 0.05104408352668213 0.026041666666666668
15 0.3665893271461717 0.3637152777777778 0.037122969837587005 0.036458333333333336
5 0.49303944315545245 0.3298611111111111 0.04408352668213457 0.024305555555555556
5 0.4234338747099768 0.359375 0.05336426914153132 0.03819444444444445
5 0.37703016241299303 0.3342013888888889 0.04408352668213457 0.022569444444444444
11 0.4361948955916473 0.3289930555555556 0.04176334106728538 0.022569444444444444
17 0.4060324825986079 0.3072916666666667 0.03248259860788863 0.020833333333333332
5 0.6310904872389791 0.3333333333333333 0.04640371229698376 0.017361111111111112
5 0.6125290023201856 0.3125 0.04176334106728538 0.020833333333333332
19 0.41879350348027844 0.2890625 0.03944315545243619 0.015625
5 0.45011600928074247 0.3098958333333333 0.03248259860788863 0.015625
7 0.5023201856148491 0.2907986111111111 0.03480278422273782 0.029513888888888888
9 0.5452436194895591 0.3203125 0.037122969837587005 0.026041666666666668
5 0.4709976798143852 0.2873263888888889 0.03248259860788863 0.019097222222222224
4 0.10788863109048724 0.3715277777777778 0.20185614849187936 0.0798611111111111
5 0.05916473317865429 0.3194444444444444 0.0765661252900232 0.024305555555555556
17 0.06496519721577726 0.4635416666666667 0.07888631090487239 0.04861111111111111
5 0.5765661252900232 0.2864583333333333 0.025522041763341066 0.020833333333333332
