5 0.215625 0.5652777777777778 0.0109375 0.016666666666666666
5 0.228515625 0.5590277777777778 0.01171875 0.015277777777777777
5 0.237890625 0.56875 0.01015625 0.020833333333333332
4 0.198046875 0.5458333333333333 0.01328125 0.025
4 0.283984375 0.54375 0.01796875 0.02361111111111111
5 0.314453125 0.5680555555555555 0.01796875 0.027777777777777776
5 0.32890625 0.5583333333333333 0.0125 0.019444444444444445
5 0.35546875 0.5652777777777778 0.021875 0.027777777777777776
5 0.370703125 0.5583333333333333 0.01015625 0.027777777777777776
10 0.379296875 0.5770833333333333 0.01015625 0.029166666666666667
5 0.253515625 0.5645833333333333 0.02109375 0.0125
5 0.259375 0.6055555555555555 0.0765625 0.07222222222222222
5 0.083203125 0.6381944444444444 0.08671875 0.10694444444444444
17 0.1765625 0.6430555555555556 0.09375 0.16111111111111112
3 0.460546875 0.5715277777777777 0.00703125 0.03194444444444444
