17 0.04482758620689655 0.5925 0.08689655172413793 0.135
17 0.4475862068965517 0.755 0.07310344827586207 0.22
17 0.88 0.76375 0.09655172413793103 0.2175
17 0.463448275862069 0.5475 0.060689655172413794 0.115
17 0.7579310344827587 0.41875 0.05103448275862069 0.0825
17 0.5606896551724138 0.38875 0.034482758620689655 0.0325
10 0.8986206896551724 0.62125 0.04275862068965517 0.0775
10 0.8420689655172414 0.56 0.034482758620689655 0.075
10 0.6331034482758621 0.45875 0.022068965517241378 0.0575
10 0.5868965517241379 0.3625 0.023448275862068966 0.04
10 0.7186206896551725 0.3725 0.022068965517241378 0.045
10 0.41517241379310343 0.285 0.013793103448275862 0.03
3 0.6758620689655173 0.47125 0.019310344827586208 0.0525
4 0.5055172413793103 0.21625 0.020689655172413793 0.0325
4 0.5282758620689655 0.22375 0.022068965517241378 0.0375
4 0.5537931034482758 0.2475 0.02620689655172414 0.055
4 0.5986206896551725 0.245 0.022068965517241378 0.05
17 0.6158620689655172 0.2675 0.009655172413793104 0.03
4 0.6386206896551724 0.28 0.03586206896551724 0.06
4 0.36551724137931035 0.245 0.030344827586206897 0.035
4 0.323448275862069 0.25875 0.04 0.0325
4 0.3386206896551724 0.29875 0.06758620689655172 0.0475
4 0.28413793103448276 0.3975 0.11310344827586206 0.16
4 0.7544827586206897 0.81125 0.22620689655172413 0.3775
4 0.5751724137931035 0.6 0.12413793103448276 0.38
5 0.3468965517241379 0.7475 0.1310344827586207 0.25
15 0.6744827586206896 0.32625 0.03310344827586207 0.0575
15 0.21379310344827587 0.3625 0.0496551724137931 0.075
5 0.4406896551724138 0.29125 0.023448275862068966 0.0375
9 0.40827586206896554 0.33 0.038620689655172416 0.05
15 0.5262068965517241 0.3175 0.031724137931034485 0.05
5 0.2910344827586207 0.30375 0.02482758620689655 0.0375
10 0.8103448275862069 0.49375 0.031724137931034485 0.0575
5 0.443448275862069 0.46375 0.06206896551724138 0.0575
5 0.4689655172413793 0.39875 0.044137931034482755 0.0625
5 0.5103448275862069 0.42125 0.03310344827586207 0.0875
5 0.4827586206896552 0.3425 0.03310344827586207 0.05
5 0.4868965517241379 0.305 0.027586206896551724 0.025
5 0.5006896551724138 0.24 0.016551724137931035 0.025
5 0.5151724137931034 0.255 0.015172413793103448 0.02
5 0.5158620689655172 0.2825 0.019310344827586208 0.025
