4 0.77197265625 0.7781844802342606 0.2548828125 0.3118594436310395
4 0.97705078125 0.7840409956076134 0.0458984375 0.06881405563689605
5 0.61865234375 0.8243045387994143 0.0537109375 0.08784773060029283
5 0.94482421875 0.7906295754026355 0.0126953125 0.02635431918008785
5 0.9287109375 0.7964860907759883 0.01953125 0.032210834553440704
17 0.90966796875 0.7972181551976574 0.0205078125 0.0424597364568082
5 0.25439453125 0.8755490483162518 0.2451171875 0.1698389458272328
10 0.427734375 0.9194729136163983 0.09765625 0.1581259150805271
9 0.46435546875 0.8177159590043924 0.1396484375 0.12152269399707175
5 0.1220703125 0.8074670571010248 0.09765625 0.024890190336749635
15 0.22607421875 0.7715959004392386 0.1064453125 0.03806734992679356
