13 0.877 0.9585406301824212 0.022 0.04643449419568822
13 0.803 0.945273631840796 0.02 0.08291873963515754
11 0.879 0.8980099502487562 0.084 0.05804311774461028
13 0.984 0.9228855721393034 0.028 0.1044776119402985
13 0.626 0.9386401326699834 0.032 0.12271973466003316
13 0.8505 0.7271973466003316 0.021 0.0812603648424544
11 0.932 0.7777777777777778 0.136 0.1691542288557214
10 0.599 0.9145936981757877 0.018 0.06467661691542288
17 0.9185 0.22388059701492538 0.013 0.026533996683250415
17 0.926 0.19237147595356552 0.014 0.01658374792703151
4 0.8745 0.2131011608623549 0.031 0.03482587064676617
4 0.8425 0.1791044776119403 0.023 0.04975124378109453
4 0.813 0.2263681592039801 0.03 0.04145936981757877
4 0.8125 0.17827529021558872 0.025 0.03814262023217247
4 0.768 0.25538971807628524 0.044 0.06633499170812604
4 0.8425 0.2429519071310116 0.025 0.024875621890547265
4 0.869 0.24792703150912107 0.028 0.03482587064676617
4 0.899 0.25787728026533996 0.03 0.03482587064676617
4 0.836 0.2645107794361526 0.032 0.01824212271973466
4 0.804 0.2943615257048093 0.034 0.03814262023217247
4 0.8615 0.2902155887230514 0.025 0.04311774461028192
4 0.8935 0.291044776119403 0.035 0.03482587064676617
4 0.874 0.3615257048092869 0.044 0.07628524046434494
4 0.8345 0.3283582089552239 0.025 0.03648424543946932
4 0.811 0.3805970149253731 0.04 0.06799336650082918
4 0.764 0.34245439469320066 0.058 0.05472636815920398
17 0.9175 0.2835820895522388 0.013 0.03648424543946932
4 0.714 0.4734660033167496 0.066 0.14096185737976782
4 0.7645 0.48258706467661694 0.073 0.14262023217247097
13 0.8515 0.43283582089552236 0.011 0.026533996683250415
13 0.843 0.3946932006633499 0.016 0.01658374792703151
13 0.841 0.48756218905472637 0.016 0.026533996683250415
13 0.881 0.6509121061359867 0.034 0.03814262023217247
13 0.83 0.6359867330016584 0.014 0.04477611940298507
13 0.813 0.554726368159204 0.02 0.03482587064676617
13 0.779 0.6044776119402985 0.022 0.03150912106135987
17 0.8205 0.47512437810945274 0.025 0.05140961857379768
5 0.804 0.5140961857379768 0.038 0.026533996683250415
17 0.734 0.296849087893864 0.02 0.03648424543946932
4 0.694 0.2810945273631841 0.048 0.05140961857379768
4 0.66 0.30016583747927034 0.02 0.04311774461028192
4 0.568 0.3490878938640133 0.094 0.12106135986733002
11 0.486 0.3963515754560531 0.062 0.05306799336650083
13 0.406 0.40381426202321724 0.016 0.028192371475953566
13 0.4225 0.4087893864013267 0.017 0.024875621890547265
13 0.3885 0.4494195688225539 0.013 0.01990049751243781
13 0.4055 0.4701492537313433 0.013 0.024875621890547265
13 0.3765 0.4842454394693201 0.009 0.04975124378109453
13 0.272 0.5049751243781094 0.016 0.028192371475953566
13 0.34 0.4859038142620232 0.012 0.029850746268656716
17 0.419 0.5016583747927031 0.044 0.03150912106135987
13 0.326 0.48092868988391374 0.014 0.03648424543946932
5 0.413 0.5422885572139303 0.052 0.05638474295190713
11 0.3515 0.5356550580431177 0.069 0.05638474295190713
4 0.0345 0.43034825870646765 0.067 0.07131011608623548
4 0.0285 0.49502487562189057 0.055 0.05804311774461028
5 0.027 0.5464344941956882 0.046 0.04145936981757877
5 0.0815 0.599502487562189 0.075 0.05472636815920398
5 0.0765 0.5572139303482587 0.053 0.03316749585406302
5 0.101 0.5290215588723052 0.054 0.029850746268656716
5 0.1765 0.538971807628524 0.033 0.026533996683250415
5 0.297 0.6359867330016584 0.046 0.05804311774461028
5 0.2975 0.5912106135986733 0.041 0.024875621890547265
5 0.3515 0.5779436152570481 0.063 0.028192371475953566
5 0.404 0.6160862354892206 0.024 0.04477611940298507
5 0.3505 0.6567164179104478 0.059 0.06301824212271974
17 0.43 0.5978441127694859 0.03 0.05140961857379768
4 0.5325 0.5149253731343284 0.165 0.18076285240464346
5 0.482 0.6218905472636815 0.068 0.03316749585406302
5 0.5655 0.6459369817578773 0.069 0.07462686567164178
5 0.466 0.6650082918739635 0.058 0.04643449419568822
5 0.4645 0.7429519071310116 0.061 0.10613598673300166
15 0.5385 0.8159203980099502 0.079 0.16583747927031509
5 0.5745 0.7371475953565506 0.063 0.1111111111111111
17 0.777 0.5563847429519071 0.036 0.06135986733001658
17 0.7295 0.6044776119402985 0.045 0.04477611940298507
17 0.6555 0.6028192371475953 0.039 0.04477611940298507
17 0.6205 0.6517412935323383 0.033 0.04643449419568822
17 0.6295 0.7131011608623549 0.041 0.06965174129353234
17 0.7765 0.6492537313432836 0.045 0.04809286898839138
17 0.821 0.6865671641791045 0.042 0.04975124378109453
10 0.698 0.6849087893864013 0.02 0.029850746268656716
13 0.6685 0.6517412935323383 0.021 0.06633499170812604
10 0.6595 0.7827529021558872 0.015 0.04311774461028192
17 0.698 0.7885572139303483 0.058 0.04809286898839138
5 0.681 0.7197346600331676 0.05 0.05970149253731343
5 0.724 0.6567164179104478 0.054 0.03316749585406302
5 0.7885 0.7155887230514096 0.037 0.03482587064676617
5 0.7155 0.8839137645107794 0.119 0.11940298507462686
19 0.7795 0.7927031509121062 0.105 0.14925373134328357
