17 0.5637065637065637 0.8482142857142857 0.06177606177606178 0.15796703296703296
17 0.20154440154440154 0.676510989010989 0.050965250965250966 0.10027472527472528
17 0.1664092664092664 0.5851648351648352 0.03166023166023166 0.06593406593406594
17 0.238996138996139 0.529532967032967 0.02084942084942085 0.04532967032967033
17 0.26216216216216215 0.5144230769230769 0.02084942084942085 0.028846153846153848
17 0.28378378378378377 0.49793956043956045 0.01776061776061776 0.03708791208791209
17 0.3293436293436293 0.5013736263736264 0.02084942084942085 0.038461538461538464
17 0.34594594594594597 0.46565934065934067 0.013899613899613899 0.024725274725274724
17 0.7285714285714285 0.7884615384615384 0.05019305019305019 0.09615384615384616
3 0.6166023166023166 0.8042582417582418 0.023938223938223938 0.08104395604395605
10 0.5598455598455598 0.7039835164835165 0.026254826254826256 0.0673076923076923
3 0.5482625482625483 0.5989010989010989 0.01698841698841699 0.03571428571428571
13 0.5266409266409267 0.5144230769230769 0.01698841698841699 0.04532967032967033
0 0.4969111969111969 0.4965659340659341 0.023938223938223938 0.04532967032967033
13 0.3864864864864865 0.46222527472527475 0.016216216216216217 0.023351648351648352
13 0.25868725868725867 0.5570054945054945 0.021621621621621623 0.05357142857142857
5 0.3104247104247104 0.4855769230769231 0.020077220077220077 0.028846153846153848
5 0.5494208494208495 0.5638736263736264 0.040926640926640924 0.034340659340659344
