5 0.09166666666666666 0.7731481481481481 0.18125 0.4537037037037037
19 0.48151041666666666 0.7379629629629629 0.5609375 0.524074074074074
4 0.4552083333333333 0.4074074074074074 0.19791666666666666 0.1685185185185185
17 0.2674479166666667 0.5199074074074074 0.1078125 0.15462962962962962
9 0.41953125 0.4648148148148148 0.12239583333333333 0.09074074074074075
17 0.06432291666666666 0.5291666666666667 0.12447916666666667 0.12129629629629629
17 0.10807291666666667 0.48935185185185187 0.11822916666666666 0.049074074074074076
5 0.18125 0.47175925925925927 0.09895833333333333 0.06574074074074074
5 0.7622395833333333 0.537962962962963 0.07864583333333333 0.1648148148148148
5 0.9369791666666667 0.6768518518518518 0.12604166666666666 0.35555555555555557
5 0.8736979166666666 0.5550925925925926 0.0828125 0.13796296296296295
5 0.7015625 0.47175925925925927 0.053125 0.06574074074074074
5 0.8223958333333333 0.5009259259259259 0.052083333333333336 0.09814814814814815
11 0.8890625 0.4546296296296296 0.05416666666666667 0.06666666666666667
17 0.8734375 0.4837962962962963 0.03958333333333333 0.05277777777777778
