5 0.25729166666666664 0.812037037037037 0.5083333333333333 0.37592592592592594
5 0.30833333333333335 0.5550925925925926 0.30625 0.21388888888888888
5 0.5348958333333333 0.6189814814814815 0.253125 0.3453703703703704
5 0.95078125 0.6953703703703704 0.0984375 0.29074074074074074
5 0.8536458333333333 0.5296296296296297 0.125 0.17407407407407408
11 0.85625 0.4300925925925926 0.09895833333333333 0.14537037037037037
17 0.7572916666666667 0.5777777777777777 0.09895833333333333 0.26666666666666666
5 0.640625 0.5125 0.08645833333333333 0.15462962962962962
5 0.7286458333333333 0.4601851851851852 0.052083333333333336 0.1037037037037037
17 0.7794270833333333 0.42268518518518516 0.0296875 0.07314814814814814
5 0.7145833333333333 0.43287037037037035 0.05520833333333333 0.0787037037037037
5 0.7052083333333333 0.41574074074074074 0.05 0.07592592592592592
5 0.2234375 0.4666666666666667 0.10208333333333333 0.08703703703703704
17 0.3143229166666667 0.43287037037037035 0.07552083333333333 0.049074074074074076
17 0.4046875 0.42916666666666664 0.06875 0.06759259259259259
4 0.44375 0.37453703703703706 0.1625 0.1398148148148148
