17 0.45078125 0.7106481481481481 0.7630208333333334 0.5787037037037037
17 0.09947916666666666 0.5740740740740741 0.19479166666666667 0.6481481481481481
17 0.2484375 0.37453703703703706 0.27291666666666664 0.3398148148148148
17 0.33567708333333335 0.30324074074074076 0.1796875 0.23981481481481481
17 0.0484375 0.23657407407407408 0.09479166666666666 0.0712962962962963
17 0.16067708333333333 0.22037037037037038 0.1953125 0.08888888888888889
17 0.29765625 0.17314814814814813 0.12552083333333333 0.06296296296296296
17 0.42473958333333334 0.1736111111111111 0.0796875 0.1361111111111111
17 0.56171875 0.28425925925925927 0.13489583333333333 0.2814814814814815
17 0.9138020833333333 0.47824074074074074 0.17135416666666667 0.5509259259259259
17 0.6846354166666667 0.37546296296296294 0.2484375 0.2898148148148148
17 0.7682291666666666 0.30925925925925923 0.15 0.29259259259259257
17 0.6815104166666667 0.17777777777777778 0.0953125 0.10925925925925926
17 0.8377604166666667 0.17222222222222222 0.09739583333333333 0.07962962962962963
17 0.9333333333333333 0.19675925925925927 0.13333333333333333 0.0712962962962963
17 0.9815104166666667 0.1398148148148148 0.03697916666666667 0.06666666666666667
17 0.9216145833333333 0.1388888888888889 0.06614583333333333 0.08518518518518518
4 0.8825520833333333 0.11990740740740741 0.0234375 0.04722222222222222
19 0.8026041666666667 0.11342592592592593 0.09375 0.075
19 0.54609375 0.1712962962962963 0.16927083333333334 0.17222222222222222
17 0.025520833333333333 0.1787037037037037 0.04895833333333333 0.07777777777777778
13 0.10416666666666667 0.1388888888888889 0.040625 0.1037037037037037
13 0.29791666666666666 0.1287037037037037 0.06145833333333333 0.053703703703703705
11 0.21119791666666668 0.15324074074074073 0.09427083333333333 0.08981481481481482
17 0.746875 0.1449074074074074 0.05625 0.05462962962962963
5 0.9627604166666667 0.15324074074074073 0.024479166666666666 0.05277777777777778
19 0.71171875 0.12453703703703704 0.08802083333333334 0.04537037037037037
