5 0.9614583333333333 0.8865740740740741 0.07708333333333334 0.21574074074074073
17 0.9096354166666667 0.5578703703703703 0.12864583333333332 0.21203703703703702
17 0.790625 0.850462962962963 0.18854166666666666 0.29907407407407405
17 0.6830729166666667 0.6199074074074075 0.1203125 0.21944444444444444
17 0.540625 0.6027777777777777 0.109375 0.2037037037037037
19 0.68046875 0.4708333333333333 0.18697916666666667 0.22314814814814815
5 0.41848958333333336 0.6625 0.17552083333333332 0.2861111111111111
5 0.5033854166666667 0.45787037037037037 0.1328125 0.1361111111111111
5 0.5161458333333333 0.38287037037037036 0.115625 0.11944444444444445
11 0.28567708333333336 0.4111111111111111 0.12239583333333333 0.21296296296296297
15 0.3690104166666667 0.4027777777777778 0.10885416666666667 0.18518518518518517
5 0.3997395833333333 0.35 0.08489583333333334 0.10185185185185185
5 0.28072916666666664 0.30185185185185187 0.071875 0.07777777777777778
5 0.20260416666666667 0.32685185185185184 0.06875 0.11296296296296296
4 0.5325520833333334 0.26944444444444443 0.22552083333333334 0.24444444444444444
10 0.35130208333333335 0.2449074074074074 0.030729166666666665 0.05462962962962963
3 0.9653645833333333 0.4888888888888889 0.06197916666666667 0.08148148148148149
20 0.89296875 0.4356481481481482 0.11927083333333334 0.10833333333333334
5 0.22135416666666666 0.2361111111111111 0.053125 0.09444444444444444
4 0.2640625 0.1814814814814815 0.10625 0.15925925925925927
10 0.3419270833333333 0.175 0.016145833333333335 0.04814814814814815
17 0.15286458333333333 0.25462962962962965 0.0328125 0.07407407407407407
5 0.13776041666666666 0.2125 0.04739583333333333 0.06574074074074074
10 0.10598958333333333 0.19583333333333333 0.0140625 0.03981481481481482
5 0.12578125 0.1486111111111111 0.03177083333333333 0.05092592592592592
5 0.10182291666666667 0.13287037037037036 0.0203125 0.041666666666666664
5 0.08151041666666667 0.1259259259259259 0.024479166666666666 0.03888888888888889
17 0.203125 0.14675925925925926 0.020833333333333332 0.04722222222222222
11 0.32317708333333334 0.17407407407407408 0.027604166666666666 0.06851851851851852
4 0.28671875 0.11342592592592593 0.0671875 0.0712962962962963
4 0.17916666666666667 0.07685185185185185 0.04375 0.05925925925925926
4 0.14453125 0.04675925925925926 0.0296875 0.05462962962962963
5 0.12005208333333334 0.10324074074074074 0.021354166666666667 0.032407407407407406
5 0.06614583333333333 0.1050925925925926 0.0125 0.03611111111111111
5 0.17682291666666666 0.8782407407407408 0.1859375 0.24351851851851852
5 0.03515625 0.9101851851851852 0.06197916666666667 0.1648148148148148
10 0.13880208333333333 0.6912037037037037 0.08802083333333334 0.14537037037037037
5 0.10208333333333333 0.5472222222222223 0.11458333333333333 0.17592592592592593
5 0.0171875 0.6212962962962963 0.03229166666666667 0.17962962962962964
5 0.08828125 0.42916666666666664 0.09114583333333333 0.11388888888888889
5 0.017447916666666667 0.44027777777777777 0.033854166666666664 0.1287037037037037
5 0.06927083333333334 0.3509259259259259 0.065625 0.08518518518518518
5 0.015104166666666667 0.3398148148148148 0.029166666666666667 0.09259259259259259
19 0.05026041666666667 0.2675925925925926 0.06822916666666666 0.1
5 0.036458333333333336 0.21064814814814814 0.042708333333333334 0.06574074074074074
5 0.01953125 0.1550925925925926 0.025520833333333333 0.03425925925925926
5 0.02578125 0.17314814814814813 0.033854166666666664 0.024074074074074074
5 0.018229166666666668 0.13425925925925927 0.025 0.02962962962962963
5 0.009635416666666667 0.08796296296296297 0.015104166666666667 0.020370370370370372
