17 0.3338541666666667 0.725925925925926 0.6635416666666667 0.5481481481481482
17 0.5763020833333333 0.5 0.21302083333333333 0.44814814814814813
17 0.7046875 0.37037037037037035 0.1125 0.2722222222222222
17 0.83203125 0.35833333333333334 0.13489583333333333 0.24814814814814815
17 0.89921875 0.30648148148148147 0.0703125 0.18518518518518517
17 0.17083333333333334 0.4101851851851852 0.2947916666666667 0.2759259259259259
17 0.0609375 0.37175925925925923 0.12083333333333333 0.23981481481481481
4 0.06458333333333334 0.19490740740740742 0.128125 0.16944444444444445
17 0.28463541666666664 0.25324074074074077 0.12864583333333332 0.06388888888888888
17 0.34453125 0.36342592592592593 0.13802083333333334 0.22685185185185186
17 0.40208333333333335 0.3194444444444444 0.10833333333333334 0.2074074074074074
15 0.43020833333333336 0.2324074074074074 0.103125 0.09074074074074075
19 0.5671875 0.19583333333333333 0.08229166666666667 0.04722222222222222
13 0.30625 0.2023148148148148 0.028125 0.06018518518518518
17 0.5385416666666667 0.26851851851851855 0.084375 0.1388888888888889
17 0.6666666666666666 0.2574074074074074 0.08541666666666667 0.09814814814814815
17 0.603125 0.2351851851851852 0.041666666666666664 0.08148148148148149
17 0.725 0.22175925925925927 0.042708333333333334 0.04722222222222222
17 0.7765625 0.23564814814814813 0.058333333333333334 0.04722222222222222
17 0.7888020833333333 0.21064814814814814 0.03177083333333333 0.04351851851851852
5 0.9651041666666667 0.2865740740740741 0.06979166666666667 0.14907407407407408
5 0.9205729166666666 0.21712962962962962 0.06614583333333333 0.05277777777777778
19 0.68359375 0.18101851851851852 0.059895833333333336 0.04351851851851852
13 0.3690104166666667 0.2023148148148148 0.021354166666666667 0.06018518518518518
17 0.5096354166666667 0.19490740740740742 0.030729166666666665 0.030555555555555555
