4 0.9049479166666666 0.2361111111111111 0.19010416666666666 0.2611111111111111
4 0.9330729166666667 0.15416666666666667 0.12864583333333332 0.13055555555555556
4 0.13203125 0.7023148148148148 0.2598958333333333 0.5953703703703703
4 0.37395833333333334 0.19953703703703704 0.096875 0.1638888888888889
4 0.5911458333333334 0.13425925925925927 0.07604166666666666 0.1814814814814815
4 0.8731770833333333 0.041666666666666664 0.0859375 0.07592592592592592
4 0.7182291666666667 0.044444444444444446 0.058333333333333334 0.08518518518518518
5 0.7583333333333333 0.20277777777777778 0.05625 0.08703703703703704
19 0.7817708333333333 0.14444444444444443 0.05416666666666667 0.10740740740740741
19 0.84296875 0.1050925925925926 0.044270833333333336 0.04351851851851852
11 0.7208333333333333 0.09814814814814815 0.053125 0.07962962962962963
17 0.6799479166666667 0.0699074074074074 0.018229166666666668 0.049074074074074076
17 0.6723958333333333 0.027314814814814816 0.017708333333333333 0.04722222222222222
10 0.29609375 0.34120370370370373 0.028645833333333332 0.04722222222222222
20 0.31302083333333336 0.2712962962962963 0.04375 0.1
5 0.81015625 0.750462962962963 0.1703125 0.3138888888888889
5 0.63671875 0.8731481481481481 0.1484375 0.2537037037037037
17 0.3111979166666667 0.8958333333333334 0.12447916666666667 0.20833333333333334
17 0.296875 0.700462962962963 0.1 0.2361111111111111
17 0.3763020833333333 0.5435185185185185 0.0703125 0.18703703703703703
5 0.4471354166666667 0.7444444444444445 0.10989583333333333 0.2833333333333333
5 0.7377604166666667 0.46944444444444444 0.09114583333333333 0.17222222222222222
17 0.6505208333333333 0.40879629629629627 0.06145833333333333 0.1398148148148148
19 0.5744791666666667 0.5324074074074074 0.10104166666666667 0.27037037037037037
5 0.46484375 0.4625 0.0796875 0.1527777777777778
5 0.33489583333333334 0.4162037037037037 0.09375 0.1361111111111111
5 0.37916666666666665 0.3125 0.058333333333333334 0.13425925925925927
17 0.42161458333333335 0.32037037037037036 0.043229166666666666 0.11481481481481481
5 0.47942708333333334 0.32314814814814813 0.0640625 0.10925925925925926
5 0.565625 0.3402777777777778 0.06770833333333333 0.13240740740740742
5 0.6341145833333334 0.3194444444444444 0.06302083333333333 0.09444444444444444
5 0.68984375 0.2902777777777778 0.06614583333333333 0.11944444444444445
5 0.6151041666666667 0.24212962962962964 0.058333333333333334 0.0712962962962963
5 0.665625 0.20833333333333334 0.05520833333333333 0.07592592592592592
5 0.6505208333333333 0.1685185185185185 0.040625 0.07592592592592592
5 0.6377604166666667 0.11435185185185186 0.027604166666666666 0.06574074074074074
11 0.5479166666666667 0.24953703703703703 0.052083333333333336 0.10648148148148148
5 0.4890625 0.24027777777777778 0.046875 0.0824074074074074
5 0.45208333333333334 0.21388888888888888 0.04895833333333333 0.08333333333333333
15 0.48333333333333334 0.17222222222222222 0.0375 0.06851851851851852
5 0.46796875 0.10601851851851851 0.033854166666666664 0.06759259259259259
5 0.50546875 0.1337962962962963 0.04114583333333333 0.05462962962962963
5 0.53359375 0.16712962962962963 0.0359375 0.058333333333333334
5 0.53359375 0.11342592592592593 0.0296875 0.05277777777777778
5 0.50234375 0.08611111111111111 0.022395833333333334 0.05185185185185185
5 0.51015625 0.05694444444444444 0.025520833333333333 0.03425925925925926
5 0.5361979166666667 0.06527777777777778 0.024479166666666666 0.03611111111111111
19 0.5760416666666667 0.03009259259259259 0.046875 0.041666666666666664
5 0.61953125 0.02175925925925926 0.024479166666666666 0.032407407407407406
5 0.46510416666666665 0.03009259259259259 0.035416666666666666 0.03425925925925926
15 0.50859375 0.01712962962962963 0.0265625 0.026851851851851852
5 0.46901041666666665 0.9810185185185185 0.10885416666666667 0.03796296296296296
