5 0.8794270833333333 0.8277777777777777 0.24114583333333334 0.31296296296296294
9 0.084375 0.8819444444444444 0.16458333333333333 0.2361111111111111
11 0.7833333333333333 0.711574074074074 0.10625 0.14907407407407408
9 0.6033854166666667 0.7458333333333333 0.14114583333333333 0.2212962962962963
5 0.5192708333333333 0.725 0.04375 0.08518518518518518
10 0.2669270833333333 0.8134259259259259 0.0953125 0.14907407407407408
5 0.34296875 0.736574074074074 0.10052083333333334 0.13425925925925927
4 0.44869791666666664 0.6888888888888889 0.06614583333333333 0.1537037037037037
5 0.5083333333333333 0.6958333333333333 0.040625 0.05277777777777778
5 0.69375 0.6976851851851852 0.03958333333333333 0.03425925925925926
