10 0.68125 0.6930555555555555 0.10625 0.23981481481481481
10 0.25807291666666665 0.962037037037037 0.09114583333333333 0.07592592592592592
5 0.30026041666666664 0.725 0.5984375 0.5314814814814814
5 0.6697916666666667 0.5101851851851852 0.23854166666666668 0.2537037037037037
5 0.2903645833333333 0.5037037037037037 0.39739583333333334 0.22407407407407406
5 0.17239583333333333 0.4648148148148148 0.259375 0.18888888888888888
19 0.5682291666666667 0.40925925925925927 0.22395833333333334 0.19814814814814816
17 0.78515625 0.41759259259259257 0.09427083333333333 0.17037037037037037
17 0.8372395833333334 0.3958333333333333 0.0921875 0.15648148148148147
17 0.8708333333333333 0.35648148148148145 0.06145833333333333 0.11481481481481481
17 0.9046875 0.34120370370370373 0.036458333333333336 0.10092592592592593
17 0.7028645833333333 0.3638888888888889 0.06822916666666666 0.0962962962962963
5 0.7453125 0.3402777777777778 0.051041666666666666 0.05648148148148148
5 0.8057291666666667 0.3194444444444444 0.042708333333333334 0.05740740740740741
4 0.8578125 0.2847222222222222 0.09583333333333334 0.062037037037037036
4 0.18932291666666667 0.29768518518518516 0.22552083333333334 0.11574074074074074
17 0.062239583333333334 0.3699074074074074 0.11614583333333334 0.12685185185185185
17 0.17604166666666668 0.3638888888888889 0.109375 0.1259259259259259
17 0.28489583333333335 0.35833333333333334 0.09375 0.1037037037037037
17 0.3611979166666667 0.3527777777777778 0.0796875 0.10740740740740741
17 0.40729166666666666 0.3388888888888889 0.046875 0.09074074074074075
17 0.46145833333333336 0.3527777777777778 0.065625 0.1037037037037037
