5 0.21953125 0.7305555555555555 0.43802083333333336 0.5388888888888889
5 0.4752604166666667 0.43287037037037035 0.1640625 0.17314814814814813
5 0.5859375 0.40370370370370373 0.08958333333333333 0.12962962962962962
17 0.0734375 0.3875 0.06354166666666666 0.1175925925925926
17 0.3614583333333333 0.362962962962963 0.036458333333333336 0.05740740740740741
4 0.73125 0.3425925925925926 0.20833333333333334 0.26851851851851855
4 0.92734375 0.3611111111111111 0.1265625 0.17037037037037037
4 0.98203125 0.337037037037037 0.0359375 0.14074074074074075
17 0.8450520833333334 0.362962962962963 0.0296875 0.07222222222222222
10 0.16484375 0.4148148148148148 0.04635416666666667 0.1037037037037037
10 0.23359375 0.4101851851851852 0.03697916666666667 0.08703703703703704
11 0.4661458333333333 0.3592592592592593 0.10729166666666666 0.10555555555555556
12 0.40338541666666666 0.34814814814814815 0.030729166666666665 0.09814814814814815
10 0.30364583333333334 0.38287037037037036 0.03125 0.04722222222222222
