17 0.58515625 0.6504629629629629 0.3515625 0.6990740740740741
17 0.08333333333333333 0.7467592592592592 0.165625 0.5027777777777778
17 0.03411458333333333 0.33194444444444443 0.0640625 0.2324074074074074
17 0.03046875 0.4310185185185185 0.058854166666666666 0.22685185185185186
4 0.11822916666666666 0.20046296296296295 0.23541666666666666 0.2638888888888889
17 0.13359375 0.3189814814814815 0.14114583333333333 0.2361111111111111
17 0.21015625 0.43842592592592594 0.27760416666666665 0.42314814814814816
17 0.3971354166666667 0.3611111111111111 0.15885416666666666 0.29074074074074074
17 0.33984375 0.21944444444444444 0.12447916666666667 0.040740740740740744
17 0.4440104166666667 0.2800925925925926 0.08385416666666666 0.16203703703703703
5 0.50859375 0.2222222222222222 0.0796875 0.08148148148148149
17 0.58203125 0.2513888888888889 0.0859375 0.125
17 0.6622395833333333 0.2810185185185185 0.14010416666666667 0.11944444444444445
17 0.8203125 0.3875 0.15208333333333332 0.30277777777777776
17 0.7484375 0.26851851851851855 0.07916666666666666 0.15185185185185185
17 0.9643229166666667 0.35462962962962963 0.06614583333333333 0.2518518518518518
17 0.8830729166666667 0.28425925925925927 0.07552083333333333 0.17962962962962964
19 0.6161458333333333 0.17777777777777778 0.084375 0.053703703703703705
17 0.4609375 0.18472222222222223 0.05416666666666667 0.05092592592592592
17 0.5348958333333333 0.16712962962962963 0.057291666666666664 0.03611111111111111
13 0.33515625 0.17314814814814813 0.033854166666666664 0.05925925925925926
17 0.6609375 0.21157407407407408 0.058333333333333334 0.049074074074074076
17 0.6859375 0.21157407407407408 0.051041666666666666 0.06388888888888888
17 0.7927083333333333 0.2050925925925926 0.05 0.04351851851851852
5 0.93828125 0.2175925925925926 0.0328125 0.06481481481481481
5 0.97734375 0.21157407407407408 0.0453125 0.06388888888888888
