9 0.13385416666666666 0.7222222222222222 0.259375 0.5555555555555556
9 0.571875 0.7712962962962963 0.265625 0.45740740740740743
5 0.41640625 0.7509259259259259 0.0859375 0.17962962962962964
5 0.33541666666666664 0.7314814814814815 0.08645833333333333 0.13148148148148148
10 0.23229166666666667 0.7787037037037037 0.05416666666666667 0.10555555555555556
10 0.29609375 0.7407407407407407 0.0265625 0.09074074074074075
10 0.8940104166666667 0.7666666666666667 0.0703125 0.1
18 0.8932291666666666 0.6175925925925926 0.20416666666666666 0.16666666666666666
5 0.7625 0.7643518518518518 0.153125 0.21388888888888888
4 0.73046875 0.6560185185185186 0.06822916666666666 0.06018518518518518
4 0.4393229166666667 0.6226851851851852 0.0765625 0.11574074074074074
