4 0.09661458333333334 0.13055555555555556 0.1921875 0.2388888888888889
4 0.20052083333333334 0.16157407407407406 0.04583333333333333 0.13055555555555556
4 0.37942708333333336 0.12129629629629629 0.1765625 0.17777777777777778
4 0.5033854166666667 0.1425925925925926 0.0671875 0.07777777777777778
4 0.6390625 0.11944444444444445 0.1 0.07962962962962963
4 0.7510416666666667 0.09259259259259259 0.06875 0.07962962962962963
4 0.9661458333333334 0.1875 0.06770833333333333 0.23055555555555557
17 0.47239583333333335 0.8291666666666667 0.26666666666666666 0.32685185185185184
17 0.7033854166666667 0.5990740740740741 0.12447916666666667 0.29814814814814816
10 0.8645833333333334 0.5652777777777778 0.052083333333333336 0.1361111111111111
5 0.036458333333333336 0.5328703703703703 0.071875 0.24166666666666667
5 0.3776041666666667 0.625462962962963 0.30833333333333335 0.3398148148148148
5 0.21119791666666668 0.5407407407407407 0.2755208333333333 0.28703703703703703
5 0.25729166666666664 0.3962962962962963 0.225 0.1685185185185185
5 0.24348958333333334 0.34305555555555556 0.19947916666666668 0.14907407407407408
5 0.4388020833333333 0.4111111111111111 0.18802083333333333 0.1648148148148148
5 0.7638020833333333 0.4671296296296296 0.1453125 0.21574074074074073
15 0.6151041666666667 0.4023148148148148 0.16458333333333333 0.22685185185185186
5 0.04791666666666667 0.2722222222222222 0.08958333333333333 0.06111111111111111
15 0.1421875 0.24861111111111112 0.10729166666666666 0.08796296296296297
5 0.23828125 0.27314814814814814 0.14635416666666667 0.0962962962962963
15 0.36744791666666665 0.22407407407407406 0.1203125 0.08888888888888889
5 0.2955729166666667 0.23055555555555557 0.07447916666666667 0.07592592592592592
5 0.2526041666666667 0.20324074074074075 0.07083333333333333 0.04351851851851852
5 0.25416666666666665 0.40046296296296297 0.22708333333333333 0.1361111111111111
5 0.48385416666666664 0.32175925925925924 0.153125 0.13240740740740742
5 0.47578125 0.2638888888888889 0.13489583333333333 0.07777777777777778
17 0.58046875 0.2722222222222222 0.0703125 0.10925925925925926
17 0.8796875 0.30925925925925923 0.05 0.12222222222222222
17 0.8578125 0.2712962962962963 0.04479166666666667 0.1259259259259259
17 0.7942708333333334 0.22870370370370371 0.040625 0.07962962962962963
5 0.80234375 0.29768518518518516 0.07552083333333333 0.11203703703703703
5 0.7234375 0.33101851851851855 0.08229166666666667 0.1361111111111111
5 0.690625 0.26944444444444443 0.09895833333333333 0.06296296296296296
5 0.6533854166666667 0.25462962962962965 0.0796875 0.07777777777777778
5 0.6018229166666667 0.21481481481481482 0.0765625 0.08518518518518518
5 0.71015625 0.22685185185185186 0.06614583333333333 0.07222222222222222
5 0.665625 0.19583333333333333 0.046875 0.03981481481481482
10 0.7658854166666667 0.2222222222222222 0.018229166666666668 0.05555555555555555
19 0.840625 0.20185185185185187 0.05416666666666667 0.08888888888888889
5 0.92109375 0.22870370370370371 0.0328125 0.07962962962962963
5 0.9072916666666667 0.17824074074074073 0.041666666666666664 0.041666666666666664
5 0.8822916666666667 0.22685185185185186 0.040625 0.06111111111111111
9 0.4044270833333333 0.17962962962962964 0.08177083333333333 0.06111111111111111
9 0.73359375 0.1824074074074074 0.059895833333333336 0.08148148148148149
5 0.7807291666666667 0.19398148148148148 0.041666666666666664 0.062037037037037036
5 0.9388020833333334 0.1449074074074074 0.0234375 0.03611111111111111
5 0.9169270833333333 0.13796296296296295 0.0140625 0.02962962962962963
9 0.6390625 0.16805555555555557 0.04895833333333333 0.06018518518518518
5 0.47213541666666664 0.20787037037037037 0.0828125 0.05277777777777778
5 0.5473958333333333 0.19027777777777777 0.053125 0.03981481481481482
5 0.5041666666666667 0.1787037037037037 0.04479166666666667 0.024074074074074074
4 0.821875 0.10138888888888889 0.04479166666666667 0.03611111111111111
