4 0.49296875 0.10185185185185185 0.12447916666666667 0.09444444444444444
4 0.6484375 0.14629629629629629 0.16979166666666667 0.1037037037037037
4 0.8674479166666667 0.18564814814814815 0.26510416666666664 0.24537037037037038
19 0.9453125 0.5074074074074074 0.109375 0.44814814814814813
17 0.9083333333333333 0.4152777777777778 0.17291666666666666 0.33796296296296297
17 0.9604166666666667 0.23796296296296296 0.07916666666666666 0.07037037037037037
17 0.89609375 0.3347222222222222 0.16822916666666668 0.24537037037037038
17 0.5822916666666667 0.6842592592592592 0.5864583333333333 0.6314814814814815
17 0.14114583333333333 0.6597222222222222 0.28125 0.6731481481481482
17 0.1578125 0.41712962962962963 0.3072916666666667 0.3638888888888889
17 0.04088541666666667 0.22870370370370371 0.0796875 0.06111111111111111
17 0.5411458333333333 0.37083333333333335 0.2916666666666667 0.21574074074074073
17 0.6703125 0.3296296296296296 0.17708333333333334 0.17592592592592593
17 0.6958333333333333 0.3101851851851852 0.18125 0.2074074074074074
19 0.7494791666666667 0.24305555555555555 0.125 0.1638888888888889
17 0.50546875 0.2657407407407407 0.18802083333333333 0.09259259259259259
5 0.39453125 0.2791666666666667 0.14010416666666667 0.1527777777777778
17 0.17083333333333334 0.21481481481481482 0.15416666666666667 0.06296296296296296
4 0.44609375 0.13703703703703704 0.0734375 0.06666666666666667
17 0.5299479166666666 0.1625 0.043229166666666666 0.04537037037037037
