19 0.115625 0.4027777777777778 0.21354166666666666 0.2833333333333333
17 0.5135416666666667 0.65 0.33541666666666664 0.5703703703703704
17 0.31744791666666666 0.4652777777777778 0.16927083333333334 0.3101851851851852
17 0.3614583333333333 0.3300925925925926 0.1125 0.10833333333333334
17 0.4583333333333333 0.3175925925925926 0.10208333333333333 0.10555555555555556
5 0.5661458333333333 0.46296296296296297 0.22604166666666667 0.26851851851851855
4 0.5799479166666667 0.2439814814814815 0.2578125 0.23055555555555557
4 0.8333333333333334 0.500462962962963 0.32708333333333334 0.9990740740740741
4 0.18828125 0.25416666666666665 0.2359375 0.33796296296296297
4 0.05755208333333333 0.225 0.04635416666666667 0.11296296296296296
4 0.021875 0.24583333333333332 0.0375 0.0787037037037037
11 0.39765625 0.2439814814814815 0.1359375 0.10648148148148148
11 0.6484375 0.33564814814814814 0.140625 0.30462962962962964
