4 0.21145833333333333 0.11574074074074074 0.153125 0.09444444444444444
4 0.7549479166666667 0.16712962962962963 0.3932291666666667 0.24722222222222223
4 0.9166666666666666 0.49907407407407406 0.16666666666666666 0.9907407407407407
4 0.48541666666666666 0.06712962962962964 0.18645833333333334 0.11203703703703703
4 0.47682291666666665 0.1476851851851852 0.18177083333333333 0.1175925925925926
5 0.51171875 0.687037037037037 0.6911458333333333 0.6259259259259259
19 0.44765625 0.1925925925925926 0.2234375 0.08333333333333333
19 0.31536458333333334 0.16157407407407406 0.0921875 0.058333333333333334
17 0.10963541666666667 0.36435185185185187 0.21510416666666668 0.3194444444444444
17 0.28046875 0.4583333333333333 0.3390625 0.42592592592592593
17 0.5427083333333333 0.3449074074074074 0.175 0.19907407407407407
17 0.7463541666666667 0.3763888888888889 0.134375 0.2601851851851852
17 0.8182291666666667 0.33101851851851855 0.10729166666666666 0.2564814814814815
17 0.6283854166666667 0.30277777777777776 0.0953125 0.1962962962962963
17 0.65703125 0.25972222222222224 0.1296875 0.14166666666666666
17 0.440625 0.29398148148148145 0.15416666666666667 0.20277777777777778
17 0.2877604166666667 0.22314814814814815 0.1390625 0.09814814814814815
17 0.23984375 0.17037037037037037 0.06302083333333333 0.06111111111111111
17 0.5390625 0.30092592592592593 0.146875 0.18518518518518517
17 0.023958333333333335 0.18287037037037038 0.04583333333333333 0.05462962962962963
5 0.20208333333333334 0.16712962962962963 0.042708333333333334 0.04722222222222222
