4 0.7244791666666667 0.40555555555555556 0.15416666666666667 0.09259259259259259
19 0.921875 0.4263888888888889 0.1125 0.10462962962962963
17 0.8372395833333334 0.4425925925925926 0.06927083333333334 0.08703703703703704
17 0.8611979166666667 0.5291666666666667 0.08072916666666667 0.15092592592592594
17 0.053385416666666664 0.6453703703703704 0.10572916666666667 0.2962962962962963
17 0.08776041666666666 0.5740740740740741 0.14739583333333334 0.17592592592592593
17 0.18463541666666666 0.6342592592592593 0.15364583333333334 0.2962962962962963
17 0.3059895833333333 0.6134259259259259 0.18177083333333333 0.24722222222222223
17 0.42578125 0.5407407407407407 0.08385416666666666 0.15555555555555556
17 0.353125 0.4773148148148148 0.10416666666666667 0.08425925925925926
17 0.37864583333333335 0.4356481481481482 0.065625 0.04351851851851852
17 0.46770833333333334 0.5208333333333334 0.11458333333333333 0.1527777777777778
17 0.5502604166666667 0.5342592592592592 0.12864583333333332 0.1648148148148148
17 0.5953125 0.5888888888888889 0.16770833333333332 0.21666666666666667
17 0.7346354166666667 0.6060185185185185 0.0953125 0.25833333333333336
17 0.7484375 0.5342592592592592 0.09166666666666666 0.17222222222222222
17 0.7739583333333333 0.48703703703703705 0.057291666666666664 0.1037037037037037
17 0.7479166666666667 0.44027777777777777 0.075 0.05277777777777778
17 0.6609375 0.4935185185185185 0.096875 0.11666666666666667
17 0.6341145833333334 0.45185185185185184 0.06927083333333334 0.06481481481481481
19 0.48802083333333335 0.4398148148148148 0.13854166666666667 0.07777777777777778
19 0.59609375 0.44166666666666665 0.0734375 0.09259259259259259
5 0.25729166666666664 0.4810185185185185 0.10208333333333333 0.06574074074074074
5 0.11979166666666667 0.47175925925925927 0.128125 0.058333333333333334
5 0.409375 0.7921296296296296 0.47604166666666664 0.41574074074074074
5 0.90390625 0.5861111111111111 0.1921875 0.18518518518518517
4 0.9421875 0.6851851851851852 0.115625 0.6148148148148148
19 0.5463541666666667 0.3819444444444444 0.051041666666666666 0.026851851851851852
