17 0.08828125 0.7393518518518518 0.1703125 0.5212962962962963
17 0.109375 0.48009259259259257 0.21770833333333334 0.36203703703703705
17 0.06848958333333334 0.2902777777777778 0.1359375 0.05462962962962963
17 0.17135416666666667 0.30787037037037035 0.10208333333333333 0.15092592592592594
17 0.25416666666666665 0.32314814814814813 0.11458333333333333 0.1962962962962963
4 0.31276041666666665 0.19490740740740742 0.3015625 0.14722222222222223
17 0.3734375 0.46805555555555556 0.2635416666666667 0.39166666666666666
17 0.6395833333333333 0.6675925925925926 0.434375 0.6537037037037037
17 0.9135416666666667 0.5453703703703704 0.17291666666666666 0.48148148148148145
17 0.8841145833333334 0.3490740740740741 0.17552083333333332 0.17222222222222222
17 0.95625 0.275 0.06875 0.10740740740740741
17 0.8973958333333333 0.2587962962962963 0.1 0.049074074074074076
17 0.7278645833333334 0.29768518518518516 0.08802083333333334 0.14907407407407408
17 0.8091145833333333 0.28194444444444444 0.0703125 0.13240740740740742
17 0.5348958333333333 0.35 0.15729166666666666 0.2
17 0.4817708333333333 0.25787037037037036 0.11666666666666667 0.05092592592592592
17 0.4041666666666667 0.25324074074074077 0.06145833333333333 0.05648148148148148
13 0.5158854166666667 0.22314814814814815 0.025520833333333333 0.06111111111111111
17 0.60625 0.21712962962962962 0.05520833333333333 0.049074074074074076
17 0.6755208333333333 0.21805555555555556 0.05625 0.05092592592592592
19 0.7544270833333333 0.2212962962962963 0.0859375 0.053703703703703705
19 0.88671875 0.20787037037037037 0.0640625 0.05648148148148148
5 0.6463541666666667 0.2884259259259259 0.08541666666666667 0.10462962962962963
