15 0.18489583333333334 0.6861111111111111 0.265625 0.337037037037037
5 0.42239583333333336 0.45185185185185184 0.15625 0.21481481481481482
5 0.3072916666666667 0.9018518518518519 0.2375 0.1962962962962963
5 0.5270833333333333 0.9574074074074074 0.16770833333333332 0.08518518518518518
5 0.9604166666666667 0.6939814814814815 0.07916666666666666 0.3675925925925926
5 0.96875 0.412962962962963 0.0625 0.20925925925925926
5 0.9619791666666667 0.25092592592592594 0.07604166666666666 0.15
5 0.9588541666666667 0.13425925925925927 0.071875 0.10925925925925926
0 0.9520833333333333 0.053703703703703705 0.058333333333333334 0.10555555555555556
5 0.5606770833333333 0.21898148148148147 0.07135416666666666 0.1361111111111111
5 0.7809895833333333 0.15138888888888888 0.0671875 0.12129629629629629
5 0.7911458333333333 0.06944444444444445 0.053125 0.07777777777777778
5 0.80546875 0.015277777777777777 0.034895833333333334 0.023148148148148147
5 0.6111979166666667 0.09814814814814815 0.06614583333333333 0.08703703703703704
5 0.5559895833333334 0.21898148148148147 0.06822916666666666 0.13240740740740742
11 0.5174479166666667 0.14027777777777778 0.08385416666666666 0.125
8 0.6432291666666666 0.19398148148148148 0.09166666666666666 0.1527777777777778
17 0.6309895833333333 0.6754629629629629 0.13697916666666668 0.30462962962962964
17 0.5434895833333333 0.43657407407407406 0.0828125 0.21574074074074073
17 0.7330729166666666 0.06944444444444445 0.04114583333333333 0.08888888888888889
17 0.6903645833333333 0.037037037037037035 0.03697916666666667 0.06666666666666667
17 0.6677083333333333 0.08796296296296297 0.03854166666666667 0.07407407407407407
4 0.14583333333333334 0.4930555555555556 0.290625 0.5027777777777778
4 0.6791666666666667 0.3527777777777778 0.15520833333333334 0.34629629629629627
5 0.7552083333333334 0.24768518518518517 0.052083333333333336 0.14722222222222223
10 0.49270833333333336 0.25324074074074077 0.04791666666666667 0.06018518518518518
10 0.7739583333333333 0.44351851851851853 0.030208333333333334 0.0962962962962963
10 0.80859375 0.2759259259259259 0.028645833333333332 0.07592592592592592
4 0.571875 0.05648148148148148 0.11458333333333333 0.1111111111111111
4 0.6377604166666667 0.018518518518518517 0.0296875 0.03518518518518519
5 0.7458333333333333 0.033796296296296297 0.035416666666666666 0.06574074074074074
