17 0.09088541666666666 0.22592592592592592 0.14114583333333333 0.06666666666666667
17 0.12838541666666667 0.2898148148148148 0.2557291666666667 0.0962962962962963
17 0.328125 0.2361111111111111 0.115625 0.09444444444444444
17 0.8294270833333334 0.5263888888888889 0.3380208333333333 0.475
17 0.7078125 0.42407407407407405 0.20625 0.37962962962962965
17 0.2375 0.6083333333333333 0.4708333333333333 0.6462962962962963
17 0.5028645833333333 0.29907407407407405 0.15052083333333333 0.2
17 0.6260416666666667 0.2949074074074074 0.11041666666666666 0.19722222222222222
17 0.44869791666666664 0.23333333333333334 0.0703125 0.09259259259259259
5 0.9200520833333333 0.3560185185185185 0.15989583333333332 0.20833333333333334
17 0.7588541666666667 0.2412037037037037 0.10416666666666667 0.06574074074074074
17 0.8908854166666667 0.26481481481481484 0.11302083333333333 0.08703703703703704
17 0.95625 0.25092592592592594 0.08645833333333333 0.08888888888888889
4 0.73359375 0.1814814814814815 0.10677083333333333 0.08333333333333333
4 0.9486979166666667 0.17592592592592593 0.10260416666666666 0.09814814814814815
17 0.8221354166666667 0.25555555555555554 0.030729166666666665 0.09074074074074075
5 0.26171875 0.24212962962962964 0.0421875 0.075
5 0.39010416666666664 0.36712962962962964 0.25104166666666666 0.23055555555555557
