5 0.33567708333333335 0.7268518518518519 0.6703125 0.5351851851851852
19 0.515625 0.45092592592592595 0.35104166666666664 0.3074074074074074
5 0.18515625 0.4546296296296296 0.30572916666666666 0.17592592592592593
5 0.1015625 0.5981481481481481 0.19895833333333332 0.27037037037037037
5 0.8606770833333334 0.35648148148148145 0.0859375 0.1111111111111111
5 0.06328125 0.35462962962962963 0.09010416666666667 0.0962962962962963
4 0.052083333333333336 0.29305555555555557 0.09583333333333334 0.10648148148148148
4 0.41041666666666665 0.2875 0.21041666666666667 0.11018518518518519
17 0.7877604166666666 0.4810185185185185 0.1578125 0.2657407407407407
17 0.7526041666666666 0.4074074074074074 0.12083333333333333 0.17222222222222222
17 0.9455729166666667 0.3699074074074074 0.10885416666666667 0.1638888888888889
17 0.7533854166666667 0.30694444444444446 0.07135416666666666 0.03981481481481482
17 0.66875 0.33240740740740743 0.057291666666666664 0.09814814814814815
17 0.8630208333333333 0.29212962962962963 0.053125 0.04722222222222222
17 0.225 0.35555555555555557 0.121875 0.11666666666666667
17 0.33541666666666664 0.35555555555555557 0.103125 0.12407407407407407
17 0.40625 0.3435185185185185 0.053125 0.1037037037037037
17 0.6028645833333334 0.2912037037037037 0.0703125 0.030555555555555555
