4 0.95078125 0.2412037037037037 0.0984375 0.23981481481481481
4 0.19947916666666668 0.15416666666666667 0.23541666666666666 0.19166666666666668
4 0.37057291666666664 0.2037037037037037 0.10052083333333334 0.09259259259259259
4 0.54453125 0.17314814814814813 0.1234375 0.08888888888888889
4 0.65859375 0.14351851851851852 0.07760416666666667 0.09074074074074075
4 0.7 0.1597222222222222 0.06041666666666667 0.04722222222222222
4 0.04635416666666667 0.2023148148148148 0.07083333333333333 0.125
4 0.28072916666666664 0.8287037037037037 0.5604166666666667 0.3425925925925926
5 0.0796875 0.7069444444444445 0.15729166666666666 0.21574074074074073
19 0.14140625 0.5189814814814815 0.2786458333333333 0.23981481481481481
5 0.4752604166666667 0.6407407407407407 0.2526041666666667 0.2722222222222222
17 0.74375 0.6087962962962963 0.11354166666666667 0.2916666666666667
10 0.86328125 0.4861111111111111 0.04010416666666667 0.10925925925925926
10 0.8893229166666666 0.38101851851851853 0.030729166666666665 0.062037037037037036
17 0.7776041666666667 0.4046296296296296 0.06666666666666667 0.15555555555555556
17 0.8135416666666667 0.33935185185185185 0.051041666666666666 0.10833333333333334
17 0.7682291666666666 0.3111111111111111 0.04375 0.1
17 0.8580729166666666 0.31574074074074077 0.033854166666666664 0.09444444444444444
17 0.45677083333333335 0.43472222222222223 0.103125 0.14722222222222223
17 0.48046875 0.3726851851851852 0.08697916666666666 0.1361111111111111
17 0.34453125 0.5439814814814815 0.15260416666666668 0.23055555555555557
15 0.027083333333333334 0.46805555555555556 0.04791666666666667 0.14537037037037037
5 0.20260416666666667 0.36666666666666664 0.20729166666666668 0.10555555555555556
5 0.3307291666666667 0.40324074074074073 0.16979166666666667 0.13425925925925927
5 0.628125 0.42777777777777776 0.10416666666666667 0.18333333333333332
5 0.5799479166666667 0.3282407407407407 0.09635416666666667 0.11574074074074074
5 0.54609375 0.2814814814814815 0.09010416666666667 0.08333333333333333
5 0.6638020833333333 0.2828703703703704 0.07135416666666666 0.07685185185185185
5 0.6338541666666667 0.25416666666666665 0.06770833333333333 0.06574074074074074
5 0.74375 0.2638888888888889 0.05625 0.07407407407407407
5 0.70625 0.2490740740740741 0.05 0.08888888888888889
5 0.7424479166666667 0.21898148148148147 0.03697916666666667 0.041666666666666664
5 0.028125 0.30925925925925923 0.05416666666666667 0.05925925925925926
5 0.07291666666666667 0.28425925925925927 0.11979166666666667 0.08518518518518518
5 0.19895833333333332 0.3138888888888889 0.16145833333333334 0.08333333333333333
5 0.18671875 0.2550925925925926 0.08385416666666666 0.049074074074074076
5 0.25364583333333335 0.2722222222222222 0.06041666666666667 0.07222222222222222
15 0.3380208333333333 0.2638888888888889 0.11458333333333333 0.07777777777777778
9 0.3263020833333333 0.21898148148148147 0.0765625 0.049074074074074076
17 0.6770833333333334 0.32546296296296295 0.051041666666666666 0.1175925925925926
17 0.8080729166666667 0.27314814814814814 0.0421875 0.05925925925925926
5 0.8661458333333333 0.2740740740740741 0.05416666666666667 0.07962962962962963
5 0.8020833333333334 0.24861111111111112 0.041666666666666664 0.062037037037037036
17 0.78359375 0.22453703703703703 0.0234375 0.04722222222222222
5 0.88828125 0.23935185185185184 0.028645833333333332 0.06574074074074074
5 0.8643229166666667 0.2222222222222222 0.019270833333333334 0.05925925925925926
9 0.8010416666666667 0.1986111111111111 0.03333333333333333 0.04537037037037037
4 0.75 0.1625 0.03125 0.023148148148148147
4 0.011458333333333333 0.1787037037037037 0.021875 0.27037037037037037
19 0.4322916666666667 0.31203703703703706 0.14583333333333334 0.14814814814814814
5 0.6682291666666667 0.2796296296296296 0.07083333333333333 0.06851851851851852
5 0.47265625 0.23055555555555557 0.043229166666666666 0.02962962962962963
5 0.5161458333333333 0.23287037037037037 0.05416666666666667 0.04537037037037037
19 0.60625 0.20879629629629629 0.04895833333333333 0.05092592592592592
5 0.8260416666666667 0.2125 0.026041666666666668 0.05092592592592592
5 0.89921875 0.19398148148148148 0.019270833333333334 0.03611111111111111
