4 0.9328125 0.7087962962962963 0.13229166666666667 0.5824074074074074
5 0.6247395833333333 0.7125 0.33697916666666666 0.3175925925925926
17 0.037760416666666664 0.6777777777777778 0.0734375 0.3
17 0.07421875 0.6217592592592592 0.1328125 0.21574074074074073
17 0.20052083333333334 0.6453703703703704 0.1625 0.2814814814814815
17 0.3125 0.6597222222222222 0.21041666666666667 0.28425925925925927
17 0.39947916666666666 0.5861111111111111 0.103125 0.1962962962962963
17 0.5208333333333334 0.6 0.14895833333333333 0.18703703703703703
17 0.60703125 0.5967592592592592 0.14427083333333332 0.1398148148148148
17 0.24765625 0.5009259259259259 0.07864583333333333 0.08333333333333333
19 0.390625 0.5055555555555555 0.14791666666666667 0.12222222222222222
19 0.55 0.47962962962962963 0.09895833333333333 0.0962962962962963
4 0.75703125 0.4648148148148148 0.18072916666666666 0.11666666666666667
17 0.88828125 0.5046296296296297 0.06510416666666667 0.11296296296296296
17 0.8200520833333333 0.6199074074074075 0.08385416666666666 0.21203703703703702
17 0.8442708333333333 0.5370370370370371 0.059375 0.09814814814814815
17 0.72109375 0.5398148148148149 0.07760416666666667 0.08888888888888889
17 0.746875 0.5435185185185185 0.075 0.1111111111111111
17 0.7408854166666666 0.49212962962962964 0.0765625 0.04722222222222222
17 0.6421875 0.5083333333333333 0.09583333333333334 0.06851851851851852
17 0.11067708333333333 0.5152777777777777 0.1234375 0.06574074074074074
17 0.47369791666666666 0.537962962962963 0.0796875 0.1111111111111111
19 0.52578125 0.43472222222222223 0.04739583333333333 0.03796296296296296
19 0.6059895833333333 0.449537037037037 0.0578125 0.03796296296296296
17 0.6513020833333333 0.4486111111111111 0.03697916666666667 0.03981481481481482
