4 0.8145833333333333 0.6472222222222223 0.26145833333333335 0.55
4 0.6690104166666667 0.3101851851851852 0.13072916666666667 0.1962962962962963
4 0.6096354166666667 0.21157407407407408 0.08802083333333334 0.14722222222222223
4 0.5903645833333333 0.1412037037037037 0.07760416666666667 0.11574074074074074
4 0.53125 0.17592592592592593 0.05625 0.15925925925925927
0 0.27291666666666664 0.7032407407407407 0.16458333333333333 0.43796296296296294
5 0.4231770833333333 0.5416666666666666 0.0859375 0.24444444444444444
5 0.33880208333333334 0.4439814814814815 0.0859375 0.15833333333333333
5 0.4348958333333333 0.3592592592592593 0.06770833333333333 0.12777777777777777
5 0.36484375 0.33287037037037037 0.0640625 0.1175925925925926
5 0.3885416666666667 0.24861111111111112 0.04583333333333333 0.08425925925925926
5 0.4557291666666667 0.25925925925925924 0.041666666666666664 0.09074074074074075
17 0.49765625 0.24351851851851852 0.03177083333333333 0.09444444444444444
17 0.5044270833333333 0.4236111111111111 0.034895833333333334 0.1287037037037037
17 0.5052083333333334 0.33564814814814814 0.042708333333333334 0.08425925925925926
10 0.37786458333333334 0.18935185185185185 0.0203125 0.026851851851851852
5 0.40572916666666664 0.20462962962962963 0.03333333333333333 0.08333333333333333
5 0.4518229166666667 0.20416666666666666 0.03177083333333333 0.075
5 0.45807291666666666 0.17222222222222222 0.03177083333333333 0.06111111111111111
5 0.41901041666666666 0.15416666666666667 0.033854166666666664 0.058333333333333334
5 0.49713541666666666 0.1597222222222222 0.030729166666666665 0.06574074074074074
11 0.49505208333333334 0.11944444444444445 0.0265625 0.07592592592592592
11 0.42213541666666665 0.10324074074074074 0.027604166666666666 0.03611111111111111
19 0.434375 0.08148148148148149 0.021875 0.05
5 0.45546875 0.12777777777777777 0.022395833333333334 0.03148148148148148
4 0.46015625 0.04351851851851852 0.027604166666666666 0.06481481481481481
4 0.5049479166666667 0.03333333333333333 0.03177083333333333 0.05555555555555555
4 0.54375 0.08796296296296297 0.041666666666666664 0.08148148148148149
5 0.0265625 0.7958333333333333 0.051041666666666666 0.15462962962962962
15 0.08723958333333333 0.5796296296296296 0.1640625 0.19074074074074074
5 0.17708333333333334 0.42268518518518516 0.11145833333333334 0.12685185185185185
5 0.07421875 0.4449074074074074 0.12447916666666667 0.13055555555555556
5 0.06015625 0.3731481481481482 0.11614583333333334 0.08888888888888889
5 0.24088541666666666 0.3337962962962963 0.07760416666666667 0.10462962962962963
5 0.17395833333333333 0.3212962962962963 0.08229166666666667 0.08703703703703704
5 0.14973958333333334 0.29074074074074074 0.0796875 0.09074074074074075
15 0.05260416666666667 0.3101851851851852 0.10104166666666667 0.08703703703703704
5 0.07786458333333333 0.2569444444444444 0.07864583333333333 0.05648148148148148
5 0.01640625 0.26851851851851855 0.030729166666666665 0.02962962962962963
10 0.04088541666666667 0.23148148148148148 0.0203125 0.027777777777777776
17 0.1421875 0.22407407407407406 0.04583333333333333 0.05925925925925926
17 0.18776041666666668 0.22407407407407406 0.028645833333333332 0.08148148148148149
5 0.1 0.21157407407407408 0.05520833333333333 0.049074074074074076
17 0.12057291666666667 0.16898148148148148 0.030729166666666665 0.04722222222222222
17 0.14947916666666666 0.1625 0.023958333333333335 0.049074074074074076
17 0.16171875 0.1625 0.0234375 0.049074074074074076
5 0.18984375 0.16805555555555557 0.0453125 0.04537037037037037
17 0.23567708333333334 0.18472222222222223 0.034895833333333334 0.05462962962962963
5 0.2859375 0.25462962962962965 0.059375 0.07407407407407407
19 0.30833333333333335 0.1925925925925926 0.051041666666666666 0.07962962962962963
5 0.275 0.18796296296296297 0.0375 0.07407407407407407
5 0.34921875 0.13842592592592592 0.034895833333333334 0.041666666666666664
15 0.30625 0.1412037037037037 0.03854166666666667 0.04351851851851852
17 0.26796875 0.14212962962962963 0.0296875 0.030555555555555555
5 0.26223958333333336 0.1087962962962963 0.0265625 0.021296296296296296
5 0.3653645833333333 0.11342592592592593 0.0203125 0.041666666666666664
5 0.34401041666666665 0.10231481481481482 0.011979166666666667 0.03425925925925926
5 0.38229166666666664 0.08425925925925926 0.023958333333333335 0.03148148148148148
4 0.2677083333333333 0.060648148148148145 0.05 0.03796296296296296
5 0.3104166666666667 0.06527777777777778 0.014583333333333334 0.021296296296296296
5 0.4354166666666667 0.047685185185185185 0.015625 0.03425925925925926
