19 0.2864583333333333 0.5981481481481481 0.56875 0.8037037037037037
19 0.4544270833333333 0.32916666666666666 0.27760416666666665 0.3472222222222222
5 0.7919270833333333 0.39675925925925926 0.25052083333333336 0.3435185185185185
5 0.6763020833333333 0.27870370370370373 0.12552083333333333 0.17592592592592593
5 0.7799479166666666 0.19953703703703704 0.09010416666666667 0.10092592592592593
5 0.8546875 0.22268518518518518 0.11666666666666667 0.13796296296296295
17 0.9622395833333334 0.1912037037037037 0.0703125 0.125
5 0.6942708333333333 0.18333333333333332 0.071875 0.09444444444444444
17 0.6135416666666667 0.2023148148148148 0.09375 0.15833333333333333
4 0.7028645833333333 0.1337962962962963 0.17239583333333333 0.13796296296296295
17 0.075 0.1712962962962963 0.14375 0.06296296296296296
17 0.25755208333333335 0.17453703703703705 0.12760416666666666 0.04722222222222222
17 0.3763020833333333 0.1587962962962963 0.12135416666666667 0.049074074074074076
