17 0.7434895833333334 0.7282407407407407 0.5130208333333334 0.537962962962963
19 0.6046875 0.65 0.790625 0.6833333333333333
5 0.03723958333333333 0.6898148148148148 0.0703125 0.30925925925925923
4 0.2578125 0.3902777777777778 0.5135416666666667 0.5694444444444444
4 0.5669270833333333 0.2564814814814815 0.12760416666666666 0.17222222222222222
4 0.6489583333333333 0.2638888888888889 0.0375 0.11481481481481481
4 0.75 0.2875 0.11770833333333333 0.10648148148148148
17 0.9018229166666667 0.325 0.1265625 0.07222222222222222
4 0.67734375 0.25972222222222224 0.021354166666666667 0.03611111111111111
19 0.67578125 0.2884259259259259 0.024479166666666666 0.05462962962962963
