4 0.8239583333333333 0.3773148148148148 0.19583333333333333 0.30833333333333335
17 0.18541666666666667 0.749537037037037 0.36666666666666664 0.5009259259259259
3 0.93671875 0.5037037037037037 0.03802083333333333 0.1111111111111111
4 0.9393229166666667 0.37453703703703706 0.04114583333333333 0.12129629629629629
4 0.9716145833333333 0.35462962962962963 0.03177083333333333 0.08518518518518518
4 0.9364583333333333 0.3013888888888889 0.03854166666666667 0.07314814814814814
5 0.7015625 0.42453703703703705 0.059375 0.11203703703703703
17 0.70234375 0.35694444444444445 0.0328125 0.05277777777777778
0 0.2734375 0.44814814814814813 0.1125 0.2037037037037037
5 0.078125 0.4671296296296296 0.15208333333333332 0.1361111111111111
4 0.09244791666666667 0.32916666666666666 0.1828125 0.1361111111111111
15 0.12239583333333333 0.399537037037037 0.23645833333333333 0.14166666666666666
5 0.19140625 0.42453703703703705 0.14010416666666667 0.11203703703703703
4 0.47421875 0.41574074074074074 0.4036458333333333 0.5592592592592592
