17 0.51484375 0.6523148148148148 0.3578125 0.6953703703703704
17 0.8033854166666666 0.5162037037037037 0.2328125 0.5027777777777778
17 0.14114583333333333 0.4791666666666667 0.28125 0.4787037037037037
17 0.21484375 0.35462962962962963 0.17239583333333333 0.3037037037037037
17 0.09635416666666667 0.24305555555555555 0.17291666666666666 0.08425925925925926
17 0.03411458333333333 0.1787037037037037 0.0640625 0.05925925925925926
17 0.07916666666666666 0.16712962962962963 0.04583333333333333 0.05092592592592592
17 0.12447916666666667 0.18055555555555555 0.10208333333333333 0.07777777777777778
17 0.22708333333333333 0.18935185185185185 0.096875 0.06018518518518518
17 0.34401041666666665 0.3023148148148148 0.10260416666666666 0.25277777777777777
17 0.3502604166666667 0.16527777777777777 0.0859375 0.06574074074074074
17 0.45286458333333335 0.2875 0.1359375 0.23055555555555557
17 0.5661458333333333 0.23657407407407408 0.08229166666666667 0.15462962962962962
17 0.62734375 0.17777777777777778 0.07447916666666667 0.053703703703703705
17 0.6453125 0.2796296296296296 0.16145833333333334 0.16296296296296298
17 0.7213541666666666 0.21666666666666667 0.10520833333333333 0.09259259259259259
17 0.7919270833333333 0.2013888888888889 0.0890625 0.07685185185185185
17 0.8 0.16342592592592592 0.06875 0.062037037037037036
17 0.8760416666666667 0.17962962962962964 0.06145833333333333 0.053703703703703705
17 0.9005208333333333 0.2967592592592593 0.09375 0.23055555555555557
17 0.821875 0.2518518518518518 0.16979166666666667 0.10555555555555556
19 0.6171875 0.14953703703703702 0.10104166666666667 0.075
5 0.9830729166666666 0.20694444444444443 0.033854166666666664 0.07685185185185185
4 0.740625 0.15416666666666667 0.052083333333333336 0.062037037037037036
