4 0.9036458333333334 0.7263888888888889 0.18958333333333333 0.5009259259259259
4 0.5622395833333333 0.5634259259259259 0.34010416666666665 0.43796296296296294
4 0.21380208333333334 0.275 0.21927083333333333 0.2777777777777778
4 0.07890625 0.16620370370370371 0.07447916666666667 0.15092592592592594
4 0.0484375 0.08425925925925926 0.09479166666666666 0.08888888888888889
4 0.23645833333333333 0.050462962962962966 0.04583333333333333 0.032407407407407406
17 0.7510416666666667 0.8722222222222222 0.19895833333333332 0.25555555555555554
5 0.4359375 0.7861111111111111 0.225 0.26481481481481484
5 0.21276041666666667 0.5101851851851852 0.13385416666666666 0.17407407407407408
17 0.25364583333333335 0.4412037037037037 0.07708333333333334 0.15648148148148147
19 0.103125 0.3699074074074074 0.10625 0.15648148148148147
5 0.03515625 0.2916666666666667 0.0640625 0.09259259259259259
11 0.04348958333333333 0.21666666666666667 0.0765625 0.0962962962962963
17 0.16588541666666667 0.34953703703703703 0.0421875 0.12129629629629629
17 0.26276041666666666 0.4375 0.0828125 0.14537037037037037
17 0.3541666666666667 0.29305555555555557 0.046875 0.11018518518518519
17 0.7106770833333333 0.5217592592592593 0.09010416666666667 0.18055555555555555
5 0.4484375 0.32592592592592595 0.10208333333333333 0.1037037037037037
5 0.3893229166666667 0.4027777777777778 0.03177083333333333 0.10925925925925926
14 0.3736979166666667 0.3476851851851852 0.024479166666666666 0.06759259259259259
5 0.16666666666666666 0.12083333333333333 0.04791666666666667 0.03796296296296296
5 0.1515625 0.10601851851851851 0.05416666666666667 0.05648148148148148
5 0.22239583333333332 0.10046296296296296 0.059375 0.04537037037037037
