4 0.012760416666666666 0.7287037037037037 0.0234375 0.1574074074074074
4 0.4171875 0.2564814814814815 0.21354166666666666 0.25555555555555554
4 0.4390625 0.4597222222222222 0.2635416666666667 0.41574074074074074
4 0.7703125 0.3300925925925926 0.1375 0.2972222222222222
4 0.7403645833333333 0.02962962962962963 0.08802083333333334 0.05740740740740741
5 0.61796875 0.8513888888888889 0.2171875 0.2972222222222222
5 0.65703125 0.3175925925925926 0.0953125 0.15925925925925927
5 0.57265625 0.24583333333333332 0.0796875 0.11388888888888889
5 0.6049479166666667 0.1574074074074074 0.0703125 0.09444444444444444
5 0.6809895833333334 0.16666666666666666 0.06927083333333334 0.09814814814814815
5 0.71875 0.10324074074074074 0.051041666666666666 0.07314814814814814
5 0.871875 0.05416666666666667 0.03854166666666667 0.07314814814814814
5 0.8276041666666667 0.1787037037037037 0.058333333333333334 0.10740740740740741
5 0.9841145833333333 0.7893518518518519 0.03177083333333333 0.39537037037037037
5 0.9890625 0.3194444444444444 0.021875 0.14814814814814814
5 0.9895833333333334 0.21342592592592594 0.020833333333333332 0.09351851851851851
0 0.9875 0.12777777777777777 0.025 0.12222222222222222
5 0.9859375 0.06388888888888888 0.028125 0.05925925925925926
5 0.9854166666666667 0.02962962962962963 0.029166666666666667 0.05555555555555555
11 0.6848958333333334 0.07222222222222222 0.051041666666666666 0.07592592592592592
8 0.7791666666666667 0.10416666666666667 0.065625 0.10648148148148148
5 0.7575520833333333 0.047685185185185185 0.0390625 0.03796296296296296
17 0.7354166666666667 0.20324074074074075 0.052083333333333336 0.11574074074074074
17 0.6877604166666667 0.4898148148148148 0.07864583333333333 0.2074074074074074
17 0.48776041666666664 0.7425925925925926 0.1171875 0.29074074074074074
10 0.26979166666666665 0.9375 0.08020833333333334 0.125
10 0.09479166666666666 0.5518518518518518 0.10208333333333333 0.08703703703703704
10 0.19661458333333334 0.4666666666666667 0.08697916666666666 0.09074074074074075
10 0.2747395833333333 0.5916666666666667 0.06927083333333334 0.16666666666666666
10 0.8731770833333333 0.1439814814814815 0.022395833333333334 0.049074074074074076
17 0.82109375 0.041666666666666664 0.030729166666666665 0.06111111111111111
17 0.8080729166666667 0.02546296296296296 0.0171875 0.04722222222222222
17 0.8434895833333333 0.025925925925925925 0.016145833333333335 0.05
10 0.68203125 0.1050925925925926 0.022395833333333334 0.032407407407407406
