17 0.08255208333333333 0.21388888888888888 0.0734375 0.18518518518518517
17 0.15520833333333334 0.2412037037037037 0.1125 0.20277777777777778
17 0.19817708333333334 0.26944444444444443 0.17760416666666667 0.22407407407407406
17 0.28020833333333334 0.20046296296296295 0.109375 0.14351851851851852
17 0.34140625 0.1837962962962963 0.04010416666666667 0.125
17 0.38958333333333334 0.20601851851851852 0.11145833333333334 0.125
17 0.47890625 0.19398148148148148 0.08177083333333333 0.14166666666666666
17 0.56875 0.19583333333333333 0.10416666666666667 0.10833333333333334
17 0.6559895833333333 0.19398148148148148 0.07239583333333334 0.11203703703703703
17 0.3580729166666667 0.6268518518518519 0.5473958333333333 0.7462962962962963
17 0.5645833333333333 0.40185185185185185 0.21875 0.37962962962962965
17 0.7807291666666667 0.5680555555555555 0.2520833333333333 0.6638888888888889
17 0.9046875 0.38842592592592595 0.134375 0.33796296296296297
17 0.95703125 0.27546296296296297 0.0859375 0.15462962962962962
17 0.81015625 0.19675925925925927 0.0421875 0.11018518518518519
17 0.7356770833333334 0.16620370370370371 0.06822916666666666 0.05648148148148148
17 0.6580729166666667 0.18981481481481483 0.08072916666666667 0.08518518518518518
17 0.5677083333333334 0.1814814814814815 0.09791666666666667 0.07962962962962963
17 0.38958333333333334 0.20972222222222223 0.10520833333333333 0.11944444444444445
4 0.45026041666666666 0.11203703703703703 0.08385416666666666 0.08888888888888889
4 0.6216145833333333 0.10925925925925926 0.18177083333333333 0.0962962962962963
4 0.8333333333333334 0.13564814814814816 0.2552083333333333 0.14907407407407408
4 0.9783854166666667 0.11898148148148148 0.04114583333333333 0.11203703703703703
4 0.9846354166666667 0.13842592592592592 0.030729166666666665 0.08425925925925926
4 0.73828125 0.30092592592592593 0.17135416666666667 0.2037037037037037
5 0.74921875 0.20972222222222223 0.1328125 0.06759259259259259
