10 0.3359375 0.7787037037037037 0.06145833333333333 0.12407407407407407
10 0.38046875 0.7449074074074075 0.0234375 0.0712962962962963
5 0.42161458333333335 0.7097222222222223 0.04739583333333333 0.07685185185185185
11 0.0875 0.6935185185185185 0.10625 0.10185185185185185
9 0.5278645833333333 0.7444444444444445 0.14114583333333333 0.26851851851851855
5 0.675 0.7523148148148148 0.11666666666666667 0.15092592592592594
5 0.4518229166666667 0.7277777777777777 0.033854166666666664 0.10185185185185185
5 0.859375 0.8148148148148148 0.27708333333333335 0.37037037037037035
4 0.8658854166666666 0.6268518518518519 0.14739583333333334 0.0962962962962963
5 0.809375 0.7138888888888889 0.10520833333333333 0.1
15 0.65390625 0.6861111111111111 0.07447916666666667 0.07222222222222222
