4 0.23489583333333333 0.11481481481481481 0.19791666666666666 0.18703703703703703
4 0.075 0.11990740740740741 0.14166666666666666 0.2175925925925926
19 0.08072916666666667 0.3800925925925926 0.15729166666666666 0.21944444444444444
5 0.2234375 0.4310185185185185 0.22708333333333333 0.21203703703703702
17 0.6106770833333334 0.7333333333333333 0.16927083333333334 0.3962962962962963
17 0.24609375 0.9273148148148148 0.2515625 0.13240740740740742
5 0.3515625 0.725925925925926 0.3177083333333333 0.4
17 0.42083333333333334 0.4675925925925926 0.15729166666666666 0.17222222222222222
17 0.51875 0.39166666666666666 0.10416666666666667 0.17037037037037037
17 0.8635416666666667 0.27870370370370373 0.05 0.10740740740740741
17 0.8010416666666667 0.32083333333333336 0.06041666666666667 0.125
3 0.7927083333333333 0.39814814814814814 0.041666666666666664 0.08888888888888889
4 0.9505208333333334 0.2013888888888889 0.09791666666666667 0.24351851851851852
17 0.9046875 0.1875 0.025 0.06018518518518518
5 0.4161458333333333 0.33935185185185185 0.14791666666666667 0.13796296296296295
5 0.3223958333333333 0.2986111111111111 0.153125 0.12129629629629629
5 0.47369791666666666 0.2611111111111111 0.11822916666666666 0.10185185185185185
5 0.5703125 0.2759259259259259 0.09479166666666666 0.10185185185185185
5 0.63046875 0.3023148148148148 0.08697916666666666 0.12129629629629629
5 0.7020833333333333 0.3476851851851852 0.11354166666666667 0.15092592592592594
5 0.6989583333333333 0.2574074074074074 0.06875 0.08333333333333333
17 0.6796875 0.22314814814814815 0.05 0.08333333333333333
15 0.66328125 0.19675925925925927 0.06822916666666666 0.08611111111111111
15 0.775 0.25555555555555554 0.08125 0.10925925925925926
15 0.34713541666666664 0.2351851851851852 0.11614583333333334 0.1037037037037037
15 0.10442708333333334 0.2412037037037037 0.1171875 0.08055555555555556
5 0.21380208333333334 0.2814814814814815 0.1546875 0.10555555555555556
5 0.26848958333333334 0.22314814814814815 0.0734375 0.05740740740740741
5 0.21536458333333333 0.2023148148148148 0.08177083333333333 0.06388888888888888
19 0.33932291666666664 0.17314814814814813 0.0765625 0.05925925925925926
4 0.3765625 0.14722222222222223 0.09583333333333334 0.08333333333333333
5 0.4010416666666667 0.19583333333333333 0.053125 0.05092592592592592
5 0.44244791666666666 0.21342592592592594 0.0765625 0.06018518518518518
5 0.4747395833333333 0.1865740740740741 0.043229166666666666 0.04351851851851852
5 0.5263020833333333 0.1875 0.05572916666666667 0.05277777777777778
5 0.58671875 0.22314814814814815 0.08489583333333334 0.06481481481481481
5 0.7416666666666667 0.21064814814814814 0.058333333333333334 0.062037037037037036
5 0.7229166666666667 0.17916666666666667 0.042708333333333334 0.04722222222222222
5 0.8307291666666666 0.22592592592592592 0.04375 0.07777777777777778
5 0.8796875 0.23657407407407408 0.041666666666666664 0.0712962962962963
5 0.8111979166666666 0.19212962962962962 0.0421875 0.05092592592592592
5 0.87109375 0.19675925925925927 0.0390625 0.05277777777777778
9 0.7622395833333333 0.1587962962962963 0.0421875 0.041666666666666664
4 0.5651041666666666 0.12685185185185185 0.11770833333333333 0.07592592592592592
4 0.69140625 0.09444444444444444 0.08385416666666666 0.07592592592592592
19 0.6151041666666667 0.16342592592592592 0.06041666666666667 0.06574074074074074
5 0.8377604166666667 0.16342592592592592 0.027604166666666666 0.032407407407407406
19 0.8872395833333333 0.14675925925925926 0.03697916666666667 0.03981481481481482
19 0.8065104166666667 0.15046296296296297 0.030729166666666665 0.03611111111111111
4 0.76640625 0.10972222222222222 0.033854166666666664 0.04537037037037037
17 0.01953125 0.7773148148148148 0.03802083333333333 0.13796296296296295
5 0.046875 0.9263888888888889 0.0875 0.14722222222222223
5 0.8596354166666667 0.14583333333333334 0.024479166666666666 0.041666666666666664
