5 0.2484375 0.974339430894309 0.06754807692307692 0.051321138211382115
5 0.2631009615384615 0.9092987804878049 0.06033653846153846 0.09806910569105691
5 0.2826923076923077 0.8628048780487805 0.04855769230769231 0.08130081300813008
5 0.31430288461538464 0.7873475609756098 0.036298076923076926 0.07571138211382114
5 0.31814903846153847 0.744410569105691 0.02956730769230769 0.037601626016260166
13 0.35757211538461536 0.7060467479674797 0.012740384615384615 0.058434959349593495
13 0.38185096153846154 0.6885162601626016 0.014663461538461538 0.054878048780487805
13 0.40384615384615385 0.6526930894308943 0.011538461538461539 0.0391260162601626
13 0.4115384615384615 0.6326219512195121 0.009615384615384616 0.03048780487804878
13 0.39471153846153845 0.6252540650406504 0.009134615384615385 0.029979674796747968
13 0.34927884615384613 0.6201727642276422 0.008653846153846154 0.028963414634146343
13 0.3448317307692308 0.6016260162601627 0.0069711538461538465 0.02540650406504065
13 0.33245192307692306 0.6176321138211383 0.01875 0.024898373983739838
2 0.3627403846153846 0.6526930894308943 0.017788461538461538 0.041158536585365856
2 0.4329326923076923 0.6730182926829268 0.016826923076923076 0.04725609756097561
2 0.3794471153846154 0.6316056910569106 0.010817307692307692 0.03353658536585366
2 0.36622596153846154 0.618140243902439 0.010817307692307692 0.023882113821138213
19 0.3887019230769231 0.6049288617886179 0.016346153846153847 0.028963414634146343
3 0.3984375 0.695630081300813 0.007451923076923077 0.032520325203252036
18 0.575 0.7850609756097561 0.057692307692307696 0.12601626016260162
3 0.5344951923076923 0.666920731707317 0.018509615384615385 0.02184959349593496
13 0.6002403846153846 0.6603150406504065 0.016346153846153847 0.04014227642276423
13 0.6139423076923077 0.78125 0.015865384615384615 0.08079268292682927
2 0.6103365384615385 0.7123983739837398 0.015384615384615385 0.05386178861788618
2 0.6143028846153846 0.6676829268292683 0.007451923076923077 0.031504065040650404
2 0.6393028846153846 0.7903963414634146 0.030528846153846153 0.08282520325203252
10 0.6587740384615385 0.7715955284552846 0.014663461538461538 0.041158536585365856
10 0.6603365384615385 0.7263719512195121 0.015384615384615385 0.027947154471544715
5 0.6962740384615385 0.8335873983739838 0.04399038461538462 0.08180894308943089
5 0.8542067307692308 0.9113313008130082 0.08966346153846154 0.0899390243902439
5 0.8039663461538461 0.8539126016260162 0.09735576923076923 0.07571138211382114
19 0.7736778846153847 0.8003048780487805 0.08341346153846153 0.07113821138211382
13 0.7314903846153846 0.8630589430894309 0.035576923076923075 0.09095528455284553
13 0.7971153846153847 0.9336890243902439 0.04230769230769231 0.1326219512195122
19 0.8876201923076923 0.960619918699187 0.08581730769230769 0.07672764227642276
