5 0.23255208333333333 0.48935185185185187 0.1890625 0.125
5 0.36041666666666666 0.49074074074074076 0.0625 0.08518518518518518
10 0.52421875 0.7620370370370371 0.9494791666666667 0.4759259259259259
3 0.6598958333333333 0.48564814814814816 0.028125 0.11944444444444445
10 0.6901041666666666 0.48194444444444445 0.023958333333333335 0.05648148148148148
3 0.51875 0.475462962962963 0.010416666666666666 0.05092592592592592
3 0.5770833333333333 0.4722222222222222 0.009375 0.044444444444444446
13 0.49583333333333335 0.4722222222222222 0.011458333333333333 0.04259259259259259
2 0.55546875 0.4689814814814815 0.0171875 0.03981481481481482
15 0.48203125 0.46620370370370373 0.0140625 0.030555555555555555
