5 0.5278645833333333 0.7324074074074074 0.0890625 0.11851851851851852
3 0.08229166666666667 0.6768518518518518 0.04479166666666667 0.05555555555555555
10 0.2234375 0.6865740740740741 0.027083333333333334 0.03796296296296296
10 0.2859375 0.6861111111111111 0.020833333333333332 0.02962962962962963
10 0.465625 0.6930555555555555 0.010416666666666666 0.05277777777777778
17 0.39036458333333335 0.7129629629629629 0.05364583333333333 0.10555555555555556
4 0.4153645833333333 0.6699074074074074 0.0328125 0.07314814814814814
9 0.440625 0.6842592592592592 0.017708333333333333 0.037037037037037035
9 0.5908854166666667 0.7060185185185185 0.08385416666666666 0.1175925925925926
5 0.46145833333333336 0.6856481481481481 0.020833333333333332 0.025
5 0.48020833333333335 0.6907407407407408 0.017708333333333333 0.03148148148148148
