5 0.41610576923076925 0.9739010989010989 0.03173076923076923 0.04945054945054945
5 0.7223557692307693 0.9622252747252747 0.03461538461538462 0.07554945054945054
10 0.49314903846153846 0.9144917582417582 0.011778846153846154 0.05563186813186813
13 0.46971153846153846 0.8564560439560439 0.0125 0.04807692307692308
13 0.47608173076923077 0.8430631868131868 0.010817307692307692 0.05151098901098901
13 0.4780048076923077 0.8114697802197802 0.009375 0.036401098901098904
13 0.5013221153846154 0.8351648351648352 0.010336538461538461 0.038461538461538464
13 0.4485576923076923 0.8018543956043956 0.008173076923076924 0.036401098901098904
2 0.46646634615384613 0.8121565934065934 0.009375 0.032280219780219783
2 0.4908653846153846 0.8550824175824175 0.012980769230769231 0.059065934065934064
18 0.5370192307692307 0.853021978021978 0.03173076923076923 0.11813186813186813
18 0.5254807692307693 0.782967032967033 0.028365384615384615 0.06043956043956044
2 0.43930288461538464 0.7826236263736264 0.007932692307692307 0.030906593406593408
13 0.44963942307692306 0.7733516483516484 0.007451923076923077 0.019230769230769232
10 0.4590144230769231 0.7733516483516484 0.004086538461538462 0.024725274725274724
2 0.46778846153846154 0.7864010989010989 0.009134615384615385 0.020604395604395604
2 0.4717548076923077 0.7757554945054945 0.00985576923076923 0.029532967032967032
4 0.4325721153846154 0.7184065934065934 0.013701923076923077 0.050824175824175824
4 0.47283653846153845 0.7314560439560439 0.02980769230769231 0.03571428571428571
11 0.49651442307692306 0.7489697802197802 0.019951923076923075 0.036401098901098904
10 0.5617788461538461 0.8475274725274725 0.011057692307692308 0.04120879120879121
2 0.6272836538461538 0.8798076923076923 0.03293269230769231 0.0673076923076923
2 0.6206730769230769 0.7901785714285714 0.011538461538461539 0.036401098901098904
2 0.6533653846153846 0.9529532967032966 0.026923076923076925 0.09409340659340659
2 0.7025240384615384 0.9306318681318682 0.019471153846153846 0.08791208791208792
13 0.6883413461538461 0.9230769230769231 0.010336538461538461 0.08241758241758242
2 0.7337740384615384 0.9048763736263736 0.020432692307692308 0.07074175824175824
12 0.7305288461538462 0.8372252747252747 0.03942307692307692 0.07967032967032966
13 0.7447115384615385 0.8784340659340659 0.014903846153846155 0.046703296703296704
19 0.7602163461538461 0.821771978021978 0.02235576923076923 0.052884615384615384
10 0.7691105769230769 0.9378434065934066 0.014663461538461538 0.03777472527472527
