17 0.31328125 0.6222222222222222 0.07552083333333333 0.11481481481481481
17 0.7401041666666667 0.5916666666666667 0.020833333333333332 0.040740740740740744
4 0.47552083333333334 0.5773148148148148 0.15 0.08611111111111111
4 0.6166666666666667 0.5675925925925925 0.059375 0.0962962962962963
4 0.6739583333333333 0.5675925925925925 0.059375 0.07407407407407407
13 0.5015625 0.5986111111111111 0.035416666666666666 0.05462962962962963
5 0.6924479166666667 0.5930555555555556 0.043229166666666666 0.049074074074074076
5 0.7661458333333333 0.5935185185185186 0.041666666666666664 0.05185185185185185
5 0.9546875 0.586574074074074 0.0625 0.03981481481481482
10 0.82890625 0.6 0.0203125 0.020370370370370372
