17 0.2546875 0.788425925925926 0.234375 0.3972222222222222
5 0.5106770833333333 0.7185185185185186 0.07447916666666667 0.09074074074074075
5 0.7783854166666667 0.6916666666666667 0.07760416666666667 0.03333333333333333
5 0.9791666666666666 0.6962962962962963 0.041666666666666664 0.03888888888888889
5 0.7190104166666667 0.687962962962963 0.033854166666666664 0.02962962962962963
9 0.6434895833333333 0.7087962962962963 0.12239583333333333 0.13796296296296295
9 0.43671875 0.6842592592592592 0.028645833333333332 0.05555555555555555
10 0.45546875 0.6958333333333333 0.015104166666666667 0.06388888888888888
10 0.41901041666666666 0.6837962962962963 0.009895833333333333 0.03981481481481482
4 0.384375 0.663425925925926 0.029166666666666667 0.07685185185185185
