5 0.16081147946561108 0.959937156323645 0.1425037110341415 0.08012568735271014
5 0.243691241959426 0.9018067556952082 0.11627906976744186 0.11468970934799685
5 0.4945571499257793 0.7348782403770621 0.06382978723404255 0.07148468185388845
5 0.34364176150420583 0.7961508248232522 0.08955962394854032 0.10290652003142184
5 0.3740722414646215 0.7454831107619796 0.07422068283028203 0.08641005498821681
2 0.5306778822365166 0.6425765907305577 0.03612073231073726 0.0769835035349568
2 0.4537357743691242 0.5526315789473685 0.028698664027709056 0.05106048703849175
2 0.5074220682830282 0.5475255302435192 0.022266204849084613 0.05341712490180676
2 0.46808510638297873 0.49528672427337 0.02177140029688273 0.04006284367635507
2 0.433943592281049 0.5 0.012864918357248886 0.0384917517674784
2 0.4482929242949035 0.4709347996857816 0.01682335477486393 0.016496465043205028
13 0.4945571499257793 0.5278868813825609 0.009401286491835725 0.03613511390416339
0 0.5591291439881247 0.5039277297721917 0.03166749134092034 0.04477611940298507
3 0.5385947550717467 0.5420267085624509 0.009401286491835725 0.02513747054202671
3 0.5603661553686294 0.540062843676355 0.009401286491835725 0.030636292223095052
3 0.5729836714497774 0.5463472113118617 0.007916872835230085 0.022780832678711706
18 0.43691241959426025 0.4304791830322074 0.03958436417615042 0.03456402199528672
4 0.5306778822365166 0.4426551453260016 0.0677882236516576 0.041633935585231735
13 0.6098466105888174 0.5903377847604084 0.026224641266699655 0.06520031421838178
2 0.6771400296882731 0.575019638648861 0.022266204849084613 0.061272584446190104
3 0.6870361207323107 0.5974076983503535 0.022266204849084613 0.03220738413197172
3 0.7008906481939634 0.591516103692066 0.009401286491835725 0.029850746268656716
10 0.7137555665512123 0.5868028279654359 0.01929737753587333 0.04870384917517675
2 0.8240969816922316 0.5981932443047918 0.0400791687283523 0.06520031421838178
19 0.813706086095992 0.5282796543597801 0.047996041563582385 0.046347211311861744
10 0.9591786244433449 0.6201885310290652 0.02028698664027709 0.0589159465828751
3 0.958683819891143 0.6704634721131186 0.015338941118258289 0.047918303220738416
2 0.9849084611578427 0.596229379418696 0.030183077684314694 0.05970149253731343
11 0.91316180108857 0.8354281225451688 0.12617516081147948 0.2694422623723488
10 0.9829292429490352 0.8719560094265515 0.022266204849084613 0.08798114689709348
5 0.9891142998515586 0.7120974076983504 0.02177140029688273 0.07305577376276512
