5 0.36813186813186816 0.9692581300813008 0.15842490842490842 0.061483739837398375
5 0.4381868131868132 0.9059959349593496 0.1346153846153846 0.09247967479674797
5 0.5089285714285714 0.8567073170731707 0.0902014652014652 0.07113821138211382
5 0.5943223443223443 0.7896341463414634 0.07234432234432235 0.06300813008130081
5 0.6172161172161172 0.7464430894308943 0.05952380952380952 0.047764227642276426
13 0.6744505494505495 0.9232723577235772 0.06868131868131869 0.11686991869918699
13 0.6719322344322345 0.7794715447154471 0.041666666666666664 0.07621951219512195
13 0.7300824175824175 0.7604166666666666 0.038003663003663 0.07571138211382114
3 0.7655677655677655 0.8877032520325203 0.02564102564102564 0.07113821138211382
3 0.7843406593406593 0.7914126016260162 0.016483516483516484 0.041158536585365856
2 0.6911630036630036 0.6313516260162602 0.022435897435897436 0.03201219512195122
2 0.7296245421245421 0.6244918699186992 0.018772893772893772 0.031504065040650404
2 0.8051739926739927 0.6392276422764228 0.024267399267399268 0.037601626016260166
2 0.8418040293040293 0.6435467479674797 0.041666666666666664 0.036077235772357726
2 0.8697344322344323 0.6234756097560976 0.023351648351648352 0.031504065040650404
2 0.788003663003663 0.6171239837398373 0.02197802197802198 0.03201219512195122
3 0.7760989010989011 0.649390243902439 0.01282051282051282 0.02032520325203252
13 0.7458791208791209 0.6369410569105691 0.019230769230769232 0.02693089430894309
2 0.6762820512820513 0.6001016260162602 0.015567765567765568 0.023373983739837397
2 0.6643772893772893 0.5962906504065041 0.015567765567765568 0.022865853658536585
2 0.6929945054945055 0.5866361788617886 0.01510989010989011 0.02184959349593496
13 0.6792582417582418 0.6239837398373984 0.010531135531135532 0.031504065040650404
4 0.74496336996337 0.5597052845528455 0.06043956043956044 0.02693089430894309
