18 0.28203125 0.5027777777777778 0.228125 0.36944444444444446
11 0.4234375 0.4791666666666667 0.0578125 0.1
18 0.600390625 0.48125 0.11796875 0.17083333333333334
18 0.49921875 0.41944444444444445 0.065625 0.1638888888888889
7 0.45859375 0.4236111111111111 0.021875 0.03888888888888889
7 0.67890625 0.43194444444444446 0.040625 0.08333333333333333
4 0.613671875 0.36944444444444446 0.09765625 0.03333333333333333
17 0.948828125 0.47708333333333336 0.09140625 0.14305555555555555
17 0.8765625 0.46458333333333335 0.0625 0.13194444444444445
17 0.8421875 0.4722222222222222 0.021875 0.08611111111111111
