5 0.1109375 0.5638888888888889 0.08020833333333334 0.10740740740740741
5 0.18125 0.5453703703703704 0.128125 0.10740740740740741
5 0.23541666666666666 0.5449074074074074 0.059375 0.0824074074074074
5 0.2518229166666667 0.5416666666666666 0.07447916666666667 0.07407407407407407
5 0.3015625 0.5337962962962963 0.05520833333333333 0.05648148148148148
5 0.41640625 0.5412037037037037 0.016145833333333335 0.030555555555555555
5 0.7122395833333334 0.5583333333333333 0.0921875 0.08518518518518518
13 0.3958333333333333 0.5435185185185185 0.034375 0.09259259259259259
13 0.44166666666666665 0.5351851851851852 0.014583333333333334 0.040740740740740744
8 0.45598958333333334 0.5296296296296297 0.013020833333333334 0.03148148148148148
17 0.49114583333333334 0.5407407407407407 0.022916666666666665 0.05185185185185185
