5 0.6359375 0.6013888888888889 0.06770833333333333 0.09351851851851851
5 0.6828125 0.5898148148148148 0.03333333333333333 0.05925925925925926
5 0.5145833333333333 0.6268518518518519 0.096875 0.12777777777777777
15 0.4484375 0.6060185185185185 0.051041666666666666 0.10462962962962963
9 0.5596354166666667 0.5856481481481481 0.0578125 0.10277777777777777
13 0.2825520833333333 0.6046296296296296 0.0171875 0.08703703703703704
13 0.3450520833333333 0.5986111111111111 0.04739583333333333 0.08796296296296297
17 0.39375 0.5967592592592592 0.04583333333333333 0.062037037037037036
17 0.6971354166666667 0.5782407407407407 0.04739583333333333 0.06944444444444445
17 0.9169270833333333 0.6546296296296297 0.16614583333333333 0.43333333333333335
