5 0.11484375 0.5944444444444444 0.0921875 0.15
5 0.171875 0.5726851851851852 0.1 0.13240740740740742
5 0.3046875 0.5393518518518519 0.053125 0.058333333333333334
5 0.56875 0.5425925925925926 0.027083333333333334 0.037037037037037035
9 0.43671875 0.538425925925926 0.0453125 0.0824074074074074
13 0.37057291666666664 0.5402777777777777 0.022395833333333334 0.05462962962962963
13 0.3575520833333333 0.5398148148148149 0.0140625 0.05740740740740741
13 0.7192708333333333 0.5675925925925925 0.052083333333333336 0.13148148148148148
10 0.9760416666666667 0.5597222222222222 0.04583333333333333 0.09351851851851851
8 0.35651041666666666 0.5222222222222223 0.033854166666666664 0.06851851851851852
