4 0.30448548812664905 0.6112656467315716 0.09920844327176781 0.09040333796940195
4 0.39050131926121373 0.6147426981919333 0.027440633245382585 0.07510431154381085
4 0.3675461741424802 0.6126564673157163 0.02163588390501319 0.08205841446453407
4 0.6102902374670185 0.6036161335187761 0.09023746701846966 0.22809457579972184
4 0.9559366754617414 0.655076495132128 0.08812664907651716 0.11961057023643949
4 0.7485488126649077 0.6342141863699583 0.07968337730870713 0.1168289290681502
18 0.812401055408971 0.6363004172461753 0.043799472295514515 0.12100139082058414
18 0.5050131926121372 0.60778859527121 0.09604221635883906 0.29207232267037553
5 0.5614775725593667 0.6502086230876217 0.010554089709762533 0.05702364394993046
11 0.6773087071240106 0.6418636995827538 0.023746701846965697 0.02920723226703755
