4 0.8890625 0.5689814814814815 0.084375 0.06388888888888888
4 0.96875 0.5638888888888889 0.03958333333333333 0.040740740740740744
4 0.509375 0.5828703703703704 0.03958333333333333 0.06388888888888888
5 0.56640625 0.5962962962962963 0.0265625 0.02962962962962963
5 0.46796875 0.5925925925925926 0.013020833333333334 0.016666666666666666
17 0.36953125 0.6337962962962963 0.0703125 0.14351851851851852
17 0.4127604166666667 0.5953703703703703 0.0140625 0.025925925925925925
3 0.2796875 0.6240740740740741 0.007291666666666667 0.03333333333333333
13 0.7450520833333333 0.5939814814814814 0.03177083333333333 0.075
5 0.4036458333333333 0.5962962962962963 0.007291666666666667 0.020370370370370372
