10 0.3109375 0.7361111111111112 0.04479166666666667 0.0962962962962963
5 0.7125 0.6875 0.06979166666666667 0.030555555555555555
5 0.6033854166666667 0.6842592592592592 0.024479166666666666 0.014814814814814815
5 0.5513020833333333 0.711574074074074 0.05260416666666667 0.0712962962962963
5 0.5216145833333333 0.6921296296296297 0.0171875 0.03611111111111111
9 0.47890625 0.6916666666666667 0.028645833333333332 0.05
11 0.49635416666666665 0.6861111111111111 0.0125 0.03888888888888889
10 0.459375 0.6847222222222222 0.00625 0.025
4 0.5380208333333333 0.6662037037037037 0.014583333333333334 0.01574074074074074
19 0.6453125 0.6828703703703703 0.026041666666666668 0.025
