10 0.9408854166666667 0.45185185185185184 0.11822916666666666 0.3814814814814815
9 0.9127604166666666 0.3375 0.0765625 0.14722222222222223
10 0.8489583333333334 0.3814814814814815 0.04479166666666667 0.053703703703703705
10 0.5708333333333333 0.38564814814814813 0.021875 0.07314814814814814
3 0.46458333333333335 0.43657407407407406 0.022916666666666665 0.07685185185185185
5 0.39739583333333334 0.4027777777777778 0.06145833333333333 0.10185185185185185
13 0.5106770833333333 0.3680555555555556 0.0296875 0.08796296296296297
13 0.48125 0.37175925925925923 0.021875 0.07314814814814814
13 0.46067708333333335 0.3824074074074074 0.03802083333333333 0.09814814814814815
10 0.06067708333333333 0.812962962962963 0.10052083333333334 0.36666666666666664
