4 0.3390625 0.625 0.234375 0.17045454545454544
4 0.49296875 0.5795454545454546 0.0703125 0.09090909090909091
4 0.8828125 0.5440340909090909 0.190625 0.13920454545454544
4 0.72890625 0.5653409090909091 0.1203125 0.10227272727272728
11 0.03671875 0.6789772727272727 0.0671875 0.1590909090909091
18 0.09921875 0.6306818181818182 0.1046875 0.18181818181818182
18 0.19609375 0.6122159090909091 0.0921875 0.1278409090909091
11 0.60234375 0.5397727272727273 0.0828125 0.10227272727272728
2 0.6578125 0.5696022727272727 0.021875 0.05397727272727273
5 0.0515625 0.8053977272727273 0.09375 0.08238636363636363
5 0.0921875 0.8110795454545454 0.065625 0.08238636363636363
