2 0.14296875 0.8565340909090909 0.1109375 0.11079545454545454
4 0.3328125 0.7215909090909091 0.084375 0.10227272727272728
4 0.2734375 0.6931818181818182 0.06875 0.07954545454545454
4 0.2171875 0.6818181818181818 0.065625 0.08522727272727272
4 0.24765625 0.6448863636363636 0.0734375 0.056818181818181816
4 0.284375 0.6264204545454546 0.046875 0.048295454545454544
4 0.146875 0.640625 0.065625 0.06534090909090909
4 0.68359375 0.7102272727272727 0.0984375 0.07386363636363637
4 0.54921875 0.6789772727272727 0.0796875 0.0625
18 0.5875 0.765625 0.1125 0.17329545454545456
13 0.2578125 0.7982954545454546 0.025 0.045454545454545456
13 0.3328125 0.7840909090909091 0.04375 0.05113636363636364
