5 0.6528645833333333 0.7421296296296296 0.1453125 0.14166666666666666
5 0.4903645833333333 0.7125 0.0484375 0.075
17 0.3809895833333333 0.7106481481481481 0.04739583333333333 0.09722222222222222
10 0.41744791666666664 0.6944444444444444 0.0109375 0.04259259259259259
10 0.45677083333333335 0.6967592592592593 0.013541666666666667 0.05092592592592592
9 0.57890625 0.700925925925926 0.07239583333333334 0.1
17 0.8895833333333333 0.6875 0.06458333333333334 0.05462962962962963
4 0.8572916666666667 0.6212962962962963 0.18645833333333334 0.17222222222222222
4 0.40963541666666664 0.6731481481481482 0.022395833333333334 0.04814814814814815
5 0.44817708333333334 0.6856481481481481 0.021354166666666667 0.03981481481481482
