7 0.6760416666666667 0.33935185185185185 0.15833333333333333 0.21388888888888888
10 0.2786458333333333 0.41435185185185186 0.035416666666666666 0.1287037037037037
13 0.19713541666666667 0.39305555555555555 0.050520833333333334 0.14351851851851852
13 0.225 0.38981481481481484 0.023958333333333335 0.10555555555555556
13 0.15755208333333334 0.3907407407407407 0.030729166666666665 0.09259259259259259
5 0.11015625 0.4027777777777778 0.021354166666666667 0.07592592592592592
13 0.1390625 0.39305555555555555 0.009375 0.07685185185185185
5 0.35546875 0.3787037037037037 0.033854166666666664 0.046296296296296294
10 0.4200520833333333 0.38842592592592595 0.028645833333333332 0.05648148148148148
9 0.4705729166666667 0.37592592592592594 0.08177083333333333 0.10740740740740741
17 0.5453125 0.3819444444444444 0.06041666666666667 0.10277777777777777
