5 0.1352960635130665 0.5774216780698596 0.26331458815745945 0.2581922938422758
5 0.24677472709229242 0.49513863881886927 0.270592127026133 0.1375585163845877
5 0.14902414819715515 0.42005761613251713 0.2014555077737347 0.09398631616852719
10 0.5909692358584188 0.4774936982355059 0.07906053589149852 0.10875045012603529
10 0.7973867019517036 0.4274396831112712 0.023486602712537216 0.046092906013683835
10 0.6754879259014225 0.4571480014404033 0.03638769434336751 0.08390349297803384
10 0.6283493218656964 0.39395030608570397 0.017532252729077075 0.036010082823190494
3 0.9637777042672842 0.46038890889449047 0.039364869335097585 0.07814187972632337
3 0.869996692027787 0.44436442203817067 0.022494211048627193 0.04321209938782859
13 0.9100231558054912 0.40583363341735684 0.031094938802514058 0.04897371263953907
13 0.8460138934832947 0.4024126755491538 0.02877935825339067 0.04789341015484336
13 0.8329474032418128 0.3941303564998199 0.017863049950380416 0.037090385307886206
13 0.8044988422097255 0.39323010442924017 0.01918623883559378 0.038170687792581925
13 0.7699305325835263 0.40889449045732806 0.06649024148197155 0.061577241627655745
13 0.7380086007277539 0.3991717680950666 0.03241812768772742 0.05797623334533669
13 0.09841217333774396 0.37468491177529706 0.049950380416804496 0.03781058696435002
5 0.04664240820377109 0.382607129996399 0.08071452199801522 0.03781058696435002
5 0.4265630168706583 0.3791861721281959 0.053919947072444595 0.04033129276197335
10 0.30846840886536553 0.393770255671588 0.057227919285478004 0.045012603528988115
10 0.4110155474694013 0.38314728123874686 0.020840224942110488 0.037450486136118115
17 0.48991068475024807 0.4296002880806626 0.11313264968574265 0.10442924018725243
13 0.5248097915977505 0.3734245588764854 0.01951703605689712 0.014404033129276198
13 0.6462123718160767 0.4072740367302845 0.05524313595765796 0.06769895570759812
