5 0.8744791666666667 0.7296296296296296 0.24479166666666666 0.21481481481481482
13 0.6971354166666667 0.6782407407407407 0.1734375 0.23425925925925925
13 0.5921875 0.6523148148148148 0.06145833333333333 0.17314814814814813
13 0.34036458333333336 0.6162037037037037 0.044270833333333336 0.1361111111111111
3 0.3966145833333333 0.6273148148148148 0.027604166666666666 0.10833333333333334
3 0.09375 0.6074074074074074 0.03333333333333333 0.17962962962962964
13 0.021875 0.5935185185185186 0.03958333333333333 0.20555555555555555
19 0.22838541666666667 0.6157407407407407 0.18072916666666666 0.26851851851851855
17 0.09401041666666667 0.587037037037037 0.06614583333333333 0.13333333333333333
3 0.0515625 0.5791666666666667 0.017708333333333333 0.11018518518518519
