13 0.04391582799634035 0.6963388370423547 0.05001524855138762 0.21536252692031588
13 0.6527904849039341 0.7071069633883704 0.053979871912168347 0.208183776022972
13 0.5338517840805124 0.6030150753768844 0.043610856968587984 0.15793251974156497
5 0.11970112839280268 0.5750179468772434 0.06312900274473925 0.12203876525484565
5 0.01555352241537054 0.5549174443646806 0.027447392497712716 0.1191672648959081
5 0.05870692284232998 0.46410624551328067 0.050930161634644706 0.09547738693467336
5 0.07593778591033852 0.40524048815506103 0.04269594388533089 0.05527638190954774
5 0.6989935956084172 0.6040918880114861 0.13418725221103994 0.10265613783201723
5 0.6599573040561146 0.5262024407753051 0.1128392802683745 0.10050251256281408
19 0.6303751143641354 0.46267049533381194 0.1128392802683745 0.11701363962670495
4 0.4473924977127173 0.4149318018664752 0.10673985971332724 0.36180904522613067
2 0.19030192131747484 0.4619526202440775 0.033546813052759986 0.11701363962670495
2 0.26120768526989935 0.3280689160086145 0.02165294297041781 0.07896625987078248
13 0.16941140591643794 0.38334529791816224 0.020433058859408357 0.08758076094759512
13 0.15827996340347666 0.35104091888011485 0.015858493443122904 0.08040201005025126
2 0.12397072278133578 0.23797559224694903 0.016773406526379993 0.046661880832735106
2 0.15324794144556267 0.1773151471643934 0.013723696248856358 0.03158650394831299
2 0.13174748398902103 0.18664752333094042 0.011588899054589813 0.03589375448671931
13 0.15751753583409575 0.23259152907394112 0.01799329063738945 0.04020100502512563
13 0.1713937175968283 0.22684852835606603 0.014028667276608722 0.0416367552045944
3 0.190454406831351 0.29863603732950467 0.007014333638304361 0.03158650394831299
3 0.18252516010978956 0.31622397702799715 0.007014333638304361 0.03374012921751615
2 0.12092101250381214 0.1920315865039483 0.012503812137846905 0.030868628858578606
4 0.16910643488868557 0.13890882986360373 0.04117108874656908 0.03948312993539124
11 0.36688014638609334 0.36683417085427134 0.05001524855138762 0.16798277099784636
2 0.7631899969502898 0.8636037329504667 0.12412320829521195 0.24838478104809764
10 0.7616651418115279 0.6758793969849246 0.06617871302226289 0.09834888729361091
10 0.5198231168039036 0.35750179468772436 0.01555352241537054 0.038765254845656856
10 0.49695028972247635 0.2494615936826992 0.008234217749313814 0.0366116295764537
2 0.5004574565416285 0.23582196697774588 0.030497102775236352 0.040918880114860015
10 0.5106739859713327 0.4178033022254128 0.008844159804818542 0.07035175879396985
