10 0.62890625 0.7921296296296296 0.7015625 0.39351851851851855
10 0.022395833333333334 0.5726851851851852 0.04375 0.20833333333333334
10 0.47291666666666665 0.3902777777777778 0.03229166666666667 0.10648148148148148
10 0.5377604166666666 0.3685185185185185 0.008854166666666666 0.03888888888888889
10 0.40572916666666664 0.3736111111111111 0.014583333333333334 0.05092592592592592
11 0.40572916666666664 0.35648148148148145 0.04375 0.06481481481481481
17 0.1171875 0.4393518518518518 0.15 0.21203703703703702
13 0.234375 0.4027777777777778 0.06145833333333333 0.11481481481481481
5 0.22473958333333333 0.4027777777777778 0.08385416666666666 0.09259259259259259
3 0.30416666666666664 0.41388888888888886 0.036458333333333336 0.07592592592592592
13 0.37526041666666665 0.36203703703703705 0.016145833333333335 0.03333333333333333
3 0.44166666666666665 0.3712962962962963 0.009375 0.046296296296296294
13 0.5046875 0.3736111111111111 0.025 0.06574074074074074
13 0.484375 0.37037037037037035 0.016666666666666666 0.06111111111111111
13 0.51953125 0.3638888888888889 0.013020833333333334 0.03888888888888889
5 0.5596354166666667 0.3675925925925926 0.022395833333333334 0.03148148148148148
9 0.5302083333333333 0.35833333333333334 0.010416666666666666 0.018518518518518517
4 0.653125 0.33796296296296297 0.03229166666666667 0.022222222222222223
13 0.9416666666666667 0.42824074074074076 0.057291666666666664 0.11574074074074074
