11 0.45364583333333336 0.9731481481481481 0.025 0.040740740740740744
4 0.47421875 0.9078703703703703 0.024479166666666666 0.0824074074074074
4 0.45416666666666666 0.85 0.019791666666666666 0.07222222222222222
4 0.47760416666666666 0.8069444444444445 0.021875 0.058333333333333334
4 0.45807291666666666 0.7407407407407407 0.021354166666666667 0.05185185185185185
4 0.4192708333333333 0.6203703703703703 0.014583333333333334 0.04259259259259259
4 0.4109375 0.48564814814814816 0.00625 0.017592592592592594
15 0.4859375 0.8495370370370371 0.015625 0.028703703703703703
10 0.44140625 0.775 0.0067708333333333336 0.018518518518518517
10 0.43984375 0.7333333333333333 0.0046875 0.014814814814814815
17 0.43072916666666666 0.7935185185185185 0.009375 0.022222222222222223
17 0.43359375 0.7245370370370371 0.008854166666666666 0.023148148148148147
13 0.4203125 0.6472222222222223 0.008333333333333333 0.020370370370370372
13 0.43072916666666666 0.6328703703703704 0.005208333333333333 0.012037037037037037
5 0.4356770833333333 0.6444444444444445 0.0078125 0.016666666666666666
5 0.41692708333333334 0.5532407407407407 0.0078125 0.01574074074074074
11 0.40989583333333335 0.5050925925925925 0.008333333333333333 0.017592592592592594
5 0.39817708333333335 0.4976851851851852 0.0067708333333333336 0.012037037037037037
