5 0.8713541666666667 0.8236111111111111 0.25729166666666664 0.3509259259259259
5 0.5473958333333333 0.750462962962963 0.109375 0.14722222222222223
19 0.7919270833333333 0.6888888888888889 0.08802083333333334 0.06296296296296296
9 0.65 0.725462962962963 0.11875 0.15092592592592594
17 0.4283854166666667 0.7245370370370371 0.0546875 0.11018518518518519
9 0.4661458333333333 0.6972222222222222 0.027083333333333334 0.046296296296296294
3 0.33098958333333334 0.7217592592592592 0.0171875 0.04537037037037037
4 0.5026041666666666 0.6587962962962963 0.03958333333333333 0.026851851851851852
11 0.48411458333333335 0.6875 0.013020833333333334 0.03425925925925926
5 0.4981770833333333 0.7083333333333334 0.018229166666666668 0.05
3 0.3848958333333333 0.6962962962962963 0.008333333333333333 0.025925925925925925
5 0.40208333333333335 0.6810185185185185 0.008333333333333333 0.01574074074074074
