13 0.15833333333333333 0.5962962962962963 0.26458333333333334 0.8074074074074075
13 0.4666666666666667 0.4300925925925926 0.10729166666666666 0.30092592592592593
18 0.29583333333333334 0.3597222222222222 0.07083333333333333 0.25462962962962965
13 0.3416666666666667 0.3837962962962963 0.021875 0.0787037037037037
10 0.6666666666666666 0.42824074074074076 0.04895833333333333 0.08611111111111111
13 0.62890625 0.39537037037037037 0.0359375 0.10925925925925926
17 0.57265625 0.3958333333333333 0.03802083333333333 0.07685185185185185
17 0.54921875 0.38657407407407407 0.018229166666666668 0.05462962962962963
13 0.8377604166666667 0.42314814814814816 0.0953125 0.18703703703703703
17 0.9505208333333334 0.43703703703703706 0.08020833333333334 0.22407407407407406
