13 0.19427083333333334 0.5625 0.04895833333333333 0.13055555555555556
5 0.2546875 0.5694444444444444 0.1 0.1
5 0.5591145833333333 0.6152777777777778 0.16822916666666668 0.19907407407407407
5 0.36484375 0.5546296296296296 0.058854166666666666 0.07407407407407407
15 0.4375 0.575925925925926 0.10416666666666667 0.13148148148148148
15 0.72109375 0.5671296296296297 0.11510416666666666 0.15092592592592594
15 0.81796875 0.5578703703703703 0.09739583333333333 0.1175925925925926
15 0.6544270833333333 0.562962962962963 0.027604166666666666 0.053703703703703705
9 0.60078125 0.5402777777777777 0.09010416666666667 0.1675925925925926
9 0.9161458333333333 0.538425925925926 0.12708333333333333 0.11388888888888889
