5 0.4901041666666667 0.9162037037037037 0.023958333333333335 0.04722222222222222
5 0.3953125 0.4615740740740741 0.009375 0.017592592592592594
5 0.38307291666666665 0.39861111111111114 0.0078125 0.013888888888888888
5 0.35078125 0.2898148148148148 0.005729166666666666 0.011111111111111112
4 0.4674479166666667 0.9453703703703704 0.0359375 0.1037037037037037
4 0.44140625 0.8587962962962963 0.034895833333333334 0.125
17 0.4747395833333333 0.861574074074074 0.0140625 0.03611111111111111
11 0.45286458333333335 0.7962962962962963 0.030729166666666665 0.040740740740740744
4 0.43776041666666665 0.7125 0.030729166666666665 0.07685185185185185
4 0.41354166666666664 0.6393518518518518 0.01875 0.06759259259259259
4 0.4466145833333333 0.6282407407407408 0.0234375 0.06388888888888888
4 0.4322916666666667 0.5814814814814815 0.021875 0.05740740740740741
13 0.428125 0.6620370370370371 0.00625 0.018518518518518517
10 0.42994791666666665 0.6291666666666667 0.005729166666666666 0.021296296296296296
17 0.39739583333333334 0.5967592592592592 0.009375 0.026851851851851852
17 0.38828125 0.5842592592592593 0.0078125 0.025925925925925925
13 0.49583333333333335 0.9847222222222223 0.013541666666666667 0.026851851851851852
10 0.39765625 0.5291666666666667 0.005729166666666666 0.017592592592592594
10 0.39739583333333334 0.4837962962962963 0.004166666666666667 0.01574074074074074
13 0.3809895833333333 0.46111111111111114 0.005729166666666666 0.016666666666666666
4 0.375 0.4263888888888889 0.014583333333333334 0.04537037037037037
4 0.36432291666666666 0.29212962962962963 0.008854166666666666 0.019444444444444445
