10 0.54765625 0.7467592592592592 0.7161458333333334 0.5064814814814815
0 0.72578125 0.32222222222222224 0.34010416666666665 0.44814814814814813
10 0.38177083333333334 0.25925925925925924 0.009375 0.053703703703703705
10 0.4953125 0.2601851851851852 0.014583333333333334 0.06481481481481481
15 0.4276041666666667 0.3175925925925926 0.10729166666666666 0.15
17 0.44557291666666665 0.23287037037037037 0.0296875 0.01574074074074074
4 0.453125 0.22870370370370371 0.040625 0.07407407407407407
4 0.49661458333333336 0.23564814814814813 0.04114583333333333 0.08981481481481482
4 0.54453125 0.23703703703703705 0.0265625 0.040740740740740744
4 0.5666666666666667 0.21296296296296297 0.01875 0.02962962962962963
17 0.5268229166666667 0.24537037037037038 0.008854166666666666 0.016666666666666666
4 0.9393229166666667 0.26481481481481484 0.12135416666666667 0.26851851851851855
