10 0.04230769230769231 0.8394308943089431 0.07932692307692307 0.07926829268292683
10 0.03028846153846154 0.6854674796747967 0.0375 0.056910569105691054
10 0.19122596153846153 0.6056910569105691 0.02860576923076923 0.04573170731707317
10 0.49290865384615384 0.5320121951219512 0.012740384615384615 0.0508130081300813
2 0.11778846153846154 0.7466971544715447 0.06538461538461539 0.14176829268292682
2 0.17752403846153847 0.698170731707317 0.05985576923076923 0.1402439024390244
2 0.2514423076923077 0.646849593495935 0.04423076923076923 0.11077235772357724
13 0.26490384615384616 0.7029979674796748 0.03653846153846154 0.11839430894308943
13 0.29639423076923077 0.5726626016260162 0.023076923076923078 0.0782520325203252
10 0.20805288461538463 0.5536077235772358 0.019951923076923075 0.0350609756097561
5 0.24026442307692308 0.5614837398373984 0.04591346153846154 0.061991869918699184
3 0.1683894230769231 0.6204268292682927 0.03581730769230769 0.041666666666666664
13 0.35841346153846154 0.49822154471544716 0.014903846153846155 0.05538617886178862
13 0.37848557692307694 0.4961890243902439 0.014663461538461538 0.05030487804878049
13 0.378125 0.4527439024390244 0.009134615384615385 0.026422764227642278
19 0.3439903846153846 0.46697154471544716 0.025961538461538463 0.04878048780487805
17 0.35973557692307695 0.45096544715447157 0.011298076923076923 0.029979674796747968
2 0.39074519230769234 0.4839939024390244 0.017548076923076923 0.048272357723577235
2 0.43149038461538464 0.42276422764227645 0.010576923076923078 0.031504065040650404
5 0.4078125 0.40625 0.02235576923076923 0.017784552845528455
4 0.43954326923076925 0.3943089430894309 0.018509615384615385 0.046747967479674794
4 0.43185096153846153 0.3742378048780488 0.01610576923076923 0.024898373983739838
10 0.44290865384615385 0.45401422764227645 0.0069711538461538465 0.03404471544715447
13 0.6165865384615384 0.8828760162601627 0.04855769230769231 0.21290650406504066
13 0.6395432692307692 0.7558434959349594 0.03293269230769231 0.14989837398373984
13 0.5746394230769231 0.6689532520325203 0.02956730769230769 0.1133130081300813
13 0.6076923076923076 0.6051829268292683 0.020673076923076922 0.08739837398373984
13 0.5487980769230769 0.5668191056910569 0.026923076923076925 0.06961382113821138
13 0.5632211538461539 0.5548780487804879 0.013461538461538462 0.057926829268292686
13 0.5221153846153846 0.4946646341463415 0.013942307692307693 0.048272357723577235
13 0.5252403846153846 0.4690040650406504 0.007692307692307693 0.028455284552845527
18 0.4723557692307692 0.65625 0.06875 0.2423780487804878
5 0.7931490384615385 0.899390243902439 0.10745192307692308 0.20121951219512196
1 0.8105769230769231 0.7342479674796748 0.09326923076923077 0.1524390243902439
10 0.7698317307692307 0.6679369918699187 0.03245192307692308 0.043191056910569105
10 0.7239182692307692 0.6247459349593496 0.030528846153846153 0.04014227642276423
10 0.7397836538461539 0.6338922764227642 0.03389423076923077 0.0350609756097561
10 0.7544471153846154 0.6471036585365854 0.03389423076923077 0.04014227642276423
10 0.7164663461538462 0.615599593495935 0.034375 0.04217479674796748
10 0.6840144230769231 0.5838414634146342 0.02860576923076923 0.034552845528455285
10 0.6715144230769231 0.5767276422764228 0.031490384615384615 0.027439024390243903
10 0.6703125 0.5652947154471545 0.031971153846153844 0.024898373983739838
5 0.6204326923076923 0.584349593495935 0.03701923076923077 0.07520325203252033
5 0.6354567307692308 0.5447154471544715 0.07139423076923077 0.04878048780487805
5 0.6141826923076923 0.5315040650406504 0.055288461538461536 0.041666666666666664
19 0.6039663461538461 0.5139735772357723 0.07139423076923077 0.06453252032520325
11 0.5582932692307693 0.4720528455284553 0.023798076923076922 0.06808943089430894
0 0.5740384615384615 0.4479166666666667 0.01826923076923077 0.04420731707317073
19 0.5626201923076923 0.4331808943089431 0.010817307692307692 0.023882113821138213
19 0.5394230769230769 0.4070121951219512 0.011538461538461539 0.027439024390243903
19 0.5348557692307693 0.39761178861788615 0.009615384615384616 0.022865853658536585
2 0.5270432692307693 0.41539634146341464 0.008413461538461538 0.028963414634146343
13 0.5150240384615384 0.4189532520325203 0.008413461538461538 0.025914634146341462
13 0.5129807692307692 0.4113313008130081 0.007211538461538462 0.02693089430894309
11 0.521875 0.38160569105691056 0.007211538461538462 0.018292682926829267
3 0.5069711538461539 0.39176829268292684 0.0028846153846153848 0.013211382113821139
3 0.5001201923076923 0.3826219512195122 0.0026442307692307694 0.012195121951219513
18 0.5110576923076923 0.35823170731707316 0.010096153846153847 0.02540650406504065
5 0.48846153846153845 0.3709349593495935 0.006730769230769231 0.011178861788617886
5 0.4879807692307692 0.36102642276422764 0.005288461538461539 0.008638211382113821
5 0.4871394230769231 0.3483231707317073 0.0045673076923076926 0.007621951219512195
2 0.49651442307692306 0.35797764227642276 0.004086538461538462 0.012703252032520325
10 0.49146634615384616 0.35772357723577236 0.0021634615384615386 0.01016260162601626
19 0.5199519230769231 0.36559959349593496 0.0057692307692307696 0.013719512195121951
