2 0.07016434892541087 0.42512820512820515 0.0493046776232617 0.16512820512820514
10 0.12010113780025285 0.3487179487179487 0.02781289506953224 0.12307692307692308
3 0.04066582385166456 0.1605128205128205 0.01390644753476612 0.06871794871794872
19 0.03076274757690687 0.13435897435897437 0.0471976401179941 0.07384615384615385
13 0.0979772439949431 0.20564102564102565 0.05099030762747577 0.07692307692307693
13 0.0897597977243995 0.15897435897435896 0.029498525073746312 0.06564102564102564
13 0.3520859671302149 0.32666666666666666 0.02402022756005057 0.12205128205128205
18 0.3381795195954488 0.20358974358974358 0.07796038769490098 0.11794871794871795
11 0.3975979772439949 0.16974358974358975 0.024863042562157607 0.08102564102564103
2 0.3786346396965866 0.4246153846153846 0.05099030762747577 0.18461538461538463
13 0.37842393594605983 0.12871794871794873 0.016013485040033713 0.05641025641025641
2 0.3805309734513274 0.26974358974358975 0.0269700800674252 0.11487179487179487
2 0.405394016013485 0.3 0.03286978508217446 0.10153846153846154
10 0.4648124736620312 0.29333333333333333 0.025284450063211124 0.057435897435897436
5 0.5299199325747999 0.498974358974359 0.07374631268436578 0.16307692307692306
13 0.5899705014749262 0.5487179487179488 0.05815423514538559 0.16615384615384615
19 0.6536030341340076 0.44051282051282054 0.14749262536873156 0.16102564102564101
5 0.7083860092709651 0.5148717948717949 0.16519174041297935 0.12717948717948718
5 0.7991993257479983 0.6384615384615384 0.15212810788032027 0.1712820512820513
13 0.7052254530130636 0.6820512820512821 0.07458912768647281 0.24820512820512822
2 0.6238938053097345 0.7764102564102564 0.10914454277286136 0.3323076923076923
2 0.8217446270543616 0.8830769230769231 0.16013485040033712 0.23384615384615384
19 0.8959123472397809 0.8261538461538461 0.20480404551201012 0.3435897435897436
