4 0.46536458333333336 0.9351851851851852 0.033854166666666664 0.12962962962962962
4 0.43802083333333336 0.8356481481481481 0.03333333333333333 0.12685185185185185
4 0.43802083333333336 0.7092592592592593 0.036458333333333336 0.07962962962962963
4 0.44505208333333335 0.6194444444444445 0.024479166666666666 0.06481481481481481
4 0.40963541666666664 0.6185185185185185 0.019270833333333334 0.06666666666666667
4 0.43020833333333336 0.5768518518518518 0.01875 0.05925925925925926
4 0.36953125 0.4134259259259259 0.016145833333333335 0.04722222222222222
4 0.3580729166666667 0.27824074074074073 0.009895833333333333 0.021296296296296296
13 0.4903645833333333 0.9916666666666667 0.0109375 0.011111111111111112
5 0.4921875 0.9194444444444444 0.025 0.04814814814814815
17 0.4796875 0.8731481481481481 0.016666666666666666 0.040740740740740744
11 0.4622395833333333 0.7981481481481482 0.027604166666666666 0.046296296296296294
13 0.42421875 0.6601851851851852 0.008854166666666666 0.018518518518518517
10 0.4231770833333333 0.6282407407407408 0.0036458333333333334 0.012037037037037037
10 0.39505208333333336 0.5407407407407407 0.0046875 0.014814814814814815
10 0.39114583333333336 0.48703703703703705 0.005208333333333333 0.014814814814814815
17 0.38776041666666666 0.6032407407407407 0.0109375 0.026851851851851852
17 0.38385416666666666 0.5657407407407408 0.009375 0.024074074074074074
13 0.3768229166666667 0.4476851851851852 0.0078125 0.017592592592592594
13 0.38333333333333336 0.4388888888888889 0.005208333333333333 0.016666666666666666
5 0.3919270833333333 0.45 0.0109375 0.018518518518518517
5 0.3828125 0.39861111111111114 0.009375 0.01574074074074074
11 0.35859375 0.3023148148148148 0.008854166666666666 0.019444444444444445
5 0.34375 0.27314814814814814 0.00625 0.011111111111111112
5 0.3580729166666667 0.2375 0.0036458333333333334 0.006481481481481481
