5 0.93515625 0.7087962962962963 0.12760416666666666 0.075
4 0.9455729166666667 0.6300925925925925 0.10885416666666667 0.12314814814814815
5 0.6723958333333333 0.7032407407407407 0.05416666666666667 0.028703703703703703
5 0.61015625 0.6990740740740741 0.03802083333333333 0.016666666666666666
10 0.7286458333333333 0.711574074074074 0.021875 0.013888888888888888
5 0.8270833333333333 0.6148148148148148 0.023958333333333335 0.016666666666666666
5 0.47369791666666666 0.6986111111111111 0.021354166666666667 0.032407407407407406
5 0.5010416666666667 0.6986111111111111 0.016666666666666666 0.023148148148148147
5 0.5119791666666667 0.6930555555555555 0.008333333333333333 0.019444444444444445
10 0.4359375 0.6967592592592593 0.010416666666666666 0.03796296296296296
