5 0.43125 0.7106481481481481 0.04895833333333333 0.05648148148148148
4 0.8791666666666667 0.5657407407407408 0.24166666666666667 0.412962962962963
17 0.04453125 0.7856481481481481 0.0796875 0.4287037037037037
9 0.25026041666666665 0.6861111111111111 0.05364583333333333 0.05740740740740741
5 0.57109375 0.6939814814814815 0.0296875 0.019444444444444445
5 0.5440104166666667 0.6773148148148148 0.013020833333333334 0.017592592592592594
5 0.52265625 0.6777777777777778 0.0140625 0.018518518518518517
5 0.5033854166666667 0.6620370370370371 0.0078125 0.009259259259259259
4 0.571875 0.6722222222222223 0.03958333333333333 0.05185185185185185
5 0.48020833333333335 0.6805555555555556 0.013541666666666667 0.022222222222222223
5 0.4739583333333333 0.6754629629629629 0.011458333333333333 0.019444444444444445
5 0.48515625 0.6722222222222223 0.008854166666666666 0.014814814814814815
5 0.45364583333333336 0.6717592592592593 0.013541666666666667 0.019444444444444445
