4 0.6811808118081181 0.36629213483146067 0.041328413284132844 0.14831460674157304
9 0.8512915129151292 0.37191011235955057 0.022878228782287822 0.056179775280898875
11 0.7571955719557195 0.41123595505617977 0.041328413284132844 0.12134831460674157
19 0.6003690036900369 0.4258426966292135 0.03911439114391144 0.09662921348314607
19 0.6424354243542435 0.3865168539325843 0.021402214022140223 0.058426966292134834
5 0.6250922509225092 0.40786516853932586 0.017712177121771217 0.056179775280898875
13 0.5217712177121772 0.4966292134831461 0.03394833948339483 0.1393258426966292
13 0.2738007380073801 0.6573033707865169 0.06789667896678966 0.2853932584269663
18 0.42066420664206644 0.449438202247191 0.16826568265682657 0.24719101123595505
11 0.940959409594096 0.3921348314606742 0.03099630996309963 0.09662921348314607
