18 0.7713541666666667 0.5745370370370371 0.153125 0.41944444444444445
18 0.9544270833333334 0.3490740740740741 0.08385416666666666 0.20555555555555555
11 0.94609375 0.14212962962962963 0.0390625 0.08981481481481482
18 0.88984375 0.016203703703703703 0.015104166666666667 0.030555555555555555
5 0.98515625 0.15185185185185185 0.018229166666666668 0.05555555555555555
11 0.3221354166666667 0.7625 0.22239583333333332 0.33425925925925926
9 0.17447916666666666 0.8986111111111111 0.065625 0.20277777777777778
18 0.16536458333333334 0.7018518518518518 0.06822916666666666 0.2777777777777778
4 0.428125 0.6032407407407407 0.24791666666666667 0.3472222222222222
10 0.032552083333333336 0.4027777777777778 0.0234375 0.08518518518518518
18 0.5809895833333333 0.4888888888888889 0.06302083333333333 0.24814814814814815
18 0.62421875 0.4212962962962963 0.04010416666666667 0.21851851851851853
18 0.6541666666666667 0.36944444444444446 0.03125 0.20185185185185187
11 0.21927083333333333 0.43842592592592594 0.14166666666666666 0.16203703703703703
11 0.5083333333333333 0.25092592592592594 0.0875 0.07777777777777778
11 0.7393229166666667 0.19212962962962962 0.0265625 0.15462962962962962
