11 0.4591145833333333 0.9675925925925926 0.0328125 0.040740740740740744
4 0.471875 0.8870370370370371 0.025 0.07777777777777778
4 0.4515625 0.8310185185185185 0.01875 0.07314814814814814
4 0.47942708333333334 0.7976851851851852 0.022395833333333334 0.06018518518518518
4 0.46197916666666666 0.7384259259259259 0.022916666666666665 0.05462962962962963
15 0.4856770833333333 0.8435185185185186 0.0140625 0.02962962962962963
17 0.4276041666666667 0.774537037037037 0.009375 0.026851851851851852
17 0.43385416666666665 0.7328703703703704 0.008333333333333333 0.023148148148148147
10 0.4473958333333333 0.7810185185185186 0.007291666666666667 0.021296296296296296
10 0.44479166666666664 0.7407407407407407 0.005208333333333333 0.020370370370370372
10 0.43020833333333336 0.6643518518518519 0.004166666666666667 0.013888888888888888
5 0.43359375 0.6324074074074074 0.008854166666666666 0.016666666666666666
4 0.4166666666666667 0.6055555555555555 0.014583333333333334 0.04259259259259259
13 0.42109375 0.6356481481481482 0.0067708333333333336 0.019444444444444445
5 0.41692708333333334 0.5513888888888889 0.0078125 0.013888888888888888
5 0.39479166666666665 0.4791666666666667 0.00625 0.010185185185185186
4 0.40859375 0.47129629629629627 0.0067708333333333336 0.016666666666666666
11 0.40651041666666665 0.49074074074074076 0.008854166666666666 0.016666666666666666
