9 0.4981770833333333 0.55 0.13385416666666666 0.2388888888888889
5 0.6921875 0.5930555555555556 0.209375 0.2324074074074074
5 0.37421875 0.6430555555555556 0.24114583333333334 0.3212962962962963
5 0.57421875 0.5763888888888888 0.034895833333333334 0.075
5 0.9127604166666666 0.5944444444444444 0.17447916666666666 0.18703703703703703
15 0.21276041666666667 0.5805555555555556 0.14322916666666666 0.2074074074074074
13 0.13046875 0.5574074074074075 0.12135416666666667 0.18518518518518517
13 0.03671875 0.5462962962962963 0.0640625 0.1925925925925926
17 0.8052083333333333 0.5481481481481482 0.065625 0.14444444444444443
4 0.9291666666666667 0.4527777777777778 0.14166666666666666 0.1388888888888889
