10 0.07760416666666667 0.7805555555555556 0.14583333333333334 0.35555555555555557
10 0.8552083333333333 0.4726851851851852 0.1 0.1175925925925926
10 0.5200520833333333 0.7583333333333333 0.9598958333333333 0.4740740740740741
10 0.6703125 0.44583333333333336 0.0375 0.03611111111111111
2 0.5807291666666666 0.44074074074074077 0.140625 0.32592592592592595
5 0.7388020833333333 0.45416666666666666 0.07552083333333333 0.10462962962962963
13 0.45078125 0.45787037037037037 0.044270833333333336 0.13055555555555556
5 0.48203125 0.44351851851851853 0.019270833333333334 0.07222222222222222
5 0.49609375 0.44212962962962965 0.0109375 0.04722222222222222
5 0.50703125 0.4337962962962963 0.005729166666666666 0.03611111111111111
