10 0.5846354166666666 0.799537037037037 0.7151041666666667 0.3972222222222222
17 0.10130208333333333 0.42916666666666664 0.05364583333333333 0.07314814814814814
13 0.20442708333333334 0.43194444444444446 0.08072916666666667 0.16203703703703703
11 0.22864583333333333 0.40324074074074073 0.10833333333333334 0.10092592592592593
4 0.32708333333333334 0.3398148148148148 0.140625 0.16296296296296298
12 0.4239583333333333 0.36435185185185187 0.03854166666666667 0.075
4 0.4158854166666667 0.3111111111111111 0.043229166666666666 0.037037037037037035
10 0.9559895833333333 0.42685185185185187 0.06197916666666667 0.13333333333333333
10 0.9122395833333333 0.4027777777777778 0.021354166666666667 0.037037037037037035
10 0.8567708333333334 0.39166666666666666 0.022916666666666665 0.02962962962962963
13 0.83515625 0.38101851851851853 0.019270833333333334 0.041666666666666664
13 0.8119791666666667 0.37824074074074077 0.020833333333333332 0.05277777777777778
13 0.7572916666666667 0.3726851851851852 0.013541666666666667 0.030555555555555555
17 0.6630208333333333 0.36944444444444446 0.01875 0.02962962962962963
17 0.63984375 0.36712962962962964 0.022395833333333334 0.023148148148148147
17 0.6182291666666667 0.36435185185185187 0.013541666666666667 0.021296296296296296
4 0.6453125 0.34305555555555556 0.051041666666666666 0.025
4 0.7109375 0.3578703703703704 0.078125 0.05092592592592592
5 0.7828125 0.37453703703703706 0.023958333333333335 0.03611111111111111
13 0.7036458333333333 0.3699074074074074 0.016666666666666666 0.019444444444444445
13 0.6859375 0.3662037037037037 0.017708333333333333 0.023148148148148147
13 0.7403645833333333 0.3680555555555556 0.0140625 0.023148148148148147
