4 0.59609375 0.7784090909090909 0.0921875 0.09659090909090909
4 0.4859375 0.7428977272727273 0.034375 0.07670454545454546
4 0.54296875 0.7542613636363636 0.0703125 0.09375
4 0.45625 0.71875 0.059375 0.07386363636363637
4 0.40703125 0.7201704545454546 0.0359375 0.05965909090909091
4 0.546875 0.6903409090909091 0.053125 0.05113636363636364
4 0.821875 0.7102272727272727 0.084375 0.06818181818181818
4 0.9578125 0.7258522727272727 0.084375 0.06534090909090909
4 0.7375 0.7045454545454546 0.040625 0.05113636363636364
17 0.0296875 0.8792613636363636 0.04375 0.08806818181818182
17 0.03671875 0.96875 0.0640625 0.0625
17 0.128125 0.96875 0.05 0.0625
5 0.11640625 0.8707386363636364 0.0734375 0.07102272727272728
11 0.21953125 0.8039772727272727 0.0546875 0.10227272727272728
2 0.42421875 0.9261363636363636 0.0984375 0.11363636363636363
