5 0.19278846153846155 0.9753556910569106 0.08076923076923077 0.04928861788617886
5 0.22716346153846154 0.9245426829268293 0.06971153846153846 0.10213414634146341
5 0.26334134615384613 0.8689024390243902 0.05264423076923077 0.08434959349593496
5 0.3108173076923077 0.7980182926829268 0.03942307692307692 0.06554878048780488
5 0.3228365384615385 0.7657520325203252 0.03317307692307692 0.056910569105691054
13 0.3340144230769231 0.9115853658536586 0.034375 0.10873983739837398
13 0.3752403846153846 0.7073170731707317 0.013942307692307693 0.054878048780487805
13 0.39831730769230766 0.6760670731707317 0.0125 0.041158536585365856
13 0.35865384615384616 0.6349085365853658 0.008173076923076924 0.03201219512195122
2 0.3703125 0.646849593495935 0.014663461538461538 0.032520325203252036
2 0.38293269230769234 0.635670731707317 0.009615384615384616 0.031504065040650404
2 0.40360576923076924 0.6206808943089431 0.009615384615384616 0.02693089430894309
2 0.38221153846153844 0.6008638211382114 0.009134615384615385 0.023882113821138213
10 0.4338942307692308 0.6689532520325203 0.006730769230769231 0.018800813008130083
13 0.39579326923076924 0.6064532520325203 0.007451923076923077 0.025914634146341462
5 0.47103365384615387 0.6425304878048781 0.018028846153846152 0.025914634146341462
2 0.48209134615384613 0.6587906504065041 0.01706730769230769 0.036077235772357726
2 0.5320913461538461 0.6641260162601627 0.020913461538461537 0.042682926829268296
13 0.5560096153846154 0.7101117886178862 0.009615384615384616 0.05233739837398374
13 0.5974759615384615 0.713160569105691 0.01514423076923077 0.05741869918699187
11 0.5913461538461539 0.8351117886178862 0.06490384615384616 0.18851626016260162
5 0.6324519230769231 0.7461890243902439 0.035096153846153846 0.06453252032520325
2 0.6435096153846154 0.7022357723577236 0.020192307692307693 0.044715447154471545
18 0.6109375 0.6206808943089431 0.03341346153846154 0.04420731707317073
3 0.6272836538461538 0.6775914634146342 0.0069711538461538465 0.025914634146341462
13 0.7002403846153846 0.9164126016260162 0.040865384615384616 0.13363821138211382
13 0.7669471153846154 0.9308943089430894 0.03389423076923077 0.11686991869918699
2 0.6969951923076924 0.8427337398373984 0.042548076923076925 0.09298780487804878
5 0.8361778846153847 0.9095528455284553 0.1045673076923077 0.08943089430894309
5 0.7954326923076923 0.8455284552845529 0.0985576923076923 0.06300813008130081
19 0.7703125 0.8066565040650406 0.09399038461538461 0.09095528455284553
10 0.6675480769230769 0.7708333333333334 0.012980769230769231 0.044715447154471545
10 0.6730769230769231 0.7261178861788617 0.007692307692307693 0.02540650406504065
4 0.6646634615384616 0.6176321138211383 0.04038461538461539 0.08892276422764228
