2 0.22063285652362374 0.930066360387953 0.06328565236237538 0.12557427258805512
2 0.2048114434330299 0.7771822358346095 0.03684438664932813 0.07197549770290965
2 0.17837017771998265 0.7161817253700867 0.018638925010836586 0.045941807044410414
2 0.17728651928912006 0.6702399183256764 0.017338534893801473 0.029606942317508933
2 0.06480277416558301 0.6807044410413476 0.01517121803207629 0.031138335885655948
13 0.3081924577373212 0.9201123021949974 0.05201560468140442 0.11179173047473201
13 0.2867360208062419 0.8534966819806024 0.03944516688339835 0.0816743236345074
13 0.193974859124404 0.7253700867789689 0.022973558734286952 0.03573251659009699
10 0.12050281751192024 0.7537008677896886 0.015604681404421327 0.04543134252169474
10 0.5654529692241006 0.9127105666156202 0.0741222366710013 0.03879530372639101
10 0.5431296055483311 0.8986727922409392 0.07195491980927611 0.03522205206738132
10 0.5143042912873862 0.8902501276161306 0.06371911573472042 0.0408371618172537
10 0.5013003901170351 0.8744257274119449 0.06718682271348071 0.045941807044410414
10 0.4438664932813177 0.8315467075038285 0.06068487212830516 0.045941807044410414
9 0.3285652362375379 0.8397141398672793 0.06068487212830516 0.07656967840735068
5 0.3697442566103164 0.8001531393568146 0.12743823146944083 0.04543134252169474
5 0.3339835283918509 0.787391526288923 0.10099696575639358 0.0444104134762634
19 0.31946250541829213 0.766972945380296 0.1283051582141309 0.06482899438489025
11 0.24664065886432596 0.7228177641653905 0.04681404421326398 0.07248596222562532
0 0.28760294755093196 0.6998468606431854 0.03337667967056784 0.04492087799897907
2 0.19224100563502383 0.6949974476773865 0.01950585175552666 0.02399183256763655
13 0.19809276116168184 0.6748340990301174 0.015604681404421327 0.02450229709035222
19 0.15041179020372777 0.6457376212353242 0.018205461638491547 0.02348136804492088
5 0.1694841785869094 0.6370597243491577 0.013870827915041179 0.015313935681470138
5 0.15843086259211098 0.6250638080653395 0.012570437798006068 0.01174068402246044
19 0.24100563502384048 0.6592649310872895 0.02080624187256177 0.025012761613067893
5 0.10728218465539661 0.6531393568147014 0.016038144776766364 0.019908116385911178
5 0.0164716081491114 0.6602858601327207 0.00953619419159081 0.02092904543134252
4 0.005418292154312961 0.6738131699846861 0.009969657563935847 0.06023481368044921
10 0.09557867360208062 0.6265952016334865 0.006501950585175552 0.013782542113323124
18 0.17186822713480712 0.5895865237366003 0.010836584308625921 0.017355793772332824
13 0.1907238838318162 0.6510974987238387 0.013003901170351105 0.02092904543134252
11 0.21846553966189858 0.633486472690148 0.014737754659731253 0.01633486472690148
18 0.20784568703944517 0.6100051046452272 0.017771998266146512 0.019397651863195507
1 0.6085825747724317 0.9617151607963247 0.13350671868227135 0.07656967840735068
