18 0.38810641627543035 0.548602673147023 0.1596244131455399 0.44106925880923453
4 0.10589462702138759 0.6227217496962333 0.053208137715179966 0.07168894289185905
18 0.037037037037037035 0.6391251518833536 0.06468440271257173 0.0850546780072904
5 0.27595200834637457 0.6330498177399757 0.01773604590505999 0.03645200486026731
5 0.49739175795513824 0.6506682867557716 0.048513302034428794 0.054678007290400975
11 0.6624934793948879 0.6616038882138517 0.06885758998435054 0.11300121506682867
11 0.7561293688054251 0.6688942891859052 0.11737089201877934 0.13973268529769137
18 0.1465832029212311 0.6172539489671932 0.027125717266562335 0.060753341433778855
10 0.17005738132498696 0.6294046172539489 0.007303077725612937 0.02187120291616039
4 0.26291079812206575 0.6136087484811664 0.010432968179447054 0.02916160388821385
