5 0.24008002667555853 0.740461215932914 0.46548849616538845 0.42851153039832285
5 0.9146382127375792 0.5236897274633123 0.1707235745248416 0.10566037735849057
5 0.9301433811270423 0.459538784067086 0.0596865621873958 0.025157232704402517
13 0.8131043681227076 0.4817610062893082 0.04768256085361787 0.1140461215932914
13 0.8441147049016339 0.4660377358490566 0.03101033677892631 0.08092243186582809
13 0.7084028009336445 0.4461215932914046 0.02300766922307436 0.04947589098532495
13 0.7484161387129044 0.4377358490566038 0.01633877959319773 0.034381551362683435
13 0.7892630876958986 0.43542976939203354 0.011337112370790263 0.028092243186582808
5 0.7289096365455152 0.43836477987421385 0.02334111370456819 0.021383647798742137
9 0.6670556852284095 0.43752620545073373 0.049016338779593195 0.04570230607966457
