4 0.5382868267358858 0.5621414913957935 0.28487994808565864 0.7112810707456979
4 0.8857884490590525 0.4569789674952199 0.025957170668397145 0.07648183556405354
5 0.3208955223880597 0.6061185468451242 0.05515898767034393 0.10325047801147227
5 0.3734587929915639 0.6042065009560229 0.04218040233614536 0.0994263862332696
5 0.33517196625567813 0.5133843212237094 0.021414665801427646 0.0745697896749522
18 0.3672939649578196 0.5305927342256214 0.054510058403634 0.08604206500956023
18 0.3754055807916937 0.4694072657743786 0.038286826735885786 0.0745697896749522
18 0.7070084360804673 0.4961759082217973 0.06554185593770279 0.3154875717017208
18 0.7757949383517196 0.45124282982791586 0.021414665801427646 0.09560229445506692
18 0.9425697598961713 0.47036328871892924 0.043478260869565216 0.09560229445506692
18 0.8127839065541856 0.4598470363288719 0.020116807268007787 0.05927342256214149
18 0.854315379623621 0.4541108986615679 0.04218040233614536 0.13957934990439771
