13 0.26901041666666664 0.6226851851851852 0.07760416666666667 0.21388888888888888
13 0.90390625 0.6439814814814815 0.044270833333333336 0.10833333333333334
13 0.38177083333333334 0.5902777777777778 0.01875 0.041666666666666664
13 0.39557291666666666 0.5925925925925926 0.011979166666666667 0.03888888888888889
9 0.5104166666666666 0.6203703703703703 0.11979166666666667 0.1925925925925926
5 0.14713541666666666 0.5958333333333333 0.1078125 0.1287037037037037
5 0.31328125 0.5990740740740741 0.030729166666666665 0.05740740740740741
5 0.33203125 0.5925925925925926 0.022395833333333334 0.05
5 0.35989583333333336 0.5912037037037037 0.020833333333333332 0.032407407407407406
17 0.44427083333333334 0.5958333333333333 0.021875 0.04537037037037037
