10 0.25833333333333336 0.562962962962963 0.075 0.1259259259259259
10 0.3848958333333333 0.5370370370370371 0.06041666666666667 0.1685185185185185
10 0.4432291666666667 0.5212962962962963 0.014583333333333334 0.04814814814814815
10 0.53125 0.45925925925925926 0.016666666666666666 0.04259259259259259
10 0.61953125 0.4398148148148148 0.011979166666666667 0.04814814814814815
10 0.59921875 0.4425925925925926 0.0109375 0.03518518518518519
13 0.57578125 0.4375 0.019270833333333334 0.05092592592592592
10 0.7606770833333333 0.4703703703703704 0.11822916666666666 0.1814814814814815
19 0.6515625 0.43425925925925923 0.04583333333333333 0.10555555555555556
10 0.49947916666666664 0.7615740740740741 0.984375 0.47685185185185186
