7 0.13072916666666667 0.6587962962962963 0.1125 0.1824074074074074
13 0.35546875 0.6106481481481482 0.034895833333333334 0.08796296296296297
4 0.478125 0.5611111111111111 0.22395833333333334 0.46296296296296297
4 0.6989583333333333 0.48842592592592593 0.040625 0.08055555555555556
5 0.5880208333333333 0.5199074074074074 0.015625 0.021296296296296296
5 0.5908854166666667 0.4976851851851852 0.011979166666666667 0.01574074074074074
7 0.9875 0.5523148148148148 0.025 0.11574074074074074
7 0.9341145833333333 0.5388888888888889 0.07135416666666666 0.10185185185185185
7 0.8848958333333333 0.5314814814814814 0.041666666666666664 0.09444444444444444
7 0.8455729166666667 0.5287037037037037 0.04010416666666667 0.08518518518518518
13 0.7981770833333334 0.5310185185185186 0.027604166666666666 0.05462962962962963
13 0.7817708333333333 0.5236111111111111 0.016666666666666666 0.04537037037037037
13 0.7591145833333334 0.5078703703703704 0.018229166666666668 0.04537037037037037
