10 0.5390625 0.7606481481481482 0.715625 0.4787037037037037
10 0.39088541666666665 0.2851851851851852 0.018229166666666668 0.044444444444444446
10 0.3768229166666667 0.28379629629629627 0.015104166666666667 0.04351851851851852
19 0.64921875 0.27870370370370373 0.1390625 0.07962962962962963
17 0.55390625 0.2759259259259259 0.0265625 0.03518518518518519
9 0.44479166666666664 0.2722222222222222 0.036458333333333336 0.02962962962962963
15 0.25442708333333336 0.30972222222222223 0.0578125 0.08981481481481482
17 0.28541666666666665 0.2953703703703704 0.01875 0.05740740740740741
17 0.13515625 0.32731481481481484 0.0453125 0.0787037037037037
17 0.165625 0.3143518518518518 0.021875 0.05277777777777778
17 0.18203125 0.30972222222222223 0.022395833333333334 0.04722222222222222
