5 0.2903645833333333 0.5393518518518519 0.07239583333333334 0.06759259259259259
5 0.33177083333333335 0.5388888888888889 0.052083333333333336 0.06111111111111111
5 0.3619791666666667 0.5314814814814814 0.03958333333333333 0.046296296296296294
5 0.44296875 0.5337962962962963 0.0140625 0.025
5 0.45208333333333334 0.5314814814814814 0.0125 0.027777777777777776
5 0.4986979166666667 0.5328703703703703 0.008854166666666666 0.030555555555555555
10 0.14765625 0.562962962962963 0.05572916666666667 0.15925925925925927
13 0.428125 0.5370370370370371 0.019791666666666666 0.07222222222222222
17 0.5130208333333334 0.5347222222222222 0.021875 0.049074074074074076
8 0.48411458333333335 0.524537037037037 0.016145833333333335 0.030555555555555555
13 0.46979166666666666 0.5277777777777778 0.011458333333333333 0.027777777777777776
5 0.8953125 0.5504629629629629 0.19375 0.1361111111111111
10 0.72578125 0.5546296296296296 0.024479166666666666 0.046296296296296294
