2 0.0675469781615033 0.8225516621743036 0.12899949212798376 0.22012578616352202
2 0.22727272727272727 0.7349505840071878 0.09700355510411376 0.18867924528301888
10 0.12214321990858304 0.6810422282120395 0.053326561706449976 0.06828391734052111
10 0.13814118842051804 0.5691823899371069 0.0457084814626714 0.06019766397124888
5 0.20543423057389537 0.577717879604672 0.09903504316912139 0.10062893081761007
13 0.32249873031995935 0.601078167115903 0.047739969527679026 0.14195867026055706
13 0.3260538344337227 0.5121293800539084 0.036566785170137124 0.03234501347708895
13 0.45733875063484003 0.5026954177897575 0.031995937023869984 0.09613656783468104
13 0.5271711528694769 0.43216531895777177 0.025393600812595226 0.0646900269541779
13 0.49619095987811074 0.44609164420485176 0.03148806500761808 0.07816711590296496
13 0.49796851193499236 0.37690925426774485 0.0228542407313357 0.04941599281221923
2 0.4718131030980193 0.4752920035938904 0.038598273235144746 0.09344115004492363
19 0.4238191975622143 0.40925426774483376 0.05434230573895378 0.0889487870619946
17 0.45784662265109194 0.37601078167115903 0.02590147282884713 0.05480682839173405
3 0.053580497714575924 0.6846361185983828 0.0675469781615033 0.05390835579514825
10 0.6086846114779075 0.4420485175202156 0.019807008633824275 0.07187780772686433
2 0.5967496190959878 0.3490566037735849 0.007110208227526663 0.06019766397124888
5 0.5578974098527171 0.29514824797843664 0.04621635347892331 0.03324348607367475
13 0.6076688674454037 0.3140161725067385 0.01675977653631285 0.042228212039532795
13 0.6356018283392585 0.30952380952380953 0.01675977653631285 0.04941599281221923
4 0.6226510919248349 0.2744833782569632 0.04062976130015236 0.07816711590296496
4 0.6086846114779075 0.2371967654986523 0.033011681056373796 0.039532794249775384
18 0.7196546470289487 0.4802336028751123 0.08125952260030472 0.22192273135669363
18 0.7747587607922803 0.20619946091644206 0.020822752666328086 0.04043126684636118
5 0.7260030472320975 0.2178796046720575 0.012696800406297613 0.017070979335130278
5 0.7254951752158456 0.20260557053009884 0.010665312341289994 0.011680143755615454
5 0.7247333671914677 0.18598382749326145 0.009141696292534281 0.016172506738544475
2 0.7407313357034028 0.20170709793351302 0.009649568308786187 0.020664869721473494
11 0.797866937531742 0.24707996406109614 0.016251904520060943 0.028751123090745734
3 0.7640934484509904 0.2578616352201258 0.006602336211274758 0.019766397124887692
3 0.7600304723209751 0.24213836477987422 0.0045708481462671405 0.015274034141958671
13 0.7757745048247842 0.29559748427672955 0.01574403250380904 0.044923629829290206
13 0.7826307770441848 0.28751123090745734 0.01218892839004571 0.04132973944294699
13 0.787455561198578 0.3836477987421384 0.021838496698831894 0.07726864330637916
13 0.8100558659217877 0.37735849056603776 0.02031488065007618 0.07187780772686433
13 0.8280853224987303 0.5287511230907457 0.03504316912138141 0.11410601976639713
13 0.8517013712544439 0.6154537286612758 0.0446927374301676 0.1527403414195867
13 0.888268156424581 0.5592991913746631 0.0335195530726257 0.1105121293800539
13 0.9169629253428137 0.5462713387241689 0.031995937023869984 0.1275831087151842
13 0.941848654139157 0.8513027852650494 0.0675469781615033 0.2560646900269542
13 0.9794311833417979 0.6415094339622641 0.041137633316404264 0.15992812219227315
5 0.9700355510411376 0.5152740341419587 0.05992889791772473 0.07457322551662174
19 0.9555611985779584 0.47619047619047616 0.08887760284408329 0.09883198562443846
11 0.8786185881157949 0.4110512129380054 0.04875571356018284 0.11769991015274034
0 0.909598781107161 0.36163522012578614 0.037582529202640935 0.06918238993710692
19 0.8834433722701879 0.3360287511230907 0.019807008633824275 0.03773584905660377
19 0.8359573387506348 0.2920035938903863 0.025393600812595226 0.044923629829290206
19 0.8255459624174708 0.275381850853549 0.01675977653631285 0.03324348607367475
2 0.8108176739461656 0.3054806828391734 0.019807008633824275 0.050314465408805034
