10 0.09296875 0.3851851851851852 0.05572916666666667 0.14444444444444443
13 0.278125 0.32592592592592595 0.03125 0.08148148148148149
13 0.29791666666666666 0.32037037037037036 0.022916666666666665 0.07777777777777778
13 0.353125 0.3138888888888889 0.025 0.06851851851851852
13 0.4309895833333333 0.3236111111111111 0.058854166666666666 0.09537037037037037
7 0.39348958333333334 0.30416666666666664 0.030729166666666665 0.06018518518518518
17 0.83125 0.37962962962962965 0.121875 0.18518518518518517
13 0.7223958333333333 0.3425925925925926 0.040625 0.11851851851851852
13 0.6161458333333333 0.3388888888888889 0.04479166666666667 0.1259259259259259
13 0.5526041666666667 0.3236111111111111 0.029166666666666667 0.08796296296296297
13 0.5786458333333333 0.325 0.027083333333333334 0.07037037037037037
17 0.6513020833333333 0.33425925925925926 0.0296875 0.08703703703703704
