10 0.625 0.7615740740740741 0.7083333333333334 0.47685185185185186
2 0.07317708333333334 0.3736111111111111 0.08489583333333334 0.16018518518518518
13 0.015885416666666666 0.3902777777777778 0.0234375 0.1287037037037037
13 0.22942708333333334 0.3375 0.05572916666666667 0.10648148148148148
13 0.32421875 0.32592592592592595 0.04635416666666667 0.10925925925925926
2 0.3572916666666667 0.30416666666666664 0.04479166666666667 0.075
4 0.46197916666666666 0.26990740740740743 0.0625 0.08611111111111111
5 0.51015625 0.2949074074074074 0.025520833333333333 0.03981481481481482
5 0.5958333333333333 0.30416666666666664 0.0875 0.06759259259259259
5 0.5294270833333333 0.2847222222222222 0.019270833333333334 0.021296296296296296
18 0.6213541666666667 0.26296296296296295 0.084375 0.05555555555555555
2 0.69921875 0.3037037037037037 0.04635416666666667 0.06481481481481481
13 0.73359375 0.3226851851851852 0.059895833333333336 0.08611111111111111
4 0.7510416666666667 0.27175925925925926 0.15208333333333332 0.08611111111111111
4 0.94140625 0.28888888888888886 0.1171875 0.08703703703703704
