10 0.5880208333333333 0.7648148148148148 0.8010416666666667 0.4703703703703704
4 0.07682291666666667 0.38981481481481484 0.1484375 0.1
17 0.246875 0.39675925925925926 0.021875 0.032407407407407406
13 0.27421875 0.3921296296296296 0.011979166666666667 0.028703703703703703
4 0.33359375 0.3611111111111111 0.0921875 0.1
4 0.40703125 0.36018518518518516 0.04010416666666667 0.06296296296296296
4 0.42994791666666665 0.34814814814814815 0.008854166666666666 0.020370370370370372
17 0.4627604166666667 0.3763888888888889 0.011979166666666667 0.025
12 0.44036458333333334 0.3726851851851852 0.024479166666666666 0.03425925925925926
5 0.5346354166666667 0.37407407407407406 0.011979166666666667 0.016666666666666666
4 0.5484375 0.36944444444444446 0.013541666666666667 0.03148148148148148
17 0.565625 0.3773148148148148 0.010416666666666666 0.017592592592592594
5 0.58515625 0.375 0.015104166666666667 0.018518518518518517
7 0.6544270833333333 0.3763888888888889 0.0265625 0.03796296296296296
4 0.61640625 0.3680555555555556 0.043229166666666666 0.028703703703703703
13 0.6104166666666667 0.3773148148148148 0.007291666666666667 0.019444444444444445
13 0.68828125 0.3814814814814815 0.013020833333333334 0.03333333333333333
13 0.675 0.37916666666666665 0.011458333333333333 0.026851851851851852
10 0.7713541666666667 0.3958333333333333 0.025 0.026851851851851852
10 0.75546875 0.38842592592592595 0.013020833333333334 0.030555555555555555
