18 0.19192708333333333 0.3726851851851852 0.16197916666666667 0.22314814814814815
13 0.3046875 0.4675925925925926 0.06979166666666667 0.19074074074074074
13 0.38229166666666664 0.4685185185185185 0.071875 0.18888888888888888
13 0.82109375 0.48564814814814816 0.10572916666666667 0.15648148148148147
13 0.6971354166666667 0.46944444444444444 0.04114583333333333 0.11296296296296296
13 0.43828125 0.46111111111111114 0.03802083333333333 0.11296296296296296
3 0.7424479166666667 0.4949074074074074 0.0546875 0.20462962962962963
2 0.6565104166666667 0.4638888888888889 0.04739583333333333 0.09444444444444444
11 0.5901041666666667 0.4550925925925926 0.071875 0.1287037037037037
2 0.5080729166666667 0.45601851851851855 0.04739583333333333 0.1361111111111111
3 0.4817708333333333 0.45555555555555555 0.008333333333333333 0.07592592592592592
10 0.5020833333333333 0.7513888888888889 0.9875 0.49722222222222223
