10 0.21640625 0.5106481481481482 0.06822916666666666 0.15092592592592594
2 0.7223958333333333 0.4546296296296296 0.16354166666666667 0.29259259259259257
10 0.3684895833333333 0.4625 0.0390625 0.125
10 0.3919270833333333 0.4532407407407407 0.022395833333333334 0.06388888888888888
5 0.4390625 0.4361111111111111 0.046875 0.06111111111111111
13 0.49713541666666666 0.42407407407407405 0.024479166666666666 0.06666666666666667
2 0.5205729166666667 0.41805555555555557 0.027604166666666666 0.075
13 0.5697916666666667 0.41574074074074074 0.022916666666666665 0.06296296296296296
13 0.5497395833333333 0.412962962962963 0.0171875 0.046296296296296294
10 0.50390625 0.7620370370370371 0.9807291666666667 0.4759259259259259
