5 0.6223958333333334 0.775 0.128125 0.25
4 0.8369791666666667 0.611574074074074 0.3260416666666667 0.5842592592592593
4 0.49583333333333335 0.42685185185185187 0.175 0.17962962962962964
15 0.55546875 0.5777777777777777 0.12239583333333333 0.1648148148148148
17 0.6106770833333334 0.5310185185185186 0.0859375 0.1287037037037037
10 0.18411458333333333 0.4777777777777778 0.033854166666666664 0.09259259259259259
10 0.10260416666666666 0.85 0.13958333333333334 0.17222222222222222
10 0.06197916666666667 0.9356481481481481 0.121875 0.1287037037037037
13 0.031510416666666666 0.4666666666666667 0.0265625 0.0962962962962963
13 0.02421875 0.6541666666666667 0.04739583333333333 0.12129629629629629
5 0.3385416666666667 0.45601851851851855 0.09166666666666666 0.09166666666666666
13 0.65390625 0.5175925925925926 0.06302083333333333 0.12962962962962962
