9 0.38125 0.5319444444444444 0.25833333333333336 0.2064814814814815
9 0.6713541666666667 0.4842592592592593 0.059375 0.10740740740740741
15 0.6098958333333333 0.4740740740740741 0.06458333333333334 0.08148148148148149
5 0.5135416666666667 0.475462962962963 0.040625 0.04722222222222222
10 0.8010416666666667 0.4740740740740741 0.01875 0.05
3 0.7145833333333333 0.475462962962963 0.03125 0.032407407407407406
13 0.9481770833333333 0.49027777777777776 0.0703125 0.1638888888888889
17 0.89140625 0.449537037037037 0.044270833333333336 0.062037037037037036
17 0.5354166666666667 0.45740740740740743 0.036458333333333336 0.044444444444444446
17 0.56875 0.45740740740740743 0.017708333333333333 0.037037037037037035
17 0.7359375 0.4601851851851852 0.016666666666666666 0.06296296296296296
17 0.99140625 0.44722222222222224 0.0171875 0.05740740740740741
