17 0.175 0.6347222222222222 0.20520833333333333 0.325
17 0.259375 0.4981481481481482 0.10416666666666667 0.18703703703703703
17 0.09010416666666667 0.600925925925926 0.17916666666666667 0.29814814814814816
13 0.5294270833333333 0.3731481481481482 0.0234375 0.05925925925925926
17 0.48125 0.3819444444444444 0.027083333333333334 0.058333333333333334
4 0.421875 0.37777777777777777 0.07604166666666666 0.12407407407407407
4 0.5502604166666667 0.31527777777777777 0.04114583333333333 0.09166666666666666
11 0.7044270833333334 0.37824074074074077 0.0421875 0.062037037037037036
4 0.6791666666666667 0.3314814814814815 0.03854166666666667 0.10185185185185185
7 0.7705729166666667 0.31574074074074077 0.030729166666666665 0.053703703703703705
13 0.8458333333333333 0.46435185185185185 0.03125 0.08055555555555556
13 0.8890625 0.4361111111111111 0.03229166666666667 0.07592592592592592
13 0.94921875 0.4583333333333333 0.034895833333333334 0.08333333333333333
13 0.8510416666666667 0.4023148148148148 0.021875 0.06018518518518518
7 0.8515625 0.35 0.028125 0.046296296296296294
4 0.4505208333333333 0.3060185185185185 0.046875 0.0712962962962963
