5 0.6013020833333333 0.6342592592592593 0.16302083333333334 0.20555555555555555
4 0.4283854166666667 0.5481481481481482 0.33177083333333335 0.3592592592592593
17 0.17864583333333334 0.6125 0.159375 0.23055555555555557
4 0.6341145833333334 0.2967592592592593 0.12864583333333332 0.14351851851851852
13 0.46875 0.836574074074074 0.14895833333333333 0.32314814814814813
13 0.67265625 0.47453703703703703 0.08177083333333333 0.15092592592592594
17 0.7708333333333334 0.4027777777777778 0.065625 0.10925925925925926
13 0.753125 0.587037037037037 0.096875 0.20925925925925926
11 0.6932291666666667 0.3685185185185185 0.1 0.11296296296296296
8 0.9143229166666667 0.3 0.0765625 0.0962962962962963
8 0.9708333333333333 0.30185185185185187 0.058333333333333334 0.08888888888888889
13 0.27890625 0.8902777777777777 0.1359375 0.21944444444444444
13 0.5614583333333333 0.924537037037037 0.140625 0.15092592592592594
13 0.6169270833333333 0.8731481481481481 0.1515625 0.2537037037037037
13 0.6893229166666667 0.8648148148148148 0.15364583333333334 0.27037037037037037
13 0.721875 0.8240740740740741 0.14479166666666668 0.31666666666666665
13 0.81484375 0.6953703703703704 0.10052083333333334 0.17037037037037037
13 0.9619791666666667 0.5879629629629629 0.06145833333333333 0.11666666666666667
13 0.8984375 0.6314814814814815 0.11666666666666667 0.09814814814814815
13 0.8744791666666667 0.6731481481481482 0.11770833333333333 0.09444444444444444
13 0.8598958333333333 0.43657407407407406 0.04479166666666667 0.13240740740740742
13 0.83671875 0.39814814814814814 0.044270833333333336 0.1037037037037037
13 0.97890625 0.42314814814814816 0.0421875 0.12777777777777777
4 0.09713541666666667 0.3675925925925926 0.19322916666666667 0.13518518518518519
13 0.3216145833333333 0.3675925925925926 0.0390625 0.1037037037037037
13 0.53515625 0.29768518518518516 0.030729166666666665 0.07314814814814814
13 0.36484375 0.3384259259259259 0.0296875 0.0712962962962963
