15 0.3885416666666667 0.5023148148148148 0.27291666666666664 0.4324074074074074
4 0.47109375 0.29444444444444445 0.29739583333333336 0.38333333333333336
4 0.21536458333333333 0.21574074074074073 0.1140625 0.16666666666666666
17 0.23723958333333334 0.3384259259259259 0.0421875 0.17685185185185184
13 0.70546875 0.3490740740740741 0.07552083333333333 0.24814814814814815
13 0.903125 0.39444444444444443 0.11979166666666667 0.2814814814814815
5 0.04869791666666667 0.2902777777777778 0.08385416666666666 0.10462962962962963
4 0.29244791666666664 0.21481481481481482 0.05364583333333333 0.1259259259259259
13 0.8020833333333334 0.25 0.06041666666666667 0.07222222222222222
13 0.9635416666666666 0.3472222222222222 0.0625 0.17222222222222222
13 0.63046875 0.2949074074074074 0.0359375 0.125
13 0.7484375 0.23194444444444445 0.025 0.05092592592592592
13 0.65546875 0.2263888888888889 0.022395833333333334 0.03981481481481482
13 0.9770833333333333 0.24305555555555555 0.036458333333333336 0.04722222222222222
