5 0.9124755859375 0.7102864583333334 0.069091796875 0.07769097222222222
15 0.44775390625 0.6927083333333334 0.03564453125 0.059895833333333336
17 0.4715576171875 0.6801215277777778 0.012939453125 0.035590277777777776
20 0.3553466796875 0.7213541666666666 0.031494140625 0.042534722222222224
13 0.38671875 0.6792534722222222 0.0078125 0.035590277777777776
13 0.416015625 0.6801215277777778 0.01025390625 0.03125
13 0.4263916015625 0.6783854166666666 0.005615234375 0.03732638888888889
13 0.377197265625 0.689453125 0.00927734375 0.05164930555555555
20 0.2135009765625 0.8179253472222222 0.103759765625 0.1228298611111111
5 0.1436767578125 0.7217881944444444 0.033935546875 0.09461805555555555
20 0.2889404296875 0.7109375 0.018798828125 0.033854166666666664
