18 0.5208333333333334 0.4895833333333333 0.22870370370370371 0.146875
17 0.22916666666666666 0.5252604166666667 0.15092592592592594 0.0984375
10 0.021296296296296296 0.52265625 0.040740740740740744 0.07552083333333333
17 0.36944444444444446 0.503125 0.03333333333333333 0.03125
10 0.6986111111111111 0.5083333333333333 0.03425925925925926 0.05520833333333333
17 0.8097222222222222 0.5203125 0.075 0.10416666666666667
9 0.9291666666666667 0.534375 0.14166666666666666 0.22916666666666666
5 0.4027777777777778 0.5072916666666667 0.03148148148148148 0.03333333333333333
15 0.6587962962962963 0.5036458333333333 0.04351851851851852 0.034375
10 0.7472222222222222 0.49895833333333334 0.020370370370370372 0.028125
