10 0.7212962962962963 0.32916666666666666 0.11481481481481481 0.06979166666666667
9 0.6226851851851852 0.28125 0.08425925925925926 0.05520833333333333
10 0.48564814814814816 0.3067708333333333 0.0712962962962963 0.05416666666666667
5 0.42083333333333334 0.27838541666666666 0.06944444444444445 0.034895833333333334
15 0.3861111111111111 0.26145833333333335 0.027777777777777776 0.0125
13 0.23842592592592593 0.29635416666666664 0.08055555555555556 0.09375
15 0.13935185185185187 0.25807291666666665 0.026851851851851852 0.013020833333333334
4 0.15046296296296297 0.24947916666666667 0.019444444444444445 0.008333333333333333
18 0.17222222222222222 0.25494791666666666 0.016666666666666666 0.015104166666666667
10 0.08564814814814815 0.25859375 0.012037037037037037 0.013020833333333334
10 0.10046296296296296 0.25755208333333335 0.010185185185185186 0.0109375
