13 0.29010416666666666 0.7203703703703703 0.259375 0.5592592592592592
4 0.27109375 0.38472222222222224 0.40572916666666664 0.33425925925925926
4 0.5395833333333333 0.3472222222222222 0.05625 0.06296296296296296
4 0.48203125 0.39351851851851855 0.07552083333333333 0.21851851851851853
13 0.8796875 0.4537037037037037 0.05520833333333333 0.09814814814814815
13 0.56328125 0.43333333333333335 0.03697916666666667 0.07777777777777778
13 0.5997395833333333 0.42824074074074076 0.0359375 0.0787037037037037
13 0.5223958333333333 0.4337962962962963 0.051041666666666666 0.09907407407407408
13 0.7877604166666666 0.4444444444444444 0.0546875 0.11481481481481481
20 0.6013020833333333 0.9467592592592593 0.2671875 0.10648148148148148
13 0.9604166666666667 0.487962962962963 0.07916666666666666 0.14444444444444443
10 0.16484375 0.6078703703703704 0.0578125 0.13425925925925927
