15 0.6234567901234568 0.5603505291005291 0.263668430335097 0.11805555555555555
5 0.4574514991181658 0.5219907407407407 0.0736331569664903 0.036044973544973546
10 0.3472222222222222 0.5372023809523809 0.03571428571428571 0.030753968253968252
10 0.376984126984127 0.5324074074074074 0.026455026455026454 0.027777777777777776
5 0.27667548500881833 0.5186838624338624 0.08068783068783068 0.04265873015873016
3 0.17416225749559083 0.5124007936507936 0.025573192239858905 0.04927248677248677
13 0.15850970017636684 0.49421296296296297 0.015432098765432098 0.017526455026455025
5 0.24029982363315697 0.5009920634920635 0.023809523809523808 0.01984126984126984
11 0.20414462081128748 0.4978505291005291 0.03791887125220458 0.040013227513227514
4 0.2826278659611993 0.4885912698412698 0.01763668430335097 0.012235449735449735
4 0.3031305114638448 0.4904100529100529 0.018077601410934743 0.00992063492063492
19 0.33994708994708994 0.5051256613756614 0.05555555555555555 0.034722222222222224
3 0.1474867724867725 0.5026455026455027 0.01455026455026455 0.027116402116402115
5 0.2277336860670194 0.4958664021164021 0.013668430335097001 0.012235449735449735
