5 0.7698974609375 0.6746961805555556 0.182373046875 0.12109375
10 0.92724609375 0.6414930555555556 0.05810546875 0.10677083333333333
10 0.640869140625 0.6519097222222222 0.0498046875 0.1232638888888889
15 0.553466796875 0.6605902777777778 0.11376953125 0.12239583333333333
15 0.4503173828125 0.6380208333333334 0.080322265625 0.09895833333333333
3 0.3167724609375 0.6684027777777778 0.075439453125 0.12413194444444445
19 0.10595703125 0.6529947916666666 0.06103515625 0.07769097222222222
5 0.2076416015625 0.6888020833333334 0.144775390625 0.0842013888888889
13 0.0496826171875 0.6536458333333334 0.017333984375 0.049479166666666664
17 0.06884765625 0.6584201388888888 0.01318359375 0.057291666666666664
