17 0.5513020833333333 0.5402777777777777 0.04635416666666667 0.10462962962962963
17 0.5921875 0.5087962962962963 0.03854166666666667 0.05092592592592592
5 0.6557291666666667 0.5203703703703704 0.0875 0.05
17 0.7635416666666667 0.513425925925926 0.052083333333333336 0.062037037037037036
17 0.7059895833333333 0.5143518518518518 0.0140625 0.05462962962962963
17 0.5153645833333333 0.5037037037037037 0.019270833333333334 0.04259259259259259
10 0.5018229166666667 0.5217592592592593 0.03802083333333333 0.03796296296296296
13 0.3453125 0.5277777777777778 0.03125 0.08703703703703704
10 0.37005208333333334 0.5402777777777777 0.0171875 0.049074074074074076
17 0.29401041666666666 0.4976851851851852 0.0359375 0.03981481481481482
3 0.23333333333333334 0.5212962962962963 0.034375 0.025925925925925925
17 0.18411458333333333 0.4986111111111111 0.03697916666666667 0.03981481481481482
17 0.14635416666666667 0.4976851851851852 0.029166666666666667 0.03796296296296296
17 0.09661458333333334 0.49166666666666664 0.027604166666666666 0.037037037037037035
4 0.8966145833333333 0.4203703703703704 0.20677083333333332 0.4703703703703704
