13 0.7177083333333333 0.649537037037037 0.20625 0.6324074074074074
17 0.48359375 0.5819444444444445 0.2911458333333333 0.5138888888888888
8 0.8096354166666667 0.31203703703703706 0.13697916666666668 0.2574074074074074
5 0.7265625 0.29212962962962963 0.05625 0.10833333333333334
17 0.5872395833333334 0.35462962962962963 0.12239583333333333 0.17962962962962964
13 0.89140625 0.32731481481481484 0.049479166666666664 0.16203703703703703
5 0.31953125 0.487962962962963 0.09010416666666667 0.17407407407407408
11 0.17473958333333334 0.3314814814814815 0.3484375 0.19814814814814816
13 0.07265625 0.2638888888888889 0.07864583333333333 0.12962962962962962
13 0.4640625 0.23842592592592593 0.017708333333333333 0.06388888888888888
13 0.9848958333333333 0.35694444444444445 0.030208333333333334 0.16203703703703703
5 0.67421875 0.33564814814814814 0.07239583333333334 0.12685185185185185
