10 0.9166666666666666 0.5699074074074074 0.028125 0.09722222222222222
10 0.8786458333333333 0.5814814814814815 0.03333333333333333 0.10740740740740741
10 0.825 0.5916666666666667 0.023958333333333335 0.10555555555555556
17 0.9401041666666666 0.5569444444444445 0.021875 0.07314814814814814
13 0.8075520833333333 0.5740740740740741 0.013020833333333334 0.046296296296296294
9 0.6809895833333334 0.6078703703703704 0.049479166666666664 0.062037037037037036
13 0.6268229166666667 0.6226851851851852 0.03177083333333333 0.07685185185185185
3 0.5630208333333333 0.6935185185185185 0.03229166666666667 0.07962962962962963
13 0.5309895833333333 0.6430555555555556 0.0296875 0.0787037037037037
13 0.7846354166666667 0.5787037037037037 0.019270833333333334 0.046296296296296294
9 0.8424479166666666 0.5606481481481481 0.021354166666666667 0.025
13 0.43645833333333334 0.674537037037037 0.040625 0.10462962962962963
13 0.3302083333333333 0.7222222222222222 0.08854166666666667 0.1814814814814815
3 0.5950520833333334 0.6555555555555556 0.0203125 0.046296296296296294
