10 0.771875 0.6824074074074075 0.19583333333333333 0.34444444444444444
13 0.86796875 0.41574074074074074 0.07552083333333333 0.18518518518518517
3 0.12473958333333333 0.8240740740740741 0.24739583333333334 0.35185185185185186
17 0.4895833333333333 0.4300925925925926 0.04583333333333333 0.08425925925925926
17 0.6533854166666667 0.4078703703703704 0.04114583333333333 0.0824074074074074
17 0.6140625 0.40185185185185185 0.036458333333333336 0.05740740740740741
17 0.6963541666666667 0.3939814814814815 0.04583333333333333 0.06018518518518518
13 0.7661458333333333 0.3731481481481482 0.020833333333333332 0.04814814814814815
11 0.3377604166666667 0.4601851851851852 0.058854166666666666 0.10185185185185185
9 0.2760416666666667 0.45416666666666666 0.04583333333333333 0.08425925925925926
13 0.23072916666666668 0.44722222222222224 0.040625 0.06296296296296296
17 0.14322916666666666 0.4449074074074074 0.035416666666666666 0.03981481481481482
