17 0.4109375 0.6824074074074075 0.109375 0.1925925925925926
5 0.5888020833333333 0.611574074074074 0.1296875 0.1675925925925926
17 0.5216145833333333 0.5217592592592593 0.08177083333333333 0.14722222222222223
19 0.634375 0.46435185185185185 0.10520833333333333 0.1527777777777778
19 0.7489583333333333 0.412962962962963 0.08020833333333334 0.1259259259259259
4 0.6682291666666667 0.3476851851851852 0.10520833333333333 0.15833333333333333
4 0.4791666666666667 0.3958333333333333 0.215625 0.3453703703703704
15 0.10625 0.39444444444444443 0.09791666666666667 0.0962962962962963
5 0.88984375 0.46435185185185185 0.0703125 0.12314814814814815
5 0.9708333333333333 0.4773148148148148 0.058333333333333334 0.12685185185185185
17 0.7557291666666667 0.24351851851851852 0.027083333333333334 0.04814814814814815
5 0.03697916666666667 0.41388888888888886 0.07291666666666667 0.09074074074074075
10 0.7393229166666667 0.48935185185185187 0.030729166666666665 0.09722222222222222
