17 0.5925925925925926 0.24296875 0.19444444444444445 0.11614583333333334
17 0.8699074074074075 0.2328125 0.23055555555555557 0.11979166666666667
13 0.016203703703703703 0.2791666666666667 0.030555555555555555 0.16145833333333334
9 0.24259259259259258 0.20833333333333334 0.03148148148148148 0.016666666666666666
10 0.15092592592592594 0.22083333333333333 0.027777777777777776 0.03125
10 0.18333333333333332 0.21223958333333334 0.016666666666666666 0.018229166666666668
5 0.2013888888888889 0.20885416666666667 0.021296296296296296 0.010416666666666666
5 0.12546296296296297 0.21145833333333333 0.019444444444444445 0.008333333333333333
10 0.10601851851851851 0.21614583333333334 0.01574074074074074 0.016666666666666666
10 0.030555555555555555 0.22109375 0.020370370370370372 0.0234375
