13 0.07578125 0.8287037037037037 0.1234375 0.22037037037037038
5 0.4119791666666667 0.7222222222222222 0.084375 0.08333333333333333
10 0.4747395833333333 0.7134259259259259 0.04114583333333333 0.14166666666666666
10 0.5783854166666667 0.6865740740740741 0.03802083333333333 0.1361111111111111
10 0.6236979166666666 0.6643518518518519 0.030729166666666665 0.10092592592592593
17 0.7731770833333333 0.6166666666666667 0.034895833333333334 0.07407407407407407
17 0.8010416666666667 0.5958333333333333 0.017708333333333333 0.03611111111111111
5 0.7890625 0.5944444444444444 0.010416666666666666 0.016666666666666666
10 0.7533854166666667 0.6069444444444444 0.008854166666666666 0.03796296296296296
11 0.8174479166666667 0.5861111111111111 0.0140625 0.027777777777777776
