19 0.39140625 0.7620370370370371 0.5078125 0.4759259259259259
17 0.7190104166666667 0.4550925925925926 0.18489583333333334 0.3972222222222222
11 0.8348958333333333 0.22546296296296298 0.103125 0.125
13 0.91328125 0.44166666666666665 0.14010416666666667 0.3574074074074074
13 0.5453125 0.24212962962962964 0.046875 0.0824074074074074
13 0.46145833333333336 0.23194444444444445 0.03854166666666667 0.07685185185185185
13 0.9541666666666667 0.27037037037037037 0.04375 0.12037037037037036
5 0.6309895833333333 0.23194444444444445 0.0796875 0.05462962962962963
5 0.7276041666666667 0.22453703703703703 0.05625 0.05092592592592592
13 0.10703125 0.23842592592592593 0.030729166666666665 0.075
13 0.16432291666666668 0.24537037037037038 0.030729166666666665 0.08888888888888889
13 0.6111979166666667 0.20416666666666666 0.019270833333333334 0.030555555555555555
18 0.98671875 0.18935185185185185 0.025520833333333333 0.05648148148148148
5 0.6221354166666667 0.3138888888888889 0.07239583333333334 0.16296296296296298
17 0.18802083333333333 0.3074074074074074 0.052083333333333336 0.15
