17 0.9557291666666666 0.5361111111111111 0.0375 0.07777777777777778
10 0.9276041666666667 0.55 0.028125 0.09074074074074075
10 0.8815104166666666 0.5648148148148148 0.0265625 0.1
10 0.8354166666666667 0.5800925925925926 0.027083333333333334 0.11018518518518519
9 0.8565104166666667 0.5458333333333333 0.016145833333333335 0.032407407407407406
13 0.815625 0.562962962962963 0.014583333333333334 0.046296296296296294
3 0.5205729166666667 0.6861111111111111 0.03802083333333333 0.07777777777777778
13 0.4783854166666667 0.6726851851851852 0.04635416666666667 0.13055555555555556
9 0.6046875 0.6263888888888889 0.075 0.09722222222222222
13 0.78125 0.5745370370370371 0.025 0.058333333333333334
3 0.37578125 0.8004629629629629 0.0796875 0.11203703703703703
13 0.3997395833333333 0.6912037037037037 0.0390625 0.10648148148148148
13 0.30078125 0.7324074074074074 0.07135416666666666 0.1425925925925926
13 0.35494791666666664 0.6712962962962963 0.030729166666666665 0.06851851851851852
20 0.10546875 0.7814814814814814 0.13802083333333334 0.18703703703703703
3 0.21197916666666666 0.7972222222222223 0.025 0.09259259259259259
