10 0.41302083333333334 0.7185185185185186 0.06041666666666667 0.1814814814814815
13 0.49114583333333334 0.6546296296296297 0.040625 0.0962962962962963
20 0.09973958333333334 0.825 0.13072916666666667 0.12222222222222222
10 0.60078125 0.6458333333333334 0.044270833333333336 0.13425925925925927
5 0.57265625 0.6263888888888889 0.013020833333333334 0.05092592592592592
10 0.6606770833333333 0.6106481481481482 0.024479166666666666 0.08796296296296297
17 0.7799479166666666 0.5736111111111111 0.0390625 0.08425925925925926
17 0.79921875 0.549537037037037 0.016145833333333335 0.03611111111111111
11 0.81484375 0.5361111111111111 0.013020833333333334 0.024074074074074074
10 0.75546875 0.5611111111111111 0.009895833333333333 0.037037037037037035
