14 0.41901041666666666 0.611574074074074 0.1890625 0.5916666666666667
13 0.2046875 0.4726851851851852 0.19270833333333334 0.5398148148148149
10 0.6447916666666667 0.4162037037037037 0.11979166666666667 0.3138888888888889
20 0.5833333333333334 0.2986111111111111 0.06041666666666667 0.12314814814814815
13 0.4119791666666667 0.2810185185185185 0.075 0.14537037037037037
13 0.0421875 0.27546296296296297 0.05416666666666667 0.1638888888888889
14 0.07890625 0.25555555555555554 0.03177083333333333 0.11666666666666667
13 0.3653645833333333 0.25833333333333336 0.0328125 0.09259259259259259
13 0.5059895833333333 0.2884259259259259 0.03802083333333333 0.11944444444444445
13 0.02734375 0.3453703703703704 0.05364583333333333 0.2518518518518518
