13 0.5989583333333334 0.34444444444444444 0.11354166666666667 0.17222222222222222
5 0.5846354166666666 0.5319444444444444 0.1953125 0.20277777777777778
5 0.725 0.7060185185185185 0.19895833333333332 0.2638888888888889
5 0.35104166666666664 0.8907407407407407 0.23854166666666668 0.21851851851851853
5 0.20859375 0.8574074074074074 0.25885416666666666 0.2777777777777778
10 0.221875 0.7143518518518519 0.09791666666666667 0.10833333333333334
19 0.8744791666666667 0.27870370370370373 0.221875 0.23703703703703705
9 0.9307291666666667 0.42592592592592593 0.13854166666666667 0.24444444444444444
13 0.94453125 0.08796296296296297 0.058854166666666666 0.12222222222222222
13 0.859375 0.13796296296296295 0.065625 0.09814814814814815
