17 0.0412037037037037 0.5419270833333333 0.08055555555555556 0.0671875
19 0.1986111111111111 0.5317708333333333 0.09351851851851851 0.04375
19 0.30648148148148147 0.5296875 0.07222222222222222 0.03958333333333333
10 0.25972222222222224 0.5317708333333333 0.025 0.03333333333333333
17 0.35324074074074074 0.5278645833333333 0.023148148148148147 0.0265625
5 0.4083333333333333 0.52578125 0.046296296296296294 0.019270833333333334
10 0.5314814814814814 0.525 0.025925925925925925 0.023958333333333335
5 0.6601851851851852 0.52734375 0.05 0.022395833333333334
5 0.6217592592592592 0.5236979166666667 0.026851851851851852 0.015104166666666667
9 0.7101851851851851 0.5229166666666667 0.03518518518518519 0.025
13 0.7439814814814815 0.5294270833333333 0.03611111111111111 0.0390625
13 0.7810185185185186 0.5278645833333333 0.03796296296296296 0.0390625
13 0.9087962962962963 0.5393229166666667 0.11203703703703703 0.10260416666666666
