5 0.43645833333333334 0.6921296296296297 0.21354166666666666 0.42314814814814816
5 0.14270833333333333 0.7768518518518519 0.2375 0.4462962962962963
5 0.8794270833333333 0.775 0.23697916666666666 0.45
17 0.7677083333333333 0.38657407407407407 0.14895833333333333 0.31203703703703706
5 0.5880208333333333 0.2740740740740741 0.14895833333333333 0.26481481481481484
5 0.4166666666666667 0.3509259259259259 0.159375 0.28888888888888886
5 0.25364583333333335 0.17777777777777778 0.128125 0.21851851851851853
5 0.21640625 0.3819444444444444 0.16927083333333334 0.2916666666666667
11 0.853125 0.2712962962962963 0.190625 0.3
15 0.6411458333333333 0.07453703703703704 0.10208333333333333 0.14166666666666666
11 0.5385416666666667 0.10185185185185185 0.121875 0.20185185185185187
4 0.9497395833333333 0.1425925925925926 0.10052083333333334 0.2833333333333333
