17 0.36692708333333335 0.8319444444444445 0.1109375 0.1398148148148148
10 0.45703125 0.9175925925925926 0.07864583333333333 0.0962962962962963
5 0.0640625 0.8069444444444445 0.12708333333333333 0.15092592592592594
11 0.7557291666666667 0.4652777777777778 0.19791666666666666 0.15462962962962962
4 0.8184895833333333 0.8078703703703703 0.36302083333333335 0.287962962962963
4 0.2046875 0.34444444444444444 0.24375 0.17777777777777778
11 0.39140625 0.5736111111111111 0.1796875 0.12685185185185185
5 0.67265625 0.5833333333333334 0.1421875 0.1
9 0.8708333333333333 0.5625 0.146875 0.13240740740740742
15 0.7083333333333334 0.3425925925925926 0.1375 0.1037037037037037
13 0.8966145833333333 0.4125 0.07552083333333333 0.10462962962962963
10 0.453125 0.4199074074074074 0.05520833333333333 0.06944444444444445
10 0.59765625 0.43842592592592594 0.0578125 0.09166666666666666
11 0.08046875 0.4736111111111111 0.14114583333333333 0.12314814814814815
0 0.15 0.5745370370370371 0.1875 0.1398148148148148
