5 0.440625 0.8013888888888889 0.20104166666666667 0.23055555555555557
5 0.6140625 0.6240740740740741 0.15833333333333333 0.1962962962962963
17 0.5619791666666667 0.44722222222222224 0.09270833333333334 0.15
17 0.4671875 0.5481481481481482 0.096875 0.1925925925925926
17 0.3015625 0.5731481481481482 0.08854166666666667 0.17037037037037037
10 0.25 0.6875 0.06979166666666667 0.11944444444444445
13 0.334375 0.6703703703703704 0.10104166666666667 0.17962962962962964
20 0.6609375 0.37916666666666665 0.09166666666666666 0.11018518518518519
17 0.8815104166666666 0.5898148148148148 0.0859375 0.17037037037037037
13 0.8846354166666667 0.7828703703703703 0.08072916666666667 0.23425925925925925
5 0.9067708333333333 0.25046296296296294 0.121875 0.12685185185185185
13 0.8221354166666667 0.2337962962962963 0.0734375 0.1361111111111111
13 0.76796875 0.16574074074074074 0.049479166666666664 0.10185185185185185
13 0.7151041666666667 0.15601851851851853 0.042708333333333334 0.09537037037037037
11 0.94609375 0.4634259259259259 0.1078125 0.18981481481481483
10 0.36770833333333336 0.4925925925925926 0.046875 0.09259259259259259
