9 0.80546875 0.5333333333333333 0.3890625 0.5740740740740741
17 0.6950520833333333 0.42916666666666664 0.059895833333333336 0.06388888888888888
17 0.728125 0.41435185185185186 0.030208333333333334 0.04722222222222222
10 0.6359375 0.4546296296296296 0.042708333333333334 0.03518518518518519
17 0.55390625 0.44722222222222224 0.0390625 0.040740740740740744
17 0.4200520833333333 0.47129629629629627 0.033854166666666664 0.03888888888888889
17 0.39036458333333335 0.47453703703703703 0.021354166666666667 0.03796296296296296
11 0.3380208333333333 0.4777777777777778 0.08854166666666667 0.05
17 0.4984375 0.46296296296296297 0.042708333333333334 0.04814814814814815
10 0.5028645833333333 0.5236111111111111 0.0390625 0.07314814814814814
10 0.24192708333333332 0.5805555555555556 0.09322916666666667 0.1574074074074074
