10 0.9143518518518519 0.42135416666666664 0.1712962962962963 0.209375
17 0.6152777777777778 0.2877604166666667 0.1287037037037037 0.0796875
17 0.4078703703703704 0.28046875 0.10648148148148148 0.07447916666666667
9 0.23842592592592593 0.24973958333333332 0.023148148148148147 0.013020833333333334
5 0.19583333333333333 0.2484375 0.019444444444444445 0.008333333333333333
10 0.1587962962962963 0.25338541666666664 0.017592592592592594 0.022395833333333334
10 0.11203703703703703 0.2484375 0.012962962962962963 0.0125
10 0.17314814814814813 0.25052083333333336 0.011111111111111112 0.013541666666666667
10 0.07962962962962963 0.24947916666666667 0.014814814814814815 0.020833333333333332
15 0.058333333333333334 0.24765625 0.02962962962962963 0.0171875
