5 0.12546296296296297 0.53125 0.2064814814814815 0.08125
15 0.28703703703703703 0.5088541666666667 0.07592592592592592 0.042708333333333334
5 0.39351851851851855 0.51953125 0.08518518518518518 0.043229166666666666
15 0.5125 0.5236979166666667 0.14907407407407408 0.06927083333333334
18 0.6259259259259259 0.5020833333333333 0.08518518518518518 0.06770833333333333
15 0.7157407407407408 0.521875 0.1037037037037037 0.05416666666666667
9 0.8833333333333333 0.5236979166666667 0.1111111111111111 0.06927083333333334
13 0.9643518518518519 0.5223958333333333 0.05648148148148148 0.05
5 0.7842592592592592 0.5203125 0.03888888888888889 0.03229166666666667
17 0.33425925925925926 0.5088541666666667 0.037037037037037035 0.019791666666666666
