17 0.698486328125 0.6775173611111112 0.02197265625 0.0642361111111111
13 0.7279052734375 0.6618923611111112 0.029052734375 0.042534722222222224
5 0.21826171875 0.7254774305555556 0.12060546875 0.14453125
3 0.40869140625 0.6983506944444444 0.015625 0.14322916666666666
13 0.445068359375 0.6942274305555556 0.05615234375 0.1662326388888889
4 0.3878173828125 0.6525607638888888 0.027099609375 0.10286458333333333
13 0.3485107421875 0.6961805555555556 0.049072265625 0.1736111111111111
13 0.324951171875 0.6790364583333334 0.013671875 0.07161458333333333
13 0.3079833984375 0.6799045138888888 0.013427734375 0.06380208333333333
5 0.5479736328125 0.6924913194444444 0.068115234375 0.09331597222222222
15 0.50048828125 0.6731770833333334 0.0244140625 0.06076388888888889
