4 0.35130208333333335 0.4597222222222222 0.1140625 0.23055555555555557
4 0.6231770833333333 0.47453703703703703 0.1828125 0.23425925925925925
5 0.8763020833333334 0.7893518518518519 0.13489583333333333 0.19907407407407407
9 0.7380208333333333 0.736574074074074 0.10520833333333333 0.22870370370370371
5 0.9341145833333333 0.7106481481481481 0.13177083333333334 0.16203703703703703
5 0.8786458333333333 0.5689814814814815 0.103125 0.13240740740740742
17 0.40182291666666664 0.7305555555555555 0.0765625 0.19814814814814816
15 0.5299479166666666 0.8226851851851852 0.1390625 0.23425925925925925
17 0.6479166666666667 0.8356481481481481 0.11145833333333334 0.23055555555555557
10 0.515625 0.5921296296296297 0.03854166666666667 0.125
5 0.8171875 0.6578703703703703 0.09895833333333333 0.15462962962962962
17 0.18411458333333333 0.8796296296296297 0.0828125 0.19074074074074074
17 0.14895833333333333 0.9472222222222222 0.10625 0.10555555555555556
5 0.7604166666666666 0.5805555555555556 0.10520833333333333 0.09074074074074075
5 0.9518229166666666 0.899074074074074 0.09635416666666667 0.19444444444444445
5 0.6015625 0.6805555555555556 0.11875 0.14444444444444443
5 0.6479166666666667 0.5888888888888889 0.10104166666666667 0.10740740740740741
5 0.43828125 0.5851851851851851 0.07552083333333333 0.12962962962962962
19 0.09140625 0.7759259259259259 0.17552083333333332 0.21296296296296297
17 0.27369791666666665 0.6587962962962963 0.06614583333333333 0.15648148148148147
17 0.3265625 0.575 0.05416666666666667 0.10740740740740741
