10 0.35833333333333334 0.5314814814814814 0.171875 0.34074074074074073
13 0.6395833333333333 0.49166666666666664 0.16458333333333333 0.34444444444444444
13 0.859375 0.4652777777777778 0.11145833333333334 0.2564814814814815
13 0.9348958333333334 0.49444444444444446 0.10520833333333333 0.26666666666666666
5 0.3416666666666667 0.4064814814814815 0.2625 0.2074074074074074
9 0.5283854166666667 0.41064814814814815 0.23177083333333334 0.24537037037037038
9 0.7799479166666666 0.41712962962962963 0.18177083333333333 0.262037037037037
17 0.92578125 0.3476851851851852 0.08072916666666667 0.05648148148148148
10 0.253125 0.31203703703703706 0.04895833333333333 0.06481481481481481
13 0.8890625 0.3212962962962963 0.029166666666666667 0.046296296296296294
5 0.9763020833333333 0.325 0.03177083333333333 0.05
5 0.12369791666666667 0.5083333333333333 0.24635416666666668 0.29074074074074074
