5 0.8925925925925926 0.5294270833333333 0.21296296296296297 0.17760416666666667
9 0.7296296296296296 0.47265625 0.11296296296296296 0.06614583333333333
5 0.6 0.4861979166666667 0.1111111111111111 0.058854166666666666
5 0.225 0.48411458333333335 0.1388888888888889 0.0609375
17 0.024537037037037038 0.4817708333333333 0.04722222222222222 0.07083333333333333
13 0.10231481481481482 0.4703125 0.04722222222222222 0.041666666666666664
5 0.3763888888888889 0.4669270833333333 0.03425925925925926 0.0171875
17 0.3106481481481482 0.4671875 0.019444444444444445 0.026041666666666668
17 0.2916666666666667 0.46848958333333335 0.03333333333333333 0.027604166666666666
5 0.4625 0.46875 0.05092592592592592 0.025
18 0.524074074074074 0.4395833333333333 0.08333333333333333 0.027083333333333334
15 0.524074074074074 0.47369791666666666 0.037037037037037035 0.043229166666666666
