15 0.6505126953125 0.6931423611111112 0.176025390625 0.16666666666666666
15 0.4718017578125 0.6655815972222222 0.100341796875 0.12369791666666667
5 0.5343017578125 0.6597222222222222 0.026611328125 0.06597222222222222
10 0.7650146484375 0.6907552083333334 0.052978515625 0.12630208333333334
10 0.28662109375 0.6786024305555556 0.07275390625 0.0681423611111111
3 0.134765625 0.7369791666666666 0.09423828125 0.0859375
13 0.010009765625 0.6703559027777778 0.01904296875 0.04904513888888889
13 0.0341796875 0.6636284722222222 0.01171875 0.043402777777777776
17 0.05126953125 0.6569010416666666 0.0205078125 0.024739583333333332
10 0.170654296875 0.6486545138888888 0.00537109375 0.020399305555555556
17 0.1632080078125 0.6462673611111112 0.004638671875 0.013888888888888888
5 0.9205322265625 0.6768663194444444 0.158935546875 0.16536458333333334
