17 0.7190104166666667 0.3398148148148148 0.03802083333333333 0.08703703703703704
17 0.584375 0.2935185185185185 0.03333333333333333 0.07407407407407407
17 0.5567708333333333 0.24861111111111112 0.028125 0.06574074074074074
17 0.3932291666666667 0.33055555555555555 0.04895833333333333 0.07962962962962963
13 0.37526041666666665 0.37962962962962965 0.0359375 0.09444444444444444
4 0.13671875 0.5574074074074075 0.2046875 0.3814814814814815
4 0.09427083333333333 0.44027777777777777 0.1875 0.3101851851851852
4 0.4864583333333333 0.2601851851851852 0.103125 0.13148148148148148
4 0.4466145833333333 0.22314814814814815 0.0765625 0.12037037037037036
4 0.57734375 0.17175925925925925 0.033854166666666664 0.0824074074074074
4 0.5638020833333334 0.10787037037037037 0.021354166666666667 0.049074074074074076
4 0.496875 0.17592592592592593 0.08333333333333333 0.06481481481481481
5 0.6239583333333333 0.25277777777777777 0.030208333333333334 0.05
5 0.6231770833333333 0.2074074074074074 0.027604166666666666 0.03888888888888889
16 0.7455729166666667 0.25833333333333336 0.033854166666666664 0.06481481481481481
7 0.8065104166666667 0.19444444444444445 0.028645833333333332 0.05740740740740741
4 0.7002604166666667 0.18611111111111112 0.04114583333333333 0.09259259259259259
13 0.9791666666666666 0.36018518518518516 0.036458333333333336 0.09259259259259259
13 0.9109375 0.5634259259259259 0.059375 0.16203703703703703
13 0.8674479166666667 0.4601851851851852 0.04010416666666667 0.12222222222222222
13 0.9731770833333333 0.5773148148148148 0.05364583333333333 0.1675925925925926
20 0.9682291666666667 0.4935185185185185 0.06354166666666666 0.11666666666666667
13 0.78359375 0.27314814814814814 0.025520833333333333 0.07222222222222222
13 0.82890625 0.274537037037037 0.027604166666666666 0.06944444444444445
