13 0.1953125 0.8583333333333333 0.209375 0.2833333333333333
13 0.35885416666666664 0.23564814814814813 0.08229166666666667 0.1638888888888889
4 0.8700520833333333 0.18935185185185185 0.13072916666666667 0.17685185185185184
4 0.5997395833333333 0.32592592592592595 0.2765625 0.2814814814814815
13 0.5171875 0.6907407407407408 0.14166666666666666 0.2740740740740741
13 0.37005208333333334 0.6833333333333333 0.16197916666666667 0.3388888888888889
4 0.87265625 0.06759259259259259 0.06822916666666666 0.07037037037037037
4 0.4088541666666667 0.17037037037037037 0.190625 0.2037037037037037
13 0.08151041666666667 0.3148148148148148 0.09427083333333333 0.1685185185185185
20 0.2559895833333333 0.22175925925925927 0.07760416666666667 0.15092592592592594
13 0.6322916666666667 0.513425925925926 0.103125 0.2212962962962963
17 0.8833333333333333 0.425 0.14270833333333333 0.09444444444444444
13 0.7221354166666667 0.46111111111111114 0.07864583333333333 0.1925925925925926
13 0.7786458333333334 0.4212962962962963 0.035416666666666666 0.18518518518518517
13 0.90234375 0.611574074074074 0.07864583333333333 0.262037037037037
13 0.81875 0.7203703703703703 0.09791666666666667 0.2
13 0.5830729166666667 0.8939814814814815 0.12447916666666667 0.21203703703703702
13 0.42604166666666665 0.9101851851851852 0.203125 0.17592592592592593
13 0.67265625 0.7175925925925926 0.18802083333333333 0.17592592592592593
13 0.4752604166666667 0.5203703703703704 0.09114583333333333 0.17962962962962964
13 0.34817708333333336 0.6 0.14739583333333334 0.29259259259259257
13 0.12890625 0.24768518518518517 0.06614583333333333 0.14351851851851852
13 0.8190104166666666 0.08564814814814815 0.022395833333333334 0.04537037037037037
13 0.9854166666666667 0.2361111111111111 0.029166666666666667 0.05555555555555555
13 0.9580729166666667 0.2212962962962963 0.0296875 0.05740740740740741
4 0.940625 0.13425925925925927 0.11875 0.13148148148148148
13 0.5390625 0.5180555555555556 0.12083333333333333 0.1175925925925926
13 0.7963541666666667 0.38287037037037036 0.05520833333333333 0.1638888888888889
13 0.9677083333333333 0.48009259259259257 0.05 0.09907407407407408
