10 0.17161458333333332 0.8583333333333333 0.15989583333333332 0.2833333333333333
10 0.6325520833333333 0.7935185185185185 0.0421875 0.1962962962962963
13 0.66015625 0.7435185185185185 0.028645833333333332 0.07407407407407407
10 0.6979166666666666 0.7652777777777777 0.027083333333333334 0.1175925925925926
5 0.7255208333333333 0.7333333333333333 0.028125 0.03333333333333333
3 0.7518229166666667 0.7291666666666666 0.009895833333333333 0.041666666666666664
17 0.8528645833333334 0.7398148148148148 0.05364583333333333 0.11851851851851852
10 0.8223958333333333 0.7217592592592592 0.009375 0.04722222222222222
17 0.878125 0.7171296296296297 0.011458333333333333 0.04722222222222222
11 0.8950520833333333 0.7037037037037037 0.013020833333333334 0.024074074074074074
