10 0.38796296296296295 0.36614583333333334 0.12037037037037036 0.13020833333333334
17 0.25925925925925924 0.3143229166666667 0.04259259259259259 0.0328125
10 0.1699074074074074 0.32838541666666665 0.03611111111111111 0.030729166666666665
17 0.19490740740740742 0.3125 0.017592592592592594 0.029166666666666667
13 0.013888888888888888 0.37135416666666665 0.025925925925925925 0.18958333333333333
5 0.15 0.30390625 0.020370370370370372 0.008854166666666666
10 0.07777777777777778 0.30494791666666665 0.009259259259259259 0.013020833333333334
10 0.08888888888888889 0.30364583333333334 0.007407407407407408 0.010416666666666666
4 0.1087962962962963 0.3 0.01574074074074074 0.0125
15 0.037037037037037035 0.3078125 0.018518518518518517 0.019791666666666666
