7 0.49029126213592233 0.6830645161290323 0.07659115426105717 0.08548387096774193
17 0.5652642934196332 0.8629032258064516 0.06040992448759439 0.07419354838709677
17 0.5285868392664509 0.9008064516129032 0.06472491909385113 0.06612903225806452
17 0.6067961165048543 0.8298387096774194 0.05501618122977346 0.06935483870967742
11 0.2998921251348436 0.6661290322580645 0.07551240560949299 0.07096774193548387
17 0.1488673139158576 0.8298387096774194 0.06256742179072276 0.07258064516129033
17 0.09546925566343042 0.8903225806451613 0.07659115426105717 0.07096774193548387
17 0.15156418554476808 0.9048387096774193 0.06796116504854369 0.07419354838709677
17 0.6208198489751888 0.5935483870967742 0.04638619201725998 0.05806451612903226
17 0.6623516720604099 0.6209677419354839 0.04746494066882417 0.054838709677419356
17 0.5782092772384034 0.6403225806451613 0.04962243797195254 0.054838709677419356
17 0.6650485436893204 0.675 0.05070118662351672 0.056451612903225805
17 0.6289104638619202 0.7201612903225807 0.05177993527508091 0.056451612903225805
17 0.6941747572815534 0.7088709677419355 0.05285868392664509 0.0532258064516129
17 0.7206040992448759 0.6629032258064517 0.05393743257820928 0.06129032258064516
19 0.8166127292340885 0.6290322580645161 0.0668824163969795 0.0967741935483871
17 0.4854368932038835 0.7669354838709678 0.05825242718446602 0.06612903225806452
13 0.3063646170442287 0.8548387096774194 0.05393743257820928 0.06774193548387097
5 0.41316073354908306 0.6685483870967742 0.08629989212513485 0.07580645161290323
9 0.40614886731391586 0.7403225806451613 0.09385113268608414 0.08387096774193549
5 0.39212513484358147 0.8153225806451613 0.09600862998921252 0.08548387096774193
17 0.27993527508090615 0.5362903225806451 0.037756202804746494 0.05967741935483871
17 0.07173678532901834 0.532258064516129 0.05501618122977346 0.05806451612903226
17 0.9298813376483279 0.5887096774193549 0.043149946062567425 0.06451612903225806
5 0.9503775620280475 0.6717741935483871 0.05177993527508091 0.11451612903225807
17 0.6957928802588996 0.5790322580645161 0.043149946062567425 0.054838709677419356
17 0.7179072276159655 0.535483870967742 0.03559870550161812 0.05161290322580645
17 0.7529665587918015 0.5209677419354839 0.036677454153182305 0.06451612903225806
17 0.7276159654800431 0.48870967741935484 0.03559870550161812 0.04838709677419355
17 0.7664509169363538 0.4717741935483871 0.02912621359223301 0.0532258064516129
17 0.825782092772384 0.5008064516129033 0.03128371089536138 0.06290322580645161
19 0.7028047464940669 0.7846774193548387 0.104638619201726 0.11451612903225807
11 0.3338727076591154 0.19032258064516128 0.04638619201725998 0.06129032258064516
5 0.9336569579288025 0.8 0.06580366774541532 0.14516129032258066
17 0.7642934196332255 0.635483870967742 0.04422869471413161 0.06774193548387097
17 0.8230852211434736 0.5596774193548387 0.038834951456310676 0.05806451612903226
5 0.6526429341963322 0.5451612903225806 0.06903991370010787 0.06129032258064516
15 0.5339805825242718 0.6137096774193549 0.08845738942826321 0.07580645161290323
5 0.5507011866235167 0.7129032258064516 0.08522114347357065 0.08064516129032258
15 0.7783171521035599 0.7233870967741935 0.08737864077669903 0.09516129032258064
15 0.8797195253505933 0.45564516129032256 0.042071197411003236 0.08548387096774193
9 0.93042071197411 0.47016129032258064 0.042071197411003236 0.08870967741935484
5 0.32470334412081986 0.5362903225806451 0.040992448759439054 0.08548387096774193
20 0.3149946062567422 0.5846774193548387 0.06040992448759439 0.056451612903225805
5 0.061488673139158574 0.5838709677419355 0.09277238403451996 0.07741935483870968
10 0.2168284789644013 0.8 0.045307443365695796 0.054838709677419356
17 0.8613807982740022 0.3362903225806452 0.039913700107874865 0.0532258064516129
5 0.47680690399137 0.2814516129032258 0.04746494066882417 0.04032258064516129
5 0.3586839266450917 0.4032258064516129 0.03344120819848975 0.06451612903225806
5 0.4023732470334412 0.3548387096774194 0.038834951456310676 0.05806451612903226
5 0.8047464940668824 0.45806451612903226 0.030204962243797196 0.08064516129032258
5 0.7815533980582524 0.40161290322580645 0.04638619201725998 0.06129032258064516
5 0.7389428263214671 0.43790322580645163 0.030204962243797196 0.06935483870967742
9 0.7184466019417476 0.35 0.045307443365695796 0.07096774193548387
15 0.9061488673139159 0.525 0.036677454153182305 0.08870967741935484
4 0.8732470334412082 0.21370967741935484 0.03128371089536138 0.07580645161290323
5 0.6655879180151025 0.27338709677419354 0.05177993527508091 0.05
5 0.7837108953613808 0.307258064516129 0.05501618122977346 0.0532258064516129
5 0.8360302049622438 0.3967741935483871 0.045307443365695796 0.06774193548387097
12 0.22761596548004315 0.43870967741935485 0.040992448759439054 0.08064516129032258
