13 0.7166666666666667 0.5088541666666667 0.05925925925925926 0.05416666666666667
13 0.663425925925926 0.50625 0.03981481481481482 0.036458333333333336
13 0.6189814814814815 0.5044270833333333 0.03611111111111111 0.033854166666666664
5 0.5361111111111111 0.5075520833333333 0.05740740740740741 0.027604166666666666
5 0.5800925925925926 0.50234375 0.03981481481481482 0.028645833333333332
5 0.47638888888888886 0.503125 0.04351851851851852 0.019791666666666666
10 0.36898148148148147 0.50390625 0.019444444444444445 0.027604166666666666
5 0.34305555555555556 0.5020833333333333 0.032407407407407406 0.01875
19 0.20833333333333334 0.5059895833333333 0.08518518518518518 0.043229166666666666
19 0.08333333333333333 0.50625 0.1037037037037037 0.05625
10 0.14212962962962963 0.5072916666666667 0.025 0.03229166666666667
17 0.26157407407407407 0.5044270833333333 0.023148148148148147 0.033854166666666664
