15 0.15755208333333334 0.7046296296296296 0.3140625 0.43703703703703706
10 0.42916666666666664 0.7611111111111111 0.14166666666666666 0.4777777777777778
17 0.37213541666666666 0.5115740740740741 0.0953125 0.15648148148148147
17 0.4778645833333333 0.5050925925925925 0.07552083333333333 0.13240740740740742
10 0.6013020833333333 0.6425925925925926 0.058854166666666666 0.17777777777777778
17 0.5919270833333333 0.46064814814814814 0.03802083333333333 0.05092592592592592
4 0.6971354166666667 0.3972222222222222 0.05364583333333333 0.08518518518518518
4 0.5984375 0.4041666666666667 0.090625 0.08981481481481482
11 0.4786458333333333 0.4449074074074074 0.12604166666666666 0.16944444444444445
5 0.28411458333333334 0.5083333333333333 0.10364583333333334 0.10555555555555556
