10 0.51015625 0.46064814814814814 0.030729166666666665 0.10092592592592593
11 0.6033854166666667 0.42777777777777776 0.0953125 0.07777777777777778
17 0.546875 0.4263888888888889 0.01875 0.058333333333333334
5 0.3260416666666667 0.4337962962962963 0.08020833333333334 0.041666666666666664
17 0.38177083333333334 0.41712962962962963 0.03229166666666667 0.04722222222222222
17 0.42265625 0.41805555555555557 0.0359375 0.04537037037037037
10 0.4671875 0.4263888888888889 0.01875 0.028703703703703703
3 0.7450520833333333 0.46064814814814814 0.03177083333333333 0.05648148148148148
17 0.7166666666666667 0.42453703703703705 0.027083333333333334 0.05648148148148148
17 0.76640625 0.42268518518518516 0.022395833333333334 0.049074074074074076
16 0.9690104166666667 0.48703703703703705 0.059895833333333336 0.07962962962962963
13 0.8424479166666666 0.5347222222222222 0.23802083333333332 0.33611111111111114
13 0.9916666666666667 0.4111111111111111 0.016666666666666666 0.05
17 0.6604166666666667 0.4236111111111111 0.01875 0.05277777777777778
