4 0.4107594936708861 0.7002212389380531 0.3329113924050633 0.5243362831858407
4 0.14113924050632912 0.5276548672566371 0.2620253164556962 0.4269911504424779
4 0.5455696202531646 0.4579646017699115 0.1848101265822785 0.672566371681416
4 0.7386075949367089 0.38827433628318586 0.17088607594936708 0.4446902654867257
4 0.37278481012658227 0.3230088495575221 0.16329113924050634 0.2610619469026549
4 0.2607594936708861 0.17920353982300885 0.3518987341772152 0.18141592920353983
17 0.9651898734177216 0.7201327433628318 0.06962025316455696 0.10398230088495575
17 0.970253164556962 0.8838495575221239 0.056962025316455694 0.2323008849557522
10 0.8012658227848102 0.0586283185840708 0.02278481012658228 0.07300884955752213
13 0.85 0.05420353982300885 0.02911392405063291 0.07300884955752213
13 0.8746835443037975 0.048672566371681415 0.027848101265822784 0.0752212389380531
