17 0.390625 0.5717592592592593 0.075 0.15092592592592594
17 0.4348958333333333 0.5171296296296296 0.036458333333333336 0.05648148148148148
5 0.4979166666666667 0.525 0.08958333333333333 0.05925925925925926
17 0.5630208333333333 0.5032407407407408 0.0375 0.05462962962962963
3 0.5984375 0.5189814814814815 0.03229166666666667 0.032407407407407406
17 0.3111979166666667 0.5319444444444444 0.0515625 0.062037037037037036
10 0.25078125 0.5550925925925926 0.044270833333333336 0.04537037037037037
13 0.1765625 0.5537037037037037 0.041666666666666664 0.08333333333333333
13 0.10260416666666666 0.549537037037037 0.030208333333333334 0.06018518518518518
17 0.016145833333333335 0.5541666666666667 0.03125 0.049074074074074076
10 0.045572916666666664 0.5625 0.028645833333333332 0.026851851851851852
5 0.6497395833333334 0.5064814814814815 0.0671875 0.06296296296296296
13 0.7052083333333333 0.4837962962962963 0.027083333333333334 0.04351851851851852
13 0.7231770833333333 0.48148148148148145 0.021354166666666667 0.046296296296296294
17 0.89296875 0.6842592592592592 0.20572916666666666 0.587037037037037
4 0.26614583333333336 0.5055555555555555 0.03229166666666667 0.08518518518518518
