13 0.20572916666666666 0.5625 0.14166666666666666 0.16018518518518518
20 0.6893229166666667 0.5236111111111111 0.0453125 0.03981481481481482
13 0.4822916666666667 0.49537037037037035 0.028125 0.037037037037037035
13 0.3963541666666667 0.4962962962962963 0.030208333333333334 0.03888888888888889
17 0.4395833333333333 0.49675925925925923 0.03229166666666667 0.03611111111111111
17 0.7994791666666666 0.5013888888888889 0.040625 0.062037037037037036
17 0.7661458333333333 0.49953703703703706 0.029166666666666667 0.05277777777777778
17 0.8661458333333333 0.49675925925925923 0.052083333333333336 0.05462962962962963
17 0.9677083333333333 0.49722222222222223 0.05625 0.05740740740740741
10 0.9276041666666667 0.513425925925926 0.04479166666666667 0.03981481481481482
