5 0.8682291666666667 0.4388888888888889 0.25416666666666665 0.18518518518518517
17 0.7880208333333333 0.3662037037037037 0.041666666666666664 0.05648148148148148
17 0.7390625 0.3699074074074074 0.04895833333333333 0.06574074074074074
17 0.61953125 0.375 0.0484375 0.053703703703703705
11 0.5208333333333334 0.40324074074074073 0.057291666666666664 0.08796296296296297
5 0.45 0.43194444444444446 0.078125 0.09166666666666666
15 0.375 0.4023148148148148 0.07604166666666666 0.06018518518518518
11 0.28932291666666665 0.3962962962962963 0.07760416666666667 0.05740740740740741
13 0.23072916666666668 0.38564814814814813 0.017708333333333333 0.03611111111111111
5 0.10963541666666667 0.49537037037037035 0.21822916666666667 0.16296296296296298
13 0.95859375 0.34120370370370373 0.030729166666666665 0.03981481481481482
13 0.97578125 0.3388888888888889 0.022395833333333334 0.044444444444444446
3 0.6744791666666666 0.5879629629629629 0.09479166666666666 0.2537037037037037
