4 0.34296875 0.26990740740740743 0.3223958333333333 0.4935185185185185
3 0.91015625 0.725925925925926 0.17864583333333334 0.5481481481481482
13 0.5604166666666667 0.35509259259259257 0.1 0.2324074074074074
13 0.8578125 0.4689814814814815 0.2 0.41203703703703703
9 0.0359375 0.25277777777777777 0.07083333333333333 0.12222222222222222
11 0.15 0.225 0.051041666666666666 0.11666666666666667
13 0.6447916666666667 0.2439814814814815 0.029166666666666667 0.075
13 0.9609375 0.4166666666666667 0.078125 0.26666666666666666
5 0.07291666666666667 0.23287037037037037 0.03125 0.05648148148148148
13 0.5684895833333333 0.23194444444444445 0.030729166666666665 0.05092592592592592
13 0.60078125 0.22824074074074074 0.027604166666666666 0.04351851851851852
13 0.60703125 0.3375 0.07864583333333333 0.19166666666666668
13 0.7984375 0.2439814814814815 0.03854166666666667 0.05277777777777778
13 0.6731770833333334 0.225 0.019270833333333334 0.02962962962962963
13 0.7442708333333333 0.3106481481481482 0.042708333333333334 0.14166666666666666
