19 0.12222222222222222 0.5442708333333334 0.08888888888888889 0.04479166666666667
19 0.2101851851851852 0.5424479166666667 0.07222222222222222 0.03697916666666667
17 0.26342592592592595 0.5395833333333333 0.041666666666666664 0.026041666666666668
10 0.4759259259259259 0.5375 0.022222222222222223 0.021875
5 0.36898148148148147 0.5341145833333333 0.03611111111111111 0.011979166666666667
5 0.5962962962962963 0.5401041666666667 0.05185185185185185 0.020833333333333332
5 0.5277777777777778 0.5377604166666666 0.044444444444444446 0.016145833333333335
5 0.5592592592592592 0.5364583333333334 0.022222222222222223 0.011458333333333333
9 0.6537037037037037 0.5359375 0.046296296296296294 0.028125
13 0.6902777777777778 0.5432291666666667 0.03425925925925926 0.042708333333333334
13 0.7273148148148149 0.54296875 0.03981481481481482 0.044270833333333336
5 0.32916666666666666 0.5372395833333333 0.03611111111111111 0.0140625
