4 0.5567708333333333 0.3675925925925926 0.15625 0.26296296296296295
4 0.21276041666666667 0.6407407407407407 0.3255208333333333 0.3888888888888889
17 0.4890625 0.5634259259259259 0.07395833333333333 0.14351851851851852
17 0.3377604166666667 0.8439814814814814 0.13489583333333333 0.23981481481481481
17 0.36432291666666666 0.711574074074074 0.11614583333333334 0.14907407407407408
17 0.5955729166666667 0.5625 0.07864583333333333 0.13055555555555556
5 0.85859375 0.49722222222222223 0.06927083333333334 0.11666666666666667
5 0.9466145833333334 0.5226851851851851 0.07135416666666666 0.13425925925925927
5 0.9205729166666666 0.9074074074074074 0.15885416666666666 0.17777777777777778
17 0.6942708333333333 0.37546296296296294 0.03854166666666667 0.06574074074074074
11 0.6986979166666667 0.4828703703703704 0.07239583333333334 0.14907407407407408
15 0.08177083333333333 0.425 0.10208333333333333 0.09444444444444444
4 0.73828125 0.3013888888888889 0.0734375 0.10092592592592593
10 0.8015625 0.30972222222222223 0.014583333333333334 0.049074074074074076
