17 0.4153645833333333 0.4398148148148148 0.03697916666666667 0.06481481481481481
17 0.5072916666666667 0.41574074074074074 0.053125 0.053703703703703705
17 0.5989583333333334 0.4013888888888889 0.051041666666666666 0.05277777777777778
13 0.16953125 0.47314814814814815 0.03177083333333333 0.05185185185185185
17 0.08984375 0.4740740740740741 0.033854166666666664 0.03148148148148148
17 0.6736979166666667 0.3907407407407407 0.04635416666666667 0.05555555555555555
13 0.85 0.5958333333333333 0.29270833333333335 0.8083333333333333
17 0.446875 0.42777777777777776 0.028125 0.05185185185185185
10 0.3690104166666667 0.45694444444444443 0.043229166666666666 0.030555555555555555
10 0.2520833333333333 0.45925925925925926 0.017708333333333333 0.025925925925925925
17 0.20885416666666667 0.4537037037037037 0.020833333333333332 0.02962962962962963
13 0.041666666666666664 0.4847222222222222 0.03854166666666667 0.05462962962962963
13 0.12760416666666666 0.46944444444444444 0.019791666666666666 0.04259259259259259
