5 0.33151041666666664 0.5342592592592592 0.23489583333333333 0.18518518518518517
5 0.22864583333333333 0.4388888888888889 0.134375 0.1
9 0.37005208333333334 0.4148148148148148 0.10885416666666667 0.08703703703703704
17 0.4375 0.425462962962963 0.052083333333333336 0.08425925925925926
17 0.5598958333333334 0.4115740740740741 0.05 0.04537037037037037
6 0.65390625 0.5425925925925926 0.08072916666666667 0.21666666666666667
20 0.753125 0.5277777777777778 0.10104166666666667 0.17222222222222222
5 0.5614583333333333 0.5041666666666667 0.10208333333333333 0.1361111111111111
17 0.8921875 0.6995370370370371 0.21041666666666667 0.45092592592592595
4 0.9052083333333333 0.4166666666666667 0.10104166666666667 0.09074074074074075
5 0.8479166666666667 0.4263888888888889 0.03125 0.03796296296296296
9 0.6856770833333333 0.44814814814814813 0.0953125 0.07407407407407407
