5 0.8671875 0.5064814814814815 0.11770833333333333 0.17037037037037037
17 0.8322916666666667 0.43148148148148147 0.075 0.08703703703703704
10 0.7151041666666667 0.449537037037037 0.030208333333333334 0.09537037037037037
10 0.6309895833333333 0.4388888888888889 0.022395833333333334 0.07777777777777778
17 0.76953125 0.41203703703703703 0.044270833333333336 0.053703703703703705
17 0.8924479166666667 0.40879629629629627 0.043229166666666666 0.05462962962962963
17 0.5807291666666666 0.4101851851851852 0.03125 0.040740740740740744
5 0.35494791666666664 0.5189814814814815 0.24114583333333334 0.2064814814814815
5 0.14348958333333334 0.5787037037037037 0.2859375 0.30185185185185187
13 0.49557291666666664 0.4222222222222222 0.03802083333333333 0.05
17 0.46458333333333335 0.4152777777777778 0.023958333333333335 0.03611111111111111
17 0.4356770833333333 0.41435185185185186 0.024479166666666666 0.03425925925925926
17 0.7296875 0.41574074074074074 0.019791666666666666 0.05925925925925926
