17 0.35730820105820105 0.6046626984126984 0.28935185185185186 0.2316468253968254
17 0.18386243386243387 0.5205853174603174 0.09457671957671958 0.07837301587301587
10 0.024305555555555556 0.5327380952380952 0.04332010582010582 0.044642857142857144
5 0.09821428571428571 0.49962797619047616 0.05291005291005291 0.03447420634920635
19 0.8032407407407407 0.5442708333333334 0.32936507936507936 0.11731150793650794
15 0.44543650793650796 0.4962797619047619 0.06415343915343916 0.028769841269841268
4 0.2673611111111111 0.4800347222222222 0.05191798941798942 0.021577380952380952
4 0.31398809523809523 0.48115079365079366 0.04133597883597884 0.010416666666666666
10 0.13194444444444445 0.4949156746031746 0.017195767195767195 0.013640873015873016
17 0.047784391534391533 0.5023561507936508 0.026124338624338623 0.045882936507936505
10 0.07060185185185185 0.48449900793650796 0.008267195767195767 0.007192460317460317
