3 0.4083333333333333 0.8162037037037037 0.21041666666666667 0.3101851851851852
17 0.4354166666666667 0.6 0.18854166666666666 0.27037037037037037
3 0.6427083333333333 0.5953703703703703 0.10104166666666667 0.26481481481481484
3 0.7377604166666667 0.5898148148148148 0.07239583333333334 0.2796296296296296
17 0.6497395833333334 0.49907407407407406 0.07447916666666667 0.11296296296296296
9 0.5666666666666667 0.47824074074074074 0.09166666666666666 0.14722222222222223
9 0.24088541666666666 0.5763888888888888 0.32447916666666665 0.3138888888888889
11 0.38671875 0.44074074074074077 0.17760416666666667 0.12037037037037036
5 0.9736979166666667 0.4828703703703704 0.05260416666666667 0.07685185185185185
17 0.8276041666666667 0.48518518518518516 0.05416666666666667 0.08888888888888889
10 0.04088541666666667 0.4962962962962963 0.07760416666666667 0.10740740740740741
3 0.12239583333333333 0.4689814814814815 0.051041666666666666 0.05648148148148148
10 0.20572916666666666 0.46805555555555556 0.052083333333333336 0.08055555555555556
3 0.06744791666666666 0.7800925925925926 0.1265625 0.4027777777777778
3 0.7846354166666667 0.5370370370370371 0.0421875 0.15925925925925927
