17 0.6208333333333333 0.28935185185185186 0.2760416666666667 0.4935185185185185
5 0.13411458333333334 0.45416666666666666 0.2640625 0.5879629629629629
10 0.12239583333333333 0.05787037037037037 0.042708333333333334 0.11018518518518519
3 0.05 0.0787037037037037 0.09375 0.08703703703703704
5 0.196875 0.059722222222222225 0.09583333333333334 0.1175925925925926
10 0.9033854166666667 0.4986111111111111 0.19322916666666667 0.4898148148148148
15 0.8583333333333333 0.13425925925925927 0.15625 0.2537037037037037
5 0.55546875 0.030555555555555555 0.058854166666666666 0.05555555555555555
5 0.6231770833333333 0.02638888888888889 0.07239583333333334 0.05092592592592592
15 0.44635416666666666 0.055092592592592596 0.15729166666666666 0.10833333333333334
