5 0.5687830687830688 0.6567460317460317 0.3897707231040564 0.1388888888888889
17 0.40321869488536155 0.5502645502645502 0.06922398589065255 0.06812169312169312
15 0.7868165784832452 0.5732473544973545 0.23589065255731922 0.08300264550264551
5 0.33664021164021163 0.5340608465608465 0.06569664902998236 0.03835978835978836
10 0.2907848324514991 0.5803571428571429 0.056878306878306875 0.05291005291005291
17 0.195326278659612 0.5319113756613757 0.0564373897707231 0.05125661375661376
5 0.23743386243386244 0.5284391534391535 0.03130511463844797 0.03373015873015873
3 0.125 0.5287698412698413 0.01895943562610229 0.022486772486772486
13 0.11507936507936507 0.5120701058201058 0.01675485008818342 0.021494708994708994
5 0.16247795414462082 0.5152116402116402 0.024250440917107582 0.017195767195767195
10 0.1424162257495591 0.519510582010582 0.015873015873015872 0.011904761904761904
4 0.3350970017636684 0.5051256613756614 0.03527336860670194 0.01488095238095238
15 0.27733686067019403 0.509755291005291 0.014109347442680775 0.010912698412698412
11 0.16071428571428573 0.5031415343915344 0.01984126984126984 0.01025132275132275
