10 0.340625 0.7870370370370371 0.109375 0.2740740740740741
10 0.6291666666666667 0.6851851851851852 0.051041666666666666 0.17592592592592593
10 0.70234375 0.6425925925925926 0.0265625 0.09814814814814815
17 0.8356770833333333 0.6111111111111112 0.04739583333333333 0.1037037037037037
17 0.85859375 0.5884259259259259 0.0140625 0.041666666666666664
11 0.8765625 0.5731481481481482 0.013541666666666667 0.025925925925925925
3 0.734375 0.6185185185185185 0.011458333333333333 0.044444444444444446
10 0.8098958333333334 0.5967592592592592 0.007291666666666667 0.03796296296296296
5 0.68515625 0.6310185185185185 0.008854166666666666 0.03981481481481482
20 0.48723958333333334 0.6995370370370371 0.04114583333333333 0.058333333333333334
