4 0.5619791666666667 0.41712962962962963 0.16041666666666668 0.35648148148148145
13 0.7505208333333333 0.45925925925925926 0.10833333333333334 0.1962962962962963
13 0.903125 0.5314814814814814 0.15625 0.2833333333333333
17 0.9916666666666667 0.41574074074074074 0.016666666666666666 0.09814814814814815
8 0.7682291666666666 0.3592592592592593 0.15416666666666667 0.12037037037037036
17 0.0765625 0.4398148148148148 0.06354166666666666 0.12222222222222222
17 0.06302083333333333 0.4787037037037037 0.05520833333333333 0.17037037037037037
4 0.037760416666666664 0.3425925925925926 0.06927083333333334 0.08703703703703704
4 0.11770833333333333 0.34629629629629627 0.09479166666666666 0.10555555555555556
5 0.20807291666666666 0.36157407407407405 0.018229166666666668 0.04537037037037037
4 0.23125 0.3490740740740741 0.041666666666666664 0.10740740740740741
18 0.384375 0.42268518518518516 0.28125 0.44722222222222224
