10 0.5091145833333334 0.8222222222222222 0.2828125 0.35555555555555557
4 0.8421875 0.5009259259259259 0.3125 0.9981481481481481
13 0.6463541666666667 0.45694444444444443 0.11458333333333333 0.32685185185185184
13 0.4588541666666667 0.36712962962962964 0.090625 0.21203703703703702
9 0.18020833333333333 0.5208333333333334 0.309375 0.5157407407407407
4 0.052083333333333336 0.2337962962962963 0.06354166666666666 0.058333333333333334
13 0.3338541666666667 0.3148148148148148 0.065625 0.0962962962962963
11 0.043229166666666666 0.337037037037037 0.06666666666666667 0.17777777777777778
11 0.33255208333333336 0.3023148148148148 0.08489583333333334 0.08611111111111111
10 0.26015625 0.30833333333333335 0.022395833333333334 0.07592592592592592
15 0.34713541666666664 0.48703703703703705 0.13697916666666668 0.2962962962962963
5 0.23958333333333334 0.36064814814814816 0.10729166666666666 0.1175925925925926
13 0.21614583333333334 0.28379629629629627 0.0375 0.05648148148148148
