20 0.33541666666666664 0.5574074074074075 0.24583333333333332 0.17777777777777778
17 0.63046875 0.45185185185185184 0.1109375 0.2111111111111111
9 0.9111979166666667 0.37824074074074077 0.09635416666666667 0.11388888888888889
17 0.9690104166666667 0.3527777777777778 0.015104166666666667 0.05555555555555555
13 0.5072916666666667 0.42407407407407405 0.08229166666666667 0.13148148148148148
17 0.56875 0.38425925925925924 0.0375 0.05925925925925926
17 0.2453125 0.4125 0.05416666666666667 0.06018518518518518
10 0.14036458333333332 0.44305555555555554 0.0296875 0.0787037037037037
17 0.08125 0.43287037037037035 0.0625 0.06944444444444445
4 0.026302083333333334 0.40185185185185185 0.0515625 0.1111111111111111
