17 0.04609375 0.711574074074074 0.09114583333333333 0.16018518518518518
4 0.078125 0.5375 0.15104166666666666 0.20092592592592592
4 0.8059895833333334 0.3925925925925926 0.22447916666666667 0.1962962962962963
5 0.7026041666666667 0.775 0.15520833333333334 0.15555555555555556
5 0.9533854166666667 0.6712962962962963 0.09322916666666667 0.14074074074074075
9 0.46588541666666666 0.9064814814814814 0.1828125 0.18703703703703703
10 0.4739583333333333 0.5032407407407408 0.052083333333333336 0.04722222222222222
5 0.22317708333333333 0.6527777777777778 0.15989583333333332 0.11666666666666667
5 0.21640625 0.7550925925925925 0.17864583333333334 0.13055555555555556
11 0.6236979166666666 0.5259259259259259 0.1171875 0.14814814814814814
15 0.5856770833333333 0.3925925925925926 0.1171875 0.10185185185185185
5 0.7606770833333333 0.5407407407407407 0.08697916666666666 0.11296296296296296
13 0.3736979166666667 0.45046296296296295 0.07239583333333334 0.08055555555555556
