10 0.5963541666666666 0.7652777777777777 0.21875 0.46944444444444444
15 0.9059895833333333 0.4777777777777778 0.12760416666666666 0.17407407407407408
17 0.05234375 0.5671296296296297 0.10364583333333334 0.2935185185185185
5 0.2752604166666667 0.43333333333333335 0.1296875 0.1037037037037037
9 0.41041666666666665 0.4115740740740741 0.10625 0.11388888888888889
5 0.4546875 0.5087962962962963 0.15208333333333332 0.1712962962962963
15 0.5942708333333333 0.5643518518518519 0.30833333333333335 0.3472222222222222
5 0.77109375 0.5231481481481481 0.0734375 0.1925925925925926
17 0.8296875 0.4462962962962963 0.05416666666666667 0.10740740740740741
5 0.9567708333333333 0.44351851851851853 0.07395833333333333 0.09814814814814815
15 0.7364583333333333 0.4361111111111111 0.103125 0.11666666666666667
