17 0.3338541666666667 0.7268518518518519 0.22708333333333333 0.3351851851851852
10 0.76328125 0.6472222222222223 0.07239583333333334 0.2740740740740741
10 0.7 0.5106481481481482 0.06041666666666667 0.23425925925925925
11 0.49296875 0.3541666666666667 0.13697916666666668 0.4027777777777778
17 0.7658854166666667 0.39675925925925926 0.09010416666666667 0.23055555555555557
17 0.6666666666666666 0.35648148148148145 0.08958333333333333 0.19444444444444445
15 0.6171875 0.12083333333333333 0.09270833333333334 0.15092592592592594
10 0.7252604166666666 0.11805555555555555 0.0296875 0.11574074074074074
17 0.8033854166666666 0.3138888888888889 0.07552083333333333 0.1925925925925926
4 0.9067708333333333 0.6208333333333333 0.18645833333333334 0.7453703703703703
9 0.29739583333333336 0.2569444444444444 0.09479166666666666 0.23796296296296296
5 0.21432291666666667 0.3685185185185185 0.11197916666666667 0.1962962962962963
11 0.09479166666666666 0.11435185185185186 0.06354166666666666 0.14537037037037037
9 0.39505208333333336 0.2912037037037037 0.09635416666666667 0.23796296296296296
5 0.6630208333333333 0.2152777777777778 0.096875 0.1398148148148148
19 0.5098958333333333 0.08333333333333333 0.090625 0.13518518518518519
17 0.6830729166666667 0.11805555555555555 0.06302083333333333 0.11944444444444445
17 0.5947916666666667 0.029166666666666667 0.05416666666666667 0.05462962962962963
17 0.4041666666666667 0.1037037037037037 0.04479166666666667 0.09444444444444444
