10 0.52734375 0.675 0.0703125 0.2111111111111111
10 0.6296875 0.8675925925925926 0.07291666666666667 0.26481481481481484
10 0.721875 0.575925925925926 0.09791666666666667 0.19074074074074074
10 0.7791666666666667 0.5435185185185185 0.09583333333333334 0.18703703703703703
5 0.18854166666666666 0.6180555555555556 0.21354166666666666 0.24166666666666667
5 0.3859375 0.4925925925925926 0.20416666666666666 0.17962962962962964
15 0.215625 0.45092592592592595 0.171875 0.18333333333333332
15 0.06328125 0.3458333333333333 0.12447916666666667 0.125
10 0.2981770833333333 0.38333333333333336 0.059895833333333336 0.08703703703703704
17 0.17135416666666667 0.34675925925925927 0.08854166666666667 0.08796296296296297
