5 0.5041666666666667 0.7449074074074075 0.2552083333333333 0.2638888888888889
5 0.45729166666666665 0.5449074074074074 0.20625 0.22314814814814815
13 0.21380208333333334 0.7467592592592592 0.12552083333333333 0.25277777777777777
15 0.8372395833333334 0.43657407407407406 0.1796875 0.23425925925925925
5 0.6442708333333333 0.3527777777777778 0.18958333333333333 0.21666666666666667
13 0.42421875 0.41805555555555557 0.1109375 0.16574074074074074
10 0.3671875 0.41435185185185186 0.05416666666666667 0.1175925925925926
13 0.88515625 0.09490740740740741 0.0734375 0.16944444444444445
10 0.8080729166666667 0.11342592592592593 0.0515625 0.13240740740740742
13 0.6075520833333333 0.24768518518518517 0.09427083333333333 0.14351851851851852
