13 0.5838541666666667 0.5333333333333333 0.04895833333333333 0.1388888888888889
17 0.64140625 0.49444444444444446 0.027604166666666666 0.05185185185185185
13 0.7033854166666667 0.4824074074074074 0.0234375 0.04259259259259259
13 0.71875 0.47824074074074074 0.020833333333333332 0.04537037037037037
17 0.3703125 0.5365740740740741 0.04479166666666667 0.08055555555555556
17 0.4239583333333333 0.512962962962963 0.030208333333333334 0.05185185185185185
5 0.3190104166666667 0.5342592592592592 0.05677083333333333 0.05740740740740741
10 0.26484375 0.6523148148148148 0.14114583333333333 0.175
5 0.16015625 0.5481481481481482 0.09114583333333333 0.05740740740740741
4 0.057291666666666664 0.5222222222222223 0.09583333333333334 0.09074074074074075
4 0.4986979166666667 0.4847222222222222 0.12135416666666667 0.10833333333333334
