5 0.35989583333333336 0.6560185185185186 0.32395833333333335 0.42314814814814816
9 0.16484375 0.42453703703703705 0.1296875 0.24351851851851852
10 0.28072916666666664 0.4217592592592593 0.053125 0.11388888888888889
13 0.32578125 0.3648148148148148 0.03697916666666667 0.10555555555555556
4 0.6721354166666667 0.4615740740740741 0.6557291666666667 0.9212962962962963
13 0.2591145833333333 0.3263888888888889 0.03697916666666667 0.04722222222222222
13 0.29296875 0.3263888888888889 0.024479166666666666 0.058333333333333334
4 0.13541666666666666 0.2861111111111111 0.042708333333333334 0.03888888888888889
5 0.09114583333333333 0.3282407407407407 0.01875 0.06018518518518518
5 0.22161458333333334 0.37037037037037035 0.049479166666666664 0.07777777777777778
15 0.27734375 0.4013888888888889 0.10364583333333334 0.12129629629629629
4 0.039322916666666666 0.2828703703703704 0.0296875 0.04351851851851852
