5 0.6729166666666667 0.46111111111111114 0.15729166666666666 0.17962962962962964
5 0.33880208333333334 0.46064814814814814 0.24114583333333334 0.14351851851851852
17 0.7950520833333333 0.41898148148148145 0.07447916666666667 0.15462962962962962
20 0.8872395833333333 0.4310185185185185 0.043229166666666666 0.14907407407407408
4 0.9692708333333333 0.3333333333333333 0.06145833333333333 0.07777777777777778
5 0.9651041666666667 0.38287037037037036 0.06979166666666667 0.049074074074074076
5 0.7059895833333333 0.3449074074074074 0.0578125 0.04537037037037037
17 0.44505208333333335 0.34629629629629627 0.0453125 0.08518518518518518
9 0.3807291666666667 0.3388888888888889 0.09791666666666667 0.10740740740740741
5 0.24088541666666666 0.35555555555555557 0.13697916666666668 0.10740740740740741
17 0.5755208333333334 0.34305555555555556 0.052083333333333336 0.06018518518518518
5 0.2421875 0.7490740740740741 0.46041666666666664 0.5018518518518519
6 0.8484375 0.41712962962962963 0.034375 0.14166666666666666
