10 0.5609375 0.6606481481481481 0.20833333333333334 0.22314814814814815
10 0.7263020833333333 0.5467592592592593 0.11302083333333333 0.14537037037037037
10 0.6703125 0.4861111111111111 0.03229166666666667 0.044444444444444446
17 0.8184895833333333 0.42592592592592593 0.0515625 0.06111111111111111
17 0.6369791666666667 0.45601851851851855 0.03333333333333333 0.05648148148148148
17 0.49192708333333335 0.5268518518518519 0.0921875 0.13333333333333333
17 0.4153645833333333 0.4930555555555556 0.044270833333333336 0.04351851851851852
17 0.375 0.4888888888888889 0.023958333333333335 0.03148148148148148
13 0.14557291666666666 0.5995370370370371 0.14739583333333334 0.20277777777777778
13 0.04140625 0.6324074074074074 0.08177083333333333 0.29814814814814816
17 0.9247395833333333 0.4148148148148148 0.0640625 0.06666666666666667
