17 0.8685185185185185 0.24739583333333334 0.21666666666666667 0.11354166666666667
17 0.6351851851851852 0.25885416666666666 0.1925925925925926 0.11041666666666666
13 0.07175925925925926 0.2838541666666667 0.14166666666666666 0.14895833333333333
10 0.21342592592592594 0.2484375 0.03611111111111111 0.04375
10 0.2800925925925926 0.23541666666666666 0.023148148148148147 0.023958333333333335
5 0.3037037037037037 0.23125 0.02962962962962963 0.013541666666666667
9 0.36527777777777776 0.22864583333333333 0.03981481481481482 0.020833333333333332
10 0.16620370370370371 0.23958333333333334 0.019444444444444445 0.021875
9 0.23842592592592593 0.22916666666666666 0.01574074074074074 0.010416666666666666
15 0.1175925925925926 0.23723958333333334 0.025925925925925925 0.013020833333333334
