13 0.5052083333333334 0.7129629629629629 0.3125 0.5518518518518518
13 0.17682291666666666 0.6861111111111111 0.35260416666666666 0.6240740740740741
17 0.3958333333333333 0.49074074074074076 0.16979166666666667 0.2851851851851852
11 0.5432291666666667 0.4111111111111111 0.19583333333333333 0.18703703703703703
8 0.63125 0.2972222222222222 0.22291666666666668 0.10740740740740741
15 0.7263020833333333 0.42592592592592593 0.12552083333333333 0.18518518518518517
11 0.8372395833333334 0.36435185185185187 0.0984375 0.22870370370370371
4 0.9138020833333333 0.34444444444444444 0.06302083333333333 0.17037037037037037
11 0.9815104166666667 0.3675925925925926 0.03697916666666667 0.09259259259259259
19 0.9809895833333333 0.4476851851851852 0.03802083333333333 0.075
4 0.75 0.3101851851851852 0.035416666666666666 0.08333333333333333
5 0.06276041666666667 0.375 0.03802083333333333 0.0962962962962963
