15 0.78125 0.7608506944444444 0.296875 0.1970486111111111
17 0.6187744140625 0.6651475694444444 0.037353515625 0.10980902777777778
15 0.5067138671875 0.6746961805555556 0.133544921875 0.15928819444444445
19 0.1087646484375 0.6631944444444444 0.042724609375 0.059895833333333336
10 0.27880859375 0.6848958333333334 0.076171875 0.0685763888888889
5 0.079833984375 0.7144097222222222 0.07666015625 0.10850694444444445
3 0.041748046875 0.7638888888888888 0.06591796875 0.08940972222222222
13 0.0830078125 0.6540798611111112 0.0087890625 0.017361111111111112
13 0.13330078125 0.65625 0.00732421875 0.024305555555555556
13 0.1387939453125 0.6538628472222222 0.004638671875 0.01953125
17 0.15771484375 0.6514756944444444 0.00537109375 0.013888888888888888
10 0.165771484375 0.65625 0.00537109375 0.013888888888888888
