17 0.5911458333333334 0.625 0.06875 0.08333333333333333
17 0.4546875 0.6550925925925926 0.026041666666666668 0.09351851851851851
5 0.40260416666666665 0.6907407407407408 0.07083333333333333 0.07777777777777778
10 0.24765625 0.7018518518518518 0.025520833333333333 0.0962962962962963
5 0.22291666666666668 0.6972222222222222 0.025 0.05925925925925926
17 0.29140625 0.6708333333333333 0.018229166666666668 0.03981481481481482
17 0.31354166666666666 0.6685185185185185 0.01875 0.046296296296296294
17 0.26848958333333334 0.6759259259259259 0.015104166666666667 0.04814814814814815
13 0.2786458333333333 0.6708333333333333 0.00625 0.032407407407407406
0 0.08411458333333334 0.7175925925925926 0.049479166666666664 0.07407407407407407
10 0.11510416666666666 0.7129629629629629 0.011458333333333333 0.05185185185185185
4 0.030208333333333334 0.7157407407407408 0.059375 0.10925925925925926
4 0.39348958333333334 0.5972222222222222 0.0734375 0.05925925925925926
