4 0.24453125 0.5120370370370371 0.39739583333333334 0.46111111111111114
13 0.03697916666666667 0.6648148148148149 0.07291666666666667 0.26666666666666666
15 0.4953125 0.4842592592592593 0.05520833333333333 0.07222222222222222
13 0.7494791666666667 0.5319444444444444 0.053125 0.13425925925925927
19 0.8221354166666667 0.5398148148148149 0.06614583333333333 0.12962962962962962
8 0.6869791666666667 0.47129629629629627 0.057291666666666664 0.11481481481481481
13 0.64140625 0.48703703703703705 0.027604166666666666 0.08888888888888889
17 0.5833333333333334 0.4601851851851852 0.016666666666666666 0.04259259259259259
17 0.6020833333333333 0.4601851851851852 0.013541666666666667 0.046296296296296294
17 0.5270833333333333 0.47453703703703703 0.021875 0.05462962962962963
8 0.4427083333333333 0.4773148148148148 0.029166666666666667 0.10462962962962963
13 0.43671875 0.4962962962962963 0.013020833333333334 0.06111111111111111
4 0.49583333333333335 0.44675925925925924 0.034375 0.04351851851851852
19 0.6169270833333333 0.48194444444444445 0.0234375 0.0787037037037037
13 0.9713541666666666 0.6148148148148148 0.052083333333333336 0.26296296296296295
13 0.46822916666666664 0.4685185185185185 0.016666666666666666 0.04259259259259259
5 0.06848958333333334 0.8800925925925925 0.13489583333333333 0.23981481481481481
13 0.03854166666666667 0.5731481481481482 0.04479166666666667 0.11296296296296296
