5 0.1111111111111111 0.57890625 0.22037037037037038 0.20052083333333334
10 0.24583333333333332 0.5098958333333333 0.03981481481481482 0.05
10 0.38657407407407407 0.5083333333333333 0.04351851851851852 0.052083333333333336
10 0.6416666666666667 0.53125 0.07592592592592592 0.08333333333333333
17 0.5064814814814815 0.54453125 0.2111111111111111 0.14114583333333333
10 0.8462962962962963 0.5190104166666667 0.046296296296296294 0.0546875
5 0.7819444444444444 0.50859375 0.041666666666666664 0.022395833333333334
10 0.8171296296296297 0.509375 0.021296296296296296 0.025
18 0.6930555555555555 0.47291666666666665 0.14166666666666666 0.051041666666666666
4 0.1699074074074074 0.46953125 0.1361111111111111 0.0296875
