10 0.878125 0.475462962962963 0.1125 0.1638888888888889
17 0.5932291666666667 0.4583333333333333 0.11875 0.19444444444444445
19 0.3138020833333333 0.4708333333333333 0.14010416666666667 0.16203703703703703
10 0.6578125 0.4287037037037037 0.034375 0.05740740740740741
10 0.6817708333333333 0.3972222222222222 0.03854166666666667 0.03888888888888889
17 0.8223958333333333 0.37222222222222223 0.020833333333333332 0.053703703703703705
13 0.7989583333333333 0.3888888888888889 0.0375 0.08703703703703704
10 0.5197916666666667 0.4203703703703704 0.027083333333333334 0.04259259259259259
17 0.39375 0.3921296296296296 0.025 0.03611111111111111
17 0.45625 0.38981481481481484 0.034375 0.037037037037037035
5 0.7473958333333334 0.38981481481481484 0.06875 0.06296296296296296
5 0.97578125 0.37037037037037035 0.0484375 0.06111111111111111
