13 0.49244791666666665 0.587037037037037 0.12135416666666667 0.387037037037037
13 0.5932291666666667 0.4699074074074074 0.04895833333333333 0.20277777777777778
4 0.8067708333333333 0.4861111111111111 0.38645833333333335 0.8166666666666667
4 0.41484375 0.37546296296296294 0.19322916666666667 0.2361111111111111
5 0.28177083333333336 0.44814814814814813 0.11666666666666667 0.15185185185185185
10 0.22734375 0.39444444444444443 0.0265625 0.09259259259259259
17 0.04401041666666667 0.5115740740740741 0.08697916666666666 0.24722222222222223
17 0.1046875 0.4097222222222222 0.05 0.11944444444444445
9 0.1265625 0.3648148148148148 0.04895833333333333 0.06851851851851852
4 0.06510416666666667 0.3337962962962963 0.06145833333333333 0.08055555555555556
4 0.11276041666666667 0.31712962962962965 0.033854166666666664 0.04351851851851852
4 0.14765625 0.324537037037037 0.025520833333333333 0.058333333333333334
13 0.015885416666666666 0.36898148148148147 0.0296875 0.05648148148148148
13 0.032552083333333336 0.3597222222222222 0.022395833333333334 0.041666666666666664
3 0.06067708333333333 0.3560185185185185 0.019270833333333334 0.04537037037037037
17 0.20885416666666667 0.33240740740740743 0.010416666666666666 0.024074074074074074
13 0.28984375 0.3611111111111111 0.025520833333333333 0.05185185185185185
17 0.3138020833333333 0.36342592592592593 0.019270833333333334 0.062037037037037036
19 0.2598958333333333 0.35833333333333334 0.028125 0.053703703703703705
17 0.234375 0.33240740740740743 0.013541666666666667 0.024074074074074074
17 0.5856770833333333 0.38657407407407407 0.04739583333333333 0.08425925925925926
5 0.19739583333333333 0.3300925925925926 0.010416666666666666 0.019444444444444445
