7 0.8234375 0.5833333333333334 0.042708333333333334 0.08148148148148149
17 0.559375 0.6444444444444445 0.08541666666666667 0.12222222222222222
3 0.9247395833333333 0.5972222222222222 0.0234375 0.09074074074074075
17 0.42083333333333334 0.6268518518518519 0.04791666666666667 0.05740740740740741
17 0.4752604166666667 0.6162037037037037 0.027604166666666666 0.03981481481481482
17 0.4979166666666667 0.6078703703703704 0.021875 0.04351851851851852
17 0.34713541666666664 0.6370370370370371 0.05260416666666667 0.05555555555555555
17 0.17760416666666667 0.6578703703703703 0.04375 0.049074074074074076
17 0.26510416666666664 0.6481481481481481 0.019791666666666666 0.05
10 0.14583333333333334 0.7356481481481482 0.05 0.09907407407407408
17 0.13463541666666667 0.6606481481481481 0.043229166666666666 0.04722222222222222
