10 0.6877604166666667 0.6296296296296297 0.06822916666666666 0.18888888888888888
10 0.8065104166666667 0.5365740740740741 0.033854166666666664 0.1361111111111111
17 0.8393229166666667 0.5083333333333333 0.03177083333333333 0.09444444444444444
17 0.7518229166666667 0.5152777777777777 0.027604166666666666 0.05092592592592592
5 0.78125 0.5023148148148148 0.014583333333333334 0.03425925925925926
5 0.6036458333333333 0.5527777777777778 0.03333333333333333 0.03888888888888889
20 0.033854166666666664 0.7398148148148148 0.065625 0.0962962962962963
20 0.16666666666666666 0.6972222222222222 0.075 0.07962962962962963
20 0.24921875 0.6625 0.0390625 0.07314814814814814
20 0.45729166666666665 0.5912037037037037 0.025 0.04351851851851852
20 0.715625 0.5115740740740741 0.008333333333333333 0.025
5 0.72578125 0.5074074074074074 0.0109375 0.016666666666666666
