10 0.7549479166666667 0.6652777777777777 0.033854166666666664 0.125
10 0.8333333333333334 0.6277777777777778 0.020833333333333332 0.07777777777777778
10 0.871875 0.6189814814814815 0.020833333333333332 0.07685185185185185
17 0.9169270833333333 0.600462962962963 0.0359375 0.06574074074074074
13 0.6669270833333333 0.6643518518518519 0.03802083333333333 0.10092592592592593
13 0.6385416666666667 0.6671296296296296 0.017708333333333333 0.09722222222222222
13 0.503125 0.700462962962963 0.040625 0.08981481481481482
13 0.43255208333333334 0.7328703703703704 0.0703125 0.16203703703703703
19 0.7286458333333333 0.6333333333333333 0.020833333333333332 0.053703703703703705
13 0.7044270833333334 0.6555555555555556 0.027604166666666666 0.09259259259259259
13 0.7640625 0.6212962962962963 0.0125 0.03148148148148148
5 0.8890625 0.5893518518518519 0.0125 0.019444444444444445
20 0.23567708333333334 0.8138888888888889 0.10052083333333334 0.0962962962962963
