10 0.6611111111111111 0.3140625 0.11296296296296296 0.10208333333333333
9 0.4777777777777778 0.28046875 0.12962962962962962 0.05260416666666667
10 0.35324074074074074 0.30442708333333335 0.058333333333333334 0.050520833333333334
5 0.3060185185185185 0.27708333333333335 0.058333333333333334 0.028125
13 0.2152777777777778 0.29921875 0.09907407407407408 0.09739583333333333
10 0.1486111111111111 0.29739583333333336 0.03425925925925926 0.027083333333333334
19 0.1337962962962963 0.2674479166666667 0.05648148148148148 0.03697916666666667
15 0.05324074074074074 0.2635416666666667 0.03611111111111111 0.015625
10 0.006944444444444444 0.26328125 0.010185185185185186 0.013020833333333334
4 0.07546296296296297 0.25755208333333335 0.021296296296296296 0.016145833333333335
18 0.0962962962962963 0.25859375 0.020370370370370372 0.013020833333333334
