17 0.656005859375 0.7560763888888888 0.02294921875 0.044270833333333336
13 0.765380859375 0.7582465277777778 0.029296875 0.0763888888888889
17 0.805419921875 0.7623697916666666 0.0517578125 0.08897569444444445
3 0.8697509765625 0.7664930555555556 0.033935546875 0.1423611111111111
13 0.5716552734375 0.7673611111111112 0.101318359375 0.140625
4 0.409423828125 0.7105034722222222 0.16455078125 0.3715277777777778
13 0.200439453125 0.8220486111111112 0.10107421875 0.2734375
13 0.314208984375 0.7875434027777778 0.0322265625 0.12977430555555555
13 0.150146484375 0.8025173611111112 0.03125 0.1293402777777778
20 0.7039794921875 0.7582465277777778 0.024658203125 0.049479166666666664
