4 0.8341145833333333 0.47453703703703703 0.22864583333333333 0.24537037037037038
7 0.9908854166666666 0.4583333333333333 0.018229166666666668 0.07592592592592592
17 0.51171875 0.500462962962963 0.050520833333333334 0.05648148148148148
5 0.5942708333333333 0.5009259259259259 0.06458333333333334 0.05925925925925926
13 0.6502604166666667 0.4791666666666667 0.0265625 0.03981481481481482
13 0.6651041666666667 0.4740740740740741 0.019791666666666666 0.04259259259259259
17 0.42213541666666665 0.512962962962963 0.03177083333333333 0.05925925925925926
17 0.2703125 0.5277777777777778 0.05416666666666667 0.07037037037037037
5 0.328125 0.5972222222222222 0.26458333333333334 0.15555555555555556
13 0.21458333333333332 0.5458333333333333 0.0375 0.10277777777777777
13 0.15859375 0.5486111111111112 0.028645833333333332 0.09351851851851851
17 0.07291666666666667 0.7296296296296296 0.14479166666666668 0.5407407407407407
