5 0.24505208333333334 0.5462962962962963 0.2984375 0.1814814814814815
5 0.4322916666666667 0.5800925925925926 0.40520833333333334 0.3435185185185185
13 0.8723958333333334 0.37407407407407406 0.03333333333333333 0.08333333333333333
17 0.81796875 0.3726851851851852 0.034895833333333334 0.058333333333333334
17 0.84609375 0.37175925925925923 0.021354166666666667 0.06018518518518518
17 0.91640625 0.36203703703703705 0.043229166666666666 0.06111111111111111
11 0.7130208333333333 0.3824074074074074 0.084375 0.08518518518518518
17 0.5940104166666667 0.39537037037037037 0.0359375 0.040740740740740744
17 0.52421875 0.3990740740740741 0.034895833333333334 0.020370370370370372
17 0.48072916666666665 0.40694444444444444 0.028125 0.025
