5 0.574294532627866 0.5735780423280423 0.31437389770723106 0.13723544973544974
5 0.8229717813051146 0.5677910052910053 0.18738977072310406 0.11904761904761904
5 0.3602292768959436 0.5072751322751323 0.06437389770723104 0.03306878306878307
10 0.2222222222222222 0.517691798941799 0.02821869488536155 0.027447089947089946
10 0.2495590828924162 0.5133928571428571 0.025573192239858905 0.022156084656084655
5 0.17173721340388007 0.5054563492063492 0.06922398589065255 0.03869047619047619
3 0.06569664902998236 0.4976851851851852 0.013227513227513227 0.0291005291005291
3 0.08686067019400352 0.5130621693121693 0.023809523809523808 0.03009259259259259
13 0.07848324514991181 0.48759920634920634 0.012345679012345678 0.015542328042328041
11 0.12301587301587301 0.48991402116402116 0.03350970017636684 0.0333994708994709
5 0.14770723104056438 0.48908730158730157 0.013227513227513227 0.012566137566137565
