5 0.6972222222222222 0.5541666666666667 0.23333333333333334 0.11666666666666667
5 0.46111111111111114 0.5213541666666667 0.0962962962962963 0.04479166666666667
5 0.19675925925925927 0.5182291666666666 0.10462962962962963 0.046875
13 0.01574074074074074 0.5088541666666667 0.02962962962962963 0.04375
13 0.09259259259259259 0.5080729166666667 0.044444444444444446 0.03802083333333333
5 0.29444444444444445 0.5072916666666667 0.03333333333333333 0.017708333333333333
5 0.35694444444444445 0.5104166666666666 0.04537037037037037 0.022916666666666665
17 0.3888888888888889 0.5067708333333333 0.020370370370370372 0.015625
18 0.45185185185185184 0.48463541666666665 0.07777777777777778 0.0234375
13 0.5300925925925926 0.5059895833333333 0.023148148148148147 0.022395833333333334
9 0.5662037037037037 0.50390625 0.03611111111111111 0.034895833333333334
