9 0.38671875 0.3337962962962963 0.22864583333333333 0.3768518518518518
3 0.22213541666666667 0.37916666666666665 0.09114583333333333 0.11944444444444445
3 0.6630208333333333 0.35 0.05 0.2537037037037037
13 0.8427083333333333 0.41759259259259257 0.20520833333333333 0.362962962962963
3 0.9661458333333334 0.3773148148148148 0.06770833333333333 0.25462962962962965
13 0.26119791666666664 0.20277777777777778 0.034895833333333334 0.09074074074074075
11 0.20677083333333332 0.20185185185185187 0.09270833333333334 0.18703703703703703
17 0.03307291666666667 0.1912037037037037 0.0421875 0.075
13 0.5385416666666667 0.2212962962962963 0.0375 0.10185185185185185
13 0.4828125 0.23472222222222222 0.04479166666666667 0.1287037037037037
13 0.89765625 0.2902777777777778 0.07760416666666667 0.16018518518518518
13 0.76484375 0.26296296296296295 0.0609375 0.12777777777777777
9 0.06927083333333334 0.17685185185185184 0.036458333333333336 0.09259259259259259
4 0.2747395833333333 0.15462962962962962 0.06927083333333334 0.1037037037037037
4 0.1484375 0.13935185185185187 0.03125 0.058333333333333334
13 0.79765625 0.22916666666666666 0.058854166666666666 0.10277777777777777
13 0.5716145833333334 0.21388888888888888 0.025520833333333333 0.0962962962962963
17 0.60859375 0.21805555555555556 0.0546875 0.10462962962962963
13 0.0067708333333333336 0.17962962962962964 0.0125 0.06851851851851852
13 0.9674479166666666 0.21388888888888888 0.044270833333333336 0.06481481481481481
