13 0.35833333333333334 0.5342592592592592 0.5395833333333333 0.7203703703703703
13 0.45598958333333334 0.36527777777777776 0.3807291666666667 0.5212962962962963
10 0.46796875 0.25555555555555554 0.07239583333333334 0.18888888888888888
13 0.8893229166666666 0.21666666666666667 0.09010416666666667 0.3425925925925926
13 0.640625 0.14444444444444443 0.07083333333333333 0.18333333333333332
13 0.7330729166666666 0.06712962962962964 0.0328125 0.062037037037037036
13 0.9778645833333334 0.09722222222222222 0.044270833333333336 0.18333333333333332
13 0.9286458333333333 0.04259259259259259 0.04375 0.06666666666666667
13 0.8294270833333334 0.037037037037037035 0.027604166666666666 0.04814814814814815
9 0.0703125 0.08518518518518518 0.065625 0.13518518518518519
