5 0.13984375 0.8819444444444444 0.22239583333333332 0.225
5 0.46953125 0.8467592592592592 0.2265625 0.25277777777777777
17 0.3653645833333333 0.5907407407407408 0.11614583333333334 0.20185185185185187
10 0.4153645833333333 0.6513888888888889 0.0671875 0.1527777777777778
13 0.20677083333333332 0.6888888888888889 0.115625 0.19814814814814816
17 0.49166666666666664 0.5324074074074074 0.10104166666666667 0.17222222222222222
17 0.6515625 0.5953703703703703 0.10416666666666667 0.2
17 0.5875 0.43796296296296294 0.10520833333333333 0.1685185185185185
13 0.5130208333333334 0.4125 0.06666666666666667 0.16203703703703703
13 0.6236979166666666 0.30833333333333335 0.07552083333333333 0.14814814814814814
17 0.7817708333333333 0.48518518518518516 0.09895833333333333 0.18703703703703703
13 0.89921875 0.09027777777777778 0.0703125 0.1175925925925926
3 0.6971354166666667 0.053703703703703705 0.0609375 0.07592592592592592
