15 0.6880208333333333 0.7287037037037037 0.20833333333333334 0.18333333333333332
5 0.9348958333333334 0.7388888888888889 0.13020833333333334 0.14629629629629629
5 0.7416666666666667 0.4444444444444444 0.15208333333333332 0.11666666666666667
5 0.84453125 0.5305555555555556 0.1671875 0.11851851851851852
15 0.7239583333333334 0.2810185185185185 0.140625 0.13055555555555556
17 0.8994791666666667 0.3990740740740741 0.09166666666666666 0.12407407407407407
5 0.4088541666666667 0.44814814814814813 0.15625 0.12037037037037036
9 0.3098958333333333 0.5208333333333334 0.16875 0.14907407407407408
4 0.39739583333333334 0.2828703703703704 0.2625 0.20277777777777778
4 0.12291666666666666 0.3148148148148148 0.24375 0.21666666666666667
4 0.13385416666666666 0.6791666666666667 0.26666666666666666 0.2564814814814815
17 0.22369791666666666 0.9226851851851852 0.1328125 0.15462962962962962
17 0.05286458333333333 0.8638888888888889 0.1046875 0.15555555555555556
10 0.5994791666666667 0.2564814814814815 0.053125 0.07777777777777778
15 0.06901041666666667 0.5046296296296297 0.13697916666666668 0.10185185185185185
