13 0.403125 0.6162037037037037 0.1125 0.3175925925925926
11 0.60234375 0.5949074074074074 0.13072916666666667 0.33796296296296297
4 0.26848958333333334 0.3574074074074074 0.22239583333333332 0.10555555555555556
13 0.5408854166666667 0.49583333333333335 0.04739583333333333 0.15648148148148147
13 0.9486979166666667 0.5189814814814815 0.09010416666666667 0.13796296296296295
13 0.490625 0.4675925925925926 0.03229166666666667 0.1037037037037037
4 0.38828125 0.37453703703703706 0.044270833333333336 0.06388888888888888
13 0.8390625 0.7828703703703703 0.321875 0.4083333333333333
13 0.30416666666666664 0.4847222222222222 0.07604166666666666 0.14907407407407408
13 0.24817708333333333 0.5356481481481481 0.18802083333333333 0.2324074074074074
13 0.19348958333333333 0.6037037037037037 0.22552083333333334 0.3537037037037037
13 0.13229166666666667 0.6657407407407407 0.2625 0.45740740740740743
13 0.13125 0.7134259259259259 0.25833333333333336 0.4361111111111111
13 0.7075520833333333 0.4537037037037037 0.04114583333333333 0.07592592592592592
13 0.39817708333333335 0.43287037037037035 0.030729166666666665 0.041666666666666664
13 0.44244791666666666 0.4337962962962963 0.0234375 0.04722222222222222
13 0.4231770833333333 0.4375 0.027604166666666666 0.05092592592592592
