15 0.562744140625 0.677734375 0.1796875 0.18880208333333334
17 0.7210693359375 0.6586371527777778 0.101318359375 0.12022569444444445
5 0.8135986328125 0.6642795138888888 0.077880859375 0.09765625
15 0.9124755859375 0.7250434027777778 0.175048828125 0.36328125
10 0.2591552734375 0.6866319444444444 0.083251953125 0.07465277777777778
19 0.10107421875 0.6636284722222222 0.04052734375 0.05381944444444445
17 0.03271484375 0.6714409722222222 0.0244140625 0.04600694444444445
13 0.0650634765625 0.6614583333333334 0.012451171875 0.034722222222222224
13 0.0072021484375 0.6692708333333334 0.013916015625 0.043402777777777776
10 0.1507568359375 0.6506076388888888 0.006591796875 0.019965277777777776
17 0.1417236328125 0.6497395833333334 0.007568359375 0.015625
10 0.3701171875 0.650390625 0.0087890625 0.020399305555555556
