5 0.3776041666666667 0.4597222222222222 0.19375 0.225
5 0.21848958333333332 0.38564814814814813 0.09427083333333333 0.13425925925925927
15 0.7692708333333333 0.674074074074074 0.45416666666666666 0.6351851851851852
15 0.70703125 0.32314814814814813 0.11302083333333333 0.09259259259259259
5 0.8041666666666667 0.3537037037037037 0.096875 0.08148148148148149
5 0.8893229166666666 0.35694444444444445 0.08177083333333333 0.09907407407407408
5 0.9645833333333333 0.3662037037037037 0.07083333333333333 0.10648148148148148
5 0.5330729166666667 0.44305555555555554 0.07760416666666667 0.18055555555555555
5 0.4122395833333333 0.38287037037037036 0.1265625 0.13240740740740742
5 0.29765625 0.3453703703703704 0.0640625 0.07962962962962963
17 0.3020833333333333 0.29768518518518516 0.034375 0.03425925925925926
5 0.0890625 0.3351851851851852 0.06041666666666667 0.08888888888888889
5 0.26640625 0.3143518518518518 0.03177083333333333 0.05648148148148148
5 0.3299479166666667 0.3106481481481482 0.0328125 0.05648148148148148
10 0.5747395833333333 0.34675925925925927 0.025520833333333333 0.04537037037037037
10 0.6015625 0.337037037037037 0.030208333333333334 0.03148148148148148
