9 0.31145833333333334 0.5898148148148148 0.6166666666666667 0.7425925925925926
5 0.6432291666666666 0.3537037037037037 0.42916666666666664 0.2814814814814815
5 0.9359375 0.44027777777777777 0.128125 0.3490740740740741
5 0.3229166666666667 0.25833333333333336 0.2625 0.15185185185185185
15 0.13411458333333334 0.18472222222222223 0.13177083333333334 0.10648148148148148
5 0.37786458333333334 0.17731481481481481 0.07135416666666666 0.08055555555555556
17 0.596875 0.18055555555555555 0.14375 0.05925925925925926
9 0.7846354166666667 0.1287037037037037 0.13802083333333334 0.11481481481481481
5 0.48802083333333335 0.1638888888888889 0.09166666666666666 0.09444444444444444
5 0.7127604166666667 0.19768518518518519 0.14739583333333334 0.11388888888888889
5 0.6341145833333334 0.1300925925925926 0.0859375 0.04537037037037037
5 0.5877604166666667 0.13472222222222222 0.0765625 0.05092592592592592
17 0.9669270833333333 0.21435185185185185 0.06510416666666667 0.18055555555555555
