13 0.37054794520547946 0.8835616438356164 0.21232876712328766 0.21643835616438356
13 0.7458904109589041 0.7789954337899543 0.17123287671232876 0.20639269406392693
13 0.9376712328767123 0.8917808219178082 0.12465753424657534 0.21643835616438356
13 0.5006849315068493 0.7054794520547946 0.14931506849315068 0.15616438356164383
13 0.6472602739726028 0.5757990867579909 0.10547945205479452 0.12511415525114156
13 0.37123287671232874 0.6511415525114155 0.1232876712328767 0.13150684931506848
13 0.33013698630136984 0.7602739726027398 0.13972602739726028 0.14520547945205478
13 0.47876712328767124 0.47534246575342465 0.08082191780821918 0.09223744292237443
13 0.3910958904109589 0.4794520547945205 0.08904109589041095 0.08767123287671233
13 0.436986301369863 0.5675799086757991 0.10136986301369863 0.1050228310502283
13 0.5404109589041096 0.582648401826484 0.10273972602739725 0.1095890410958904
13 0.5431506849315069 0.47442922374429225 0.06986301369863014 0.08858447488584476
13 0.9410958904109589 0.5712328767123288 0.09315068493150686 0.053881278538812784
13 0.9095890410958904 0.776255707762557 0.136986301369863 0.16073059360730593
