3 0.52421875 0.8143518518518519 0.18072916666666666 0.2675925925925926
3 0.28854166666666664 0.6620370370370371 0.026041666666666668 0.05740740740740741
17 0.38307291666666665 0.5967592592592592 0.049479166666666664 0.06018518518518518
17 0.4513020833333333 0.587037037037037 0.0453125 0.05925925925925926
17 0.6169270833333333 0.5638888888888889 0.0484375 0.06111111111111111
13 0.49114583333333334 0.6194444444444445 0.04375 0.12407407407407407
17 0.16458333333333333 0.6449074074074074 0.04791666666666667 0.08055555555555556
7 0.07083333333333333 0.7287037037037037 0.13958333333333334 0.42962962962962964
13 0.6966145833333334 0.5416666666666666 0.025520833333333333 0.05185185185185185
17 0.5567708333333333 0.5736111111111111 0.026041666666666668 0.062037037037037036
4 0.23177083333333334 0.6037037037037037 0.08645833333333333 0.13518518518518519
