20 0.28411458333333334 0.6333333333333333 0.29322916666666665 0.1925925925925926
10 0.8138020833333334 0.6509259259259259 0.15364583333333334 0.2814814814814815
10 0.6372395833333333 0.48194444444444445 0.0390625 0.11018518518518519
10 0.5091145833333334 0.5296296296296297 0.0765625 0.10185185185185185
10 0.68203125 0.4486111111111111 0.04010416666666667 0.03611111111111111
17 0.5809895833333333 0.43194444444444446 0.034895833333333334 0.03611111111111111
13 0.8635416666666667 0.4324074074074074 0.03958333333333333 0.07407407407407407
17 0.6255208333333333 0.43148148148148147 0.03333333333333333 0.04259259259259259
15 0.5109375 0.4439814814814815 0.07708333333333334 0.041666666666666664
13 0.9828125 0.4439814814814815 0.034375 0.10462962962962963
17 0.9471354166666667 0.4203703703703704 0.03802083333333333 0.05925925925925926
