5 0.965625 0.4337962962962963 0.06875 0.13055555555555556
10 0.303125 0.7657407407407407 0.09791666666666667 0.1962962962962963
10 0.39375 0.787962962962963 0.09479166666666666 0.1925925925925926
10 0.48098958333333336 0.6569444444444444 0.06302083333333333 0.1712962962962963
10 0.5453125 0.5189814814814815 0.051041666666666666 0.12314814814814815
3 0.6984375 0.43703703703703706 0.04895833333333333 0.07222222222222222
10 0.7546875 0.3574074074074074 0.03229166666666667 0.07962962962962963
10 0.048177083333333336 0.7162037037037037 0.0953125 0.1361111111111111
5 0.103125 0.35 0.09166666666666666 0.08333333333333333
15 0.18385416666666668 0.3333333333333333 0.09166666666666666 0.09814814814814815
