5 0.7891845703125 0.7309027777777778 0.051513671875 0.0763888888888889
15 0.380859375 0.716796875 0.0361328125 0.05946180555555555
17 0.4019775390625 0.7063802083333334 0.006103515625 0.03515625
5 0.4100341796875 0.7044270833333334 0.009521484375 0.0234375
13 0.3594970703125 0.7033420138888888 0.005126953125 0.03428819444444445
20 0.3023681640625 0.7389322916666666 0.028076171875 0.037760416666666664
20 0.2294921875 0.7864583333333334 0.0673828125 0.0763888888888889
11 0.0787353515625 0.7237413194444444 0.124755859375 0.18098958333333334
5 0.1702880859375 0.7326388888888888 0.056884765625 0.07291666666666667
13 0.3509521484375 0.7042100694444444 0.008544921875 0.02734375
13 0.322265625 0.7039930555555556 0.00830078125 0.033854166666666664
