3 0.8966145833333333 0.412962962962963 0.027604166666666666 0.08518518518518518
17 0.9361979166666666 0.3333333333333333 0.04010416666666667 0.06481481481481481
17 0.8526041666666667 0.34444444444444444 0.046875 0.06111111111111111
17 0.7942708333333334 0.3490740740740741 0.052083333333333336 0.05925925925925926
17 0.74921875 0.3509259259259259 0.04010416666666667 0.053703703703703705
17 0.5864583333333333 0.37037037037037035 0.04791666666666667 0.05740740740740741
17 0.6783854166666666 0.3597222222222222 0.04635416666666667 0.05277777777777778
5 0.5208333333333334 0.4101851851851852 0.052083333333333336 0.07222222222222222
5 0.4265625 0.39814814814814814 0.07604166666666666 0.05185185185185185
17 0.3463541666666667 0.3800925925925926 0.03125 0.03981481481481482
17 0.31145833333333334 0.38657407407407407 0.025 0.032407407407407406
13 0.2911458333333333 0.387037037037037 0.017708333333333333 0.040740740740740744
13 0.12838541666666667 0.5407407407407407 0.2557291666666667 0.45555555555555555
