13 0.97509765625 0.7341579861111112 0.0498046875 0.10633680555555555
5 0.879150390625 0.7482638888888888 0.07861328125 0.109375
13 0.7398681640625 0.7486979166666666 0.091552734375 0.1840277777777778
4 0.5792236328125 0.6569010416666666 0.224853515625 0.5065104166666666
10 0.177978515625 0.7914496527777778 0.037109375 0.06987847222222222
13 0.229248046875 0.7834201388888888 0.06103515625 0.17274305555555555
13 0.3187255859375 0.8122829861111112 0.135009765625 0.3754340277777778
13 0.4375 0.763671875 0.0458984375 0.1332465277777778
13 0.4111328125 0.7517361111111112 0.01904296875 0.0859375
17 0.799560546875 0.7322048611111112 0.02099609375 0.04861111111111111
