7 0.8559895833333333 0.5060185185185185 0.1234375 0.1787037037037037
13 0.6604166666666667 0.49027777777777776 0.023958333333333335 0.04722222222222222
13 0.6770833333333334 0.48703703703703705 0.021875 0.04814814814814815
17 0.6 0.5087962962962963 0.05625 0.06944444444444445
4 0.528125 0.49444444444444446 0.051041666666666666 0.11481481481481481
5 0.45677083333333335 0.5273148148148148 0.06979166666666667 0.062037037037037036
5 0.24557291666666667 0.5421296296296296 0.0921875 0.05648148148148148
17 0.27369791666666665 0.5194444444444445 0.030729166666666665 0.03148148148148148
13 0.07682291666666667 0.5935185185185186 0.059895833333333336 0.15185185185185185
13 0.021875 0.6064814814814815 0.041666666666666664 0.18888888888888888
17 0.034895833333333334 0.5421296296296296 0.017708333333333333 0.041666666666666664
5 0.13255208333333332 0.5518518518518518 0.034895833333333334 0.040740740740740744
17 0.13541666666666666 0.5277777777777778 0.029166666666666667 0.02962962962962963
10 0.1625 0.538425925925926 0.017708333333333333 0.026851851851851852
13 0.99296875 0.47314814814814815 0.0140625 0.04814814814814815
17 0.6401041666666667 0.5009259259259259 0.016666666666666666 0.05925925925925926
