13 0.94140625 0.5013888888888889 0.09114583333333333 0.2638888888888889
5 0.7263020833333333 0.4537037037037037 0.1046875 0.05740740740740741
5 0.5263020833333333 0.4981481481481482 0.058854166666666666 0.09074074074074075
5 0.48932291666666666 0.47685185185185186 0.03697916666666667 0.06481481481481481
13 0.5703125 0.45740740740740743 0.042708333333333334 0.06851851851851852
14 0.6015625 0.46064814814814814 0.019791666666666666 0.03981481481481482
17 0.6606770833333333 0.44074074074074077 0.0265625 0.053703703703703705
17 0.7888020833333333 0.4310185185185185 0.0453125 0.049074074074074076
17 0.8489583333333334 0.42962962962962964 0.053125 0.05925925925925926
17 0.4513020833333333 0.4625 0.03177083333333333 0.05092592592592592
17 0.3703125 0.46111111111111114 0.035416666666666666 0.040740740740740744
17 0.3375 0.45740740740740743 0.028125 0.027777777777777776
5 0.2171875 0.6726851851851852 0.43333333333333335 0.3787037037037037
