3 0.7408854166666666 0.6171296296296296 0.0390625 0.1398148148148148
17 0.67421875 0.5708333333333333 0.018229166666666668 0.03425925925925926
7 0.59375 0.6046296296296296 0.10416666666666667 0.1685185185185185
9 0.5151041666666667 0.6212962962962963 0.052083333333333336 0.11296296296296296
17 0.3229166666666667 0.6180555555555556 0.04895833333333333 0.05462962962962963
17 0.37942708333333336 0.6069444444444444 0.030729166666666665 0.04537037037037037
17 0.06015625 0.6513888888888889 0.0578125 0.06018518518518518
10 0.18020833333333333 0.6537037037037037 0.04375 0.040740740740740744
13 0.8838541666666667 0.5745370370370371 0.05 0.11018518518518519
13 0.8223958333333333 0.5638888888888889 0.03333333333333333 0.07222222222222222
5 0.96015625 0.6388888888888888 0.07864583333333333 0.26481481481481484
13 0.79296875 0.5666666666666667 0.022395833333333334 0.06296296296296296
