17 0.5701058201058201 0.4789186507936508 0.125 0.09722222222222222
13 0.35185185185185186 0.43563988095238093 0.02513227513227513 0.033482142857142856
7 0.2918320105820106 0.4263392857142857 0.018849206349206348 0.020833333333333332
4 0.2706679894179894 0.4140625 0.018187830687830687 0.018105158730158732
4 0.14368386243386244 0.41803075396825395 0.0248015873015873 0.02058531746031746
10 0.16468253968253968 0.42485119047619047 0.005291005291005291 0.00992063492063492
10 0.12698412698412698 0.42311507936507936 0.006613756613756613 0.011408730158730158
5 0.17509920634920634 0.42398313492063494 0.01025132275132275 0.010168650793650794
4 0.164021164021164 0.4130704365079365 0.015873015873015872 0.009176587301587302
5 0.2786044973544973 0.43179563492063494 0.012896825396825396 0.01636904761904762
