10 0.89765625 0.525 0.09010416666666667 0.09444444444444444
17 0.8145833333333333 0.46435185185185185 0.052083333333333336 0.06388888888888888
17 0.75234375 0.4740740740740741 0.06302083333333333 0.07407407407407407
13 0.97734375 0.4550925925925926 0.0265625 0.05648148148148148
17 0.7046875 0.4648148148148148 0.034375 0.05555555555555555
17 0.6403645833333333 0.46620370370370373 0.04739583333333333 0.05092592592592592
17 0.59140625 0.4685185185185185 0.043229166666666666 0.053703703703703705
17 0.5578125 0.46944444444444444 0.028125 0.053703703703703705
17 0.5299479166666666 0.4740740740740741 0.03802083333333333 0.06296296296296296
15 0.47552083333333334 0.48935185185185187 0.06875 0.07314814814814814
15 0.4166666666666667 0.47453703703703703 0.042708333333333334 0.062037037037037036
10 0.38515625 0.487962962962963 0.034895833333333334 0.03333333333333333
17 0.30703125 0.4564814814814815 0.03177083333333333 0.018518518518518517
17 0.3416666666666667 0.46574074074074073 0.029166666666666667 0.03888888888888889
5 0.25234375 0.5453703703703704 0.21197916666666666 0.14629629629629629
