17 0.89453125 0.5078703703703704 0.03177083333333333 0.06759259259259259
17 0.8739583333333333 0.49722222222222223 0.0125 0.03333333333333333
5 0.8627604166666667 0.49675925925925923 0.0109375 0.01574074074074074
10 0.84921875 0.5361111111111111 0.0234375 0.053703703703703705
10 0.8096354166666667 0.5342592592592592 0.0203125 0.07592592592592592
10 0.7486979166666666 0.5643518518518519 0.0234375 0.11574074074074074
13 0.7018229166666666 0.5513888888888889 0.024479166666666666 0.06759259259259259
13 0.6846354166666667 0.5527777777777778 0.011979166666666667 0.07037037037037037
13 0.6002604166666666 0.5893518518518519 0.0328125 0.09722222222222222
13 0.61953125 0.5726851851851852 0.015104166666666667 0.05462962962962963
13 0.7291666666666666 0.5439814814814815 0.014583333333333334 0.06574074074074074
