13 0.9302083333333333 0.49537037037037035 0.065625 0.16666666666666666
13 0.7692708333333333 0.4726851851851852 0.03125 0.06388888888888888
13 0.878125 0.47175925925925927 0.026041666666666668 0.06388888888888888
13 0.8479166666666667 0.4689814814814815 0.023958333333333335 0.05648148148148148
13 0.9674479166666666 0.4736111111111111 0.0265625 0.10277777777777777
17 0.7169270833333333 0.500462962962963 0.07552083333333333 0.13240740740740742
17 0.11770833333333333 0.475462962962963 0.04895833333333333 0.05648148148148148
17 0.196875 0.4722222222222222 0.04895833333333333 0.053703703703703705
17 0.29791666666666666 0.47314814814814815 0.04791666666666667 0.05555555555555555
17 0.365625 0.47129629629629627 0.035416666666666666 0.05555555555555555
18 0.5440104166666667 0.4615740740740741 0.23385416666666667 0.24351851851851852
10 0.15911458333333334 0.5388888888888889 0.03177083333333333 0.08888888888888889
