18 0.8830729166666667 0.37407407407407406 0.23385416666666667 0.3685185185185185
10 0.7393229166666667 0.4166666666666667 0.0421875 0.040740740740740744
17 0.7057291666666666 0.4 0.026041666666666668 0.05555555555555555
17 0.6333333333333333 0.4064814814814815 0.026041666666666668 0.05
13 0.6622395833333333 0.4148148148148148 0.0390625 0.07407407407407407
5 0.5166666666666667 0.4462962962962963 0.0625 0.08888888888888889
13 0.54921875 0.4199074074074074 0.018229166666666668 0.058333333333333334
17 0.3106770833333333 0.42407407407407405 0.0359375 0.03888888888888889
13 0.3541666666666667 0.4222222222222222 0.03125 0.040740740740740744
13 0.26458333333333334 0.4305555555555556 0.029166666666666667 0.04259259259259259
17 0.41484375 0.4203703703703704 0.033854166666666664 0.040740740740740744
17 0.56796875 0.4152777777777778 0.019270833333333334 0.05648148148148148
