15 0.5028645833333333 0.8856481481481482 0.12552083333333333 0.20277777777777778
4 0.153125 0.7069444444444445 0.3020833333333333 0.3175925925925926
4 0.46588541666666666 0.49675925925925923 0.14114583333333333 0.15092592592592594
13 0.9026041666666667 0.6643518518518519 0.053125 0.13425925925925927
13 0.9072916666666667 0.524074074074074 0.034375 0.07962962962962963
17 0.5888020833333333 0.5310185185185186 0.034895833333333334 0.08055555555555556
9 0.5682291666666667 0.4023148148148148 0.027083333333333334 0.049074074074074076
10 0.6046875 0.4444444444444444 0.013541666666666667 0.044444444444444446
7 0.79609375 0.40046296296296297 0.0296875 0.058333333333333334
7 0.8776041666666666 0.44537037037037036 0.029166666666666667 0.07037037037037037
13 0.9763020833333333 0.5398148148148149 0.030729166666666665 0.07407407407407407
13 0.98359375 0.5782407407407407 0.0328125 0.0824074074074074
13 0.7940104166666667 0.4824074074074074 0.024479166666666666 0.06851851851851852
13 0.7453125 0.42916666666666664 0.01875 0.05092592592592592
4 0.3580729166666667 0.5074074074074074 0.16302083333333334 0.1537037037037037
4 0.4434895833333333 0.4203703703703704 0.07864583333333333 0.05740740740740741
4 0.4596354166666667 0.39861111111111114 0.07760416666666667 0.06388888888888888
