17 0.31588541666666664 0.6541666666666667 0.23802083333333332 0.5601851851851852
5 0.5302083333333333 0.5615740740740741 0.21354166666666666 0.35833333333333334
5 0.6703125 0.5370370370370371 0.3072916666666667 0.31666666666666665
11 0.84140625 0.7625 0.3171875 0.44722222222222224
5 0.15963541666666667 0.4310185185185185 0.1359375 0.20092592592592592
13 0.5890625 0.35138888888888886 0.071875 0.08796296296296297
13 0.8197916666666667 0.45 0.14270833333333333 0.21481481481481482
17 0.46458333333333335 0.35648148148148145 0.09583333333333334 0.10740740740740741
17 0.36640625 0.3416666666666667 0.06927083333333334 0.10740740740740741
13 0.42994791666666665 0.33194444444444443 0.034895833333333334 0.07685185185185185
13 0.25885416666666666 0.3055555555555556 0.025 0.04814814814814815
13 0.2989583333333333 0.30185185185185187 0.03125 0.04814814814814815
5 0.22526041666666666 0.3574074074074074 0.07760416666666667 0.09444444444444444
17 0.37109375 0.34675925925925927 0.0484375 0.09722222222222222
13 0.21640625 0.2986111111111111 0.0203125 0.04722222222222222
13 0.2830729166666667 0.30324074074074076 0.019270833333333334 0.04351851851851852
5 0.17057291666666666 0.32222222222222224 0.0515625 0.05555555555555555
17 0.17708333333333334 0.2935185185185185 0.034375 0.03518518518518519
11 0.4140625 0.3333333333333333 0.05 0.09259259259259259
5 0.12760416666666666 0.29398148148148145 0.03125 0.028703703703703703
5 0.115625 0.34629629629629627 0.0625 0.08333333333333333
4 0.14635416666666667 0.262037037037037 0.028125 0.05
11 0.11223958333333334 0.25277777777777777 0.043229166666666666 0.07592592592592592
4 0.078125 0.2569444444444444 0.03125 0.049074074074074076
