20 0.6265625 0.700462962962963 0.25833333333333336 0.45092592592592595
20 0.4109375 0.6324074074074074 0.11145833333333334 0.412962962962963
11 0.13307291666666668 0.4412037037037037 0.26510416666666664 0.5194444444444445
13 0.7708333333333334 0.28194444444444444 0.09791666666666667 0.23055555555555557
13 0.45625 0.23842592592592593 0.057291666666666664 0.16203703703703703
20 0.46458333333333335 0.3773148148148148 0.036458333333333336 0.14907407407407408
4 0.46458333333333335 0.11574074074074074 0.07604166666666666 0.09444444444444444
11 0.51640625 0.17222222222222222 0.0953125 0.10925925925925926
11 0.29401041666666666 0.17824074074074073 0.13802083333333334 0.15092592592592594
4 0.9401041666666666 0.24027777777777778 0.11979166666666667 0.47314814814814815
