10 0.71796875 0.7555555555555555 0.0734375 0.17222222222222222
3 0.8520833333333333 0.36157407407407405 0.03333333333333333 0.05277777777777778
5 0.9481770833333333 0.45601851851851855 0.07552083333333333 0.08425925925925926
5 0.6203125 0.6152777777777778 0.159375 0.1527777777777778
13 0.7010416666666667 0.5787037037037037 0.0875 0.1388888888888889
19 0.4140625 0.4861111111111111 0.11979166666666667 0.12407407407407407
5 0.40130208333333334 0.5569444444444445 0.10677083333333333 0.125
5 0.49375 0.6523148148148148 0.13020833333333334 0.17685185185185184
5 0.5940104166666667 0.8629629629629629 0.16302083333333334 0.2740740740740741
10 0.78984375 0.9027777777777778 0.0640625 0.19444444444444445
19 0.2703125 0.43333333333333335 0.11354166666666667 0.10740740740740741
4 0.10989583333333333 0.3472222222222222 0.11354166666666667 0.1
