13 0.15572916666666667 0.8458333333333333 0.11354166666666667 0.1824074074074074
13 0.5643229166666667 0.737037037037037 0.06510416666666667 0.1537037037037037
13 0.6276041666666666 0.7203703703703703 0.04375 0.1388888888888889
13 0.5171875 0.7388888888888889 0.029166666666666667 0.14629629629629629
10 0.7557291666666667 0.7027777777777777 0.040625 0.14814814814814814
19 0.67734375 0.6851851851851852 0.05572916666666667 0.08703703703703704
10 0.8526041666666667 0.6523148148148148 0.020833333333333332 0.07685185185185185
10 0.8927083333333333 0.6439814814814815 0.020833333333333332 0.075
17 0.9442708333333333 0.6240740740740741 0.035416666666666666 0.06666666666666667
5 0.915625 0.6212962962962963 0.016666666666666666 0.024074074074074074
