17 0.47317708333333336 0.6143518518518518 0.13802083333333334 0.24166666666666667
13 0.6697916666666667 0.5935185185185186 0.15520833333333334 0.2222222222222222
13 0.8934895833333333 0.6217592592592592 0.18177083333333333 0.30648148148148147
5 0.79765625 0.5967592592592592 0.08697916666666666 0.08981481481481482
17 0.7690104166666667 0.5259259259259259 0.049479166666666664 0.05555555555555555
17 0.5950520833333334 0.524074074074074 0.0421875 0.05555555555555555
17 0.15182291666666667 0.5194444444444445 0.028645833333333332 0.040740740740740744
17 0.18802083333333333 0.5217592592592593 0.036458333333333336 0.041666666666666664
17 0.253125 0.5254629629629629 0.023958333333333335 0.05462962962962963
13 0.2869791666666667 0.5657407407407408 0.0625 0.1259259259259259
10 0.19973958333333333 0.6125 0.0859375 0.11388888888888889
10 0.3463541666666667 0.5287037037037037 0.017708333333333333 0.022222222222222223
13 0.23177083333333334 0.5166666666666667 0.017708333333333333 0.037037037037037035
17 0.08958333333333333 0.5217592592592593 0.030208333333333334 0.03611111111111111
13 0.12994791666666666 0.5189814814814815 0.015104166666666667 0.041666666666666664
17 0.6807291666666667 0.5263888888888889 0.025 0.05648148148148148
