20 0.3260416666666667 0.5171296296296296 0.296875 0.31203703703703706
20 0.5294270833333333 0.42407407407407405 0.13177083333333334 0.18518518518518517
20 0.5997395833333333 0.3736111111111111 0.07447916666666667 0.14166666666666666
13 0.8518229166666667 0.6388888888888888 0.28802083333333334 0.7222222222222222
13 0.8486979166666667 0.41388888888888886 0.13697916666666668 0.26481481481481484
13 0.7276041666666667 0.4097222222222222 0.058333333333333334 0.25092592592592594
13 0.1078125 0.5143518518518518 0.21145833333333333 0.275
13 0.16484375 0.4564814814814815 0.08489583333333334 0.25925925925925924
13 0.34661458333333334 0.35185185185185186 0.07239583333333334 0.09814814814814815
13 0.403125 0.3435185185185185 0.065625 0.08148148148148149
5 0.6447916666666667 0.3111111111111111 0.03958333333333333 0.06296296296296296
17 0.6885416666666667 0.32037037037037036 0.041666666666666664 0.0962962962962963
4 0.7234375 0.28194444444444444 0.05 0.09907407407407408
4 0.9377604166666667 0.27037037037037037 0.08697916666666666 0.07592592592592592
19 0.9645833333333333 0.36064814814814816 0.07083333333333333 0.15833333333333333
4 0.7697916666666667 0.2569444444444444 0.053125 0.049074074074074076
13 0.60234375 0.29583333333333334 0.016145833333333335 0.04351851851851852
13 0.51015625 0.3106481481481482 0.0234375 0.041666666666666664
