0 0.9270833333333334 0.462037037037037 0.14479166666666668 0.28888888888888886
17 0.80625 0.41712962962962963 0.051041666666666666 0.06018518518518518
10 0.7510416666666667 0.43657407407407406 0.022916666666666665 0.08796296296296297
3 0.70390625 0.43703703703703706 0.0328125 0.02962962962962963
17 0.72578125 0.4212962962962963 0.016145833333333335 0.05740740740740741
20 0.52578125 0.5513888888888889 0.23072916666666668 0.15833333333333333
9 0.17526041666666667 0.500462962962963 0.3171875 0.22870370370370371
17 0.43359375 0.4199074074074074 0.0234375 0.041666666666666664
17 0.4578125 0.42083333333333334 0.014583333333333334 0.03796296296296296
13 0.4140625 0.41574074074074074 0.013541666666666667 0.03888888888888889
