17 0.861574074074074 0.33828125 0.20833333333333334 0.10572916666666667
10 0.262037037037037 0.32369791666666664 0.06666666666666667 0.058854166666666666
13 0.06388888888888888 0.35651041666666666 0.06111111111111111 0.2171875
9 0.21851851851851853 0.2833333333333333 0.018518518518518517 0.011458333333333333
10 0.11898148148148148 0.28125 0.008333333333333333 0.009375
18 0.16157407407407406 0.2794270833333333 0.01574074074074074 0.0109375
4 0.14166666666666666 0.27838541666666666 0.014814814814814815 0.011979166666666667
10 0.10277777777777777 0.28203125 0.007407407407407408 0.009895833333333333
10 0.17916666666666667 0.3015625 0.028703703703703703 0.023958333333333335
17 0.20324074074074075 0.290625 0.017592592592592594 0.023958333333333335
