17 0.4588541666666667 0.8197815533980582 0.11979166666666667 0.2949029126213592
5 0.6427083333333333 0.5970873786407767 0.06875 0.12135922330097088
5 0.6734375 0.5358009708737864 0.04583333333333333 0.07888349514563107
17 0.5486979166666667 0.6274271844660194 0.059895833333333336 0.15776699029126215
11 0.43333333333333335 0.6013349514563107 0.16875 0.1808252427184466
13 0.1859375 0.7057038834951457 0.1 0.1662621359223301
10 0.02890625 0.7669902912621359 0.05677083333333333 0.09951456310679611
13 0.5106770833333333 0.5212378640776699 0.021354166666666667 0.07160194174757281
17 0.57109375 0.5254854368932039 0.0234375 0.05339805825242718
17 0.58125 0.5157766990291263 0.027083333333333334 0.06310679611650485
5 0.54296875 0.4963592233009709 0.0296875 0.04611650485436893
5 0.1015625 0.6990291262135923 0.103125 0.11893203883495146
