13 0.39765625 0.7203703703703703 0.33177083333333335 0.5185185185185185
13 0.1203125 0.6101851851851852 0.23958333333333334 0.35
4 0.15286458333333333 0.22175925925925927 0.3046875 0.44166666666666665
8 0.6333333333333333 0.34953703703703703 0.20520833333333333 0.13240740740740742
11 0.6221354166666667 0.44027777777777777 0.04114583333333333 0.11574074074074074
13 0.67890625 0.587037037037037 0.11822916666666666 0.37222222222222223
13 0.75 0.5032407407407408 0.08229166666666667 0.23425925925925925
11 0.8330729166666667 0.39814814814814814 0.06927083333333334 0.19074074074074074
4 0.9078125 0.3962962962962963 0.08958333333333333 0.17962962962962964
11 0.9734375 0.4203703703703704 0.05 0.08888888888888889
19 0.97734375 0.4847222222222222 0.0453125 0.08796296296296297
19 0.3859375 0.4634259259259259 0.10833333333333334 0.23425925925925925
