4 0.4875 0.4546296296296296 0.10520833333333333 0.24444444444444444
4 0.7247395833333333 0.39444444444444443 0.0734375 0.19814814814814816
17 0.7174479166666666 0.6453703703703704 0.07239583333333334 0.17222222222222222
4 0.85 0.6564814814814814 0.209375 0.4666666666666667
13 0.8419270833333333 0.4393518518518518 0.033854166666666664 0.07314814814814814
13 0.9567708333333333 0.42592592592592593 0.057291666666666664 0.0962962962962963
13 0.346875 0.5967592592592592 0.053125 0.14537037037037037
4 0.22135416666666666 0.4837962962962963 0.14479166666666668 0.23425925925925925
4 0.08098958333333334 0.5305555555555556 0.1609375 0.30185185185185187
5 0.5778645833333333 0.30833333333333335 0.0296875 0.05185185185185185
5 0.5778645833333333 0.2611111111111111 0.0265625 0.03518518518518519
13 0.7734375 0.31805555555555554 0.020833333333333332 0.05648148148148148
7 0.84375 0.29907407407407405 0.030208333333333334 0.06666666666666667
7 0.7640625 0.2523148148148148 0.028125 0.05648148148148148
13 0.7510416666666667 0.27824074074074073 0.020833333333333332 0.05462962962962963
17 0.45651041666666664 0.3388888888888889 0.033854166666666664 0.06296296296296296
4 0.4122395833333333 0.3101851851851852 0.07864583333333333 0.11851851851851852
4 0.440625 0.24074074074074073 0.04583333333333333 0.07037037037037037
4 0.5494791666666666 0.2273148148148148 0.029166666666666667 0.06759259259259259
13 0.36171875 0.32731481481481484 0.0265625 0.05648148148148148
