10 0.1640625 0.5282407407407408 0.10416666666666667 0.325
11 0.6091145833333333 0.6902777777777778 0.7692708333333333 0.6027777777777777
15 0.2703125 0.3912037037037037 0.20833333333333334 0.2212962962962963
5 0.1296875 0.3574074074074074 0.10833333333333334 0.10740740740740741
5 0.08255208333333333 0.33611111111111114 0.0546875 0.09814814814814815
5 0.7557291666666667 0.32222222222222224 0.09791666666666667 0.10185185185185185
5 0.8208333333333333 0.32222222222222224 0.09583333333333334 0.10555555555555556
5 0.9588541666666667 0.31527777777777777 0.08229166666666667 0.10277777777777777
15 0.6 0.29814814814814816 0.103125 0.10925925925925926
15 0.5643229166666667 0.35 0.2869791666666667 0.1574074074074074
5 0.6861979166666666 0.32222222222222224 0.0734375 0.10185185185185185
17 0.14739583333333334 0.274537037037037 0.03125 0.032407407407407406
5 0.05 0.27546296296296297 0.036458333333333336 0.03425925925925926
5 0.18828125 0.27314814814814814 0.034895833333333334 0.03333333333333333
