10 0.5851851851851851 0.35 0.07037037037037037 0.08125
9 0.7027777777777777 0.3294270833333333 0.16296296296296298 0.0609375
5 0.4773148148148148 0.3265625 0.10092592592592593 0.0375
10 0.28379629629629627 0.32916666666666666 0.049074074074074076 0.059375
13 0.1925925925925926 0.3296875 0.06851851851851852 0.07916666666666666
19 0.2449074074074074 0.3106770833333333 0.03425925925925926 0.044270833333333336
15 0.13472222222222222 0.2955729166666667 0.025 0.008854166666666666
10 0.0699074074074074 0.29739583333333336 0.012037037037037037 0.013541666666666667
10 0.0824074074074074 0.29635416666666664 0.011111111111111112 0.014583333333333334
5 0.09305555555555556 0.29453125 0.010185185185185186 0.008854166666666666
4 0.13657407407407407 0.2875 0.021296296296296296 0.008333333333333333
13 0.01990740740740741 0.2908854166666667 0.01574074074074074 0.008854166666666666
