10 0.39557291666666666 0.7486111111111111 0.07239583333333334 0.21944444444444444
10 0.6125 0.6643518518518519 0.042708333333333334 0.1527777777777778
13 0.5794270833333334 0.6370370370370371 0.025520833333333333 0.08333333333333333
10 0.6953125 0.6162037037037037 0.026041666666666668 0.08981481481481482
5 0.6598958333333333 0.6148148148148148 0.0375 0.044444444444444446
10 0.7934895833333333 0.5675925925925925 0.013020833333333334 0.03888888888888889
17 0.8216145833333334 0.575462962962963 0.04739583333333333 0.09537037037037037
17 0.840625 0.5541666666666667 0.013541666666666667 0.03981481481481482
3 0.7153645833333333 0.5944444444444444 0.011979166666666667 0.04259259259259259
11 0.8583333333333333 0.5398148148148149 0.013541666666666667 0.025925925925925925
