9 0.8861111111111111 0.5580729166666667 0.13333333333333333 0.07447916666666667
5 0.75 0.5604166666666667 0.053703703703703705 0.0375
5 0.6208333333333333 0.5786458333333333 0.14907407407407408 0.075
15 0.4986111111111111 0.5627604166666667 0.11944444444444445 0.06197916666666667
5 0.30833333333333335 0.559375 0.08148148148148149 0.041666666666666664
5 0.10833333333333334 0.5669270833333333 0.09444444444444444 0.058854166666666666
17 0.044444444444444446 0.57578125 0.037037037037037035 0.11510416666666666
17 0.22037037037037038 0.55234375 0.03888888888888889 0.025520833333333333
17 0.37592592592592594 0.5544270833333333 0.05185185185185185 0.03697916666666667
17 0.41944444444444445 0.553125 0.03518518518518519 0.026041666666666668
18 0.5453703703703704 0.5174479166666667 0.12407407407407407 0.0421875
