5 0.5045166015625 0.6614583333333334 0.087646484375 0.1284722222222222
15 0.4432373046875 0.6323784722222222 0.030517578125 0.058159722222222224
5 0.4215087890625 0.626953125 0.013916015625 0.029947916666666668
17 0.40234375 0.6256510416666666 0.01708984375 0.03515625
13 0.357666015625 0.6384548611111112 0.033203125 0.09375
13 0.3104248046875 0.6334635416666666 0.028564453125 0.08203125
13 0.3787841796875 0.6323784722222222 0.010009765625 0.0625
13 0.337646484375 0.626953125 0.0107421875 0.061197916666666664
5 0.286376953125 0.63671875 0.0224609375 0.05381944444444445
13 0.22216796875 0.6545138888888888 0.05615234375 0.1796875
13 0.120361328125 0.7029079861111112 0.14501953125 0.5169270833333334
