10 0.89453125 0.5745370370370371 0.034895833333333334 0.10648148148148148
10 0.83828125 0.5925925925925926 0.0328125 0.12222222222222222
10 0.80859375 0.5916666666666667 0.024479166666666666 0.10925925925925926
9 0.6973958333333333 0.5907407407407408 0.036458333333333336 0.053703703703703705
13 0.6671875 0.5958333333333333 0.021875 0.05648148148148148
13 0.6315104166666666 0.6060185185185185 0.015104166666666667 0.05648148148148148
3 0.61796875 0.6300925925925925 0.024479166666666666 0.10277777777777777
13 0.58125 0.6268518518518519 0.03333333333333333 0.08888888888888889
13 0.5559895833333334 0.6300925925925925 0.0171875 0.075
10 0.51328125 0.6597222222222222 0.0328125 0.05277777777777778
13 0.7677083333333333 0.575462962962963 0.015625 0.04351851851851852
13 0.78203125 0.5712962962962963 0.0109375 0.040740740740740744
13 0.7916666666666666 0.5694444444444444 0.008333333333333333 0.037037037037037035
17 0.8690104166666667 0.5546296296296296 0.018229166666666668 0.040740740740740744
13 0.6033854166666667 0.6050925925925926 0.0109375 0.041666666666666664
10 0.25885416666666666 0.7314814814814815 0.046875 0.1111111111111111
