10 0.18984375 0.5523148148148148 0.08385416666666666 0.23055555555555557
3 0.35572916666666665 0.5254629629629629 0.06041666666666667 0.20833333333333334
4 0.4578125 0.20833333333333334 0.15416666666666667 0.16296296296296298
4 0.7059895833333333 0.28379629629629627 0.1484375 0.19722222222222222
13 0.51015625 0.45555555555555555 0.08489583333333334 0.17037037037037037
13 0.459375 0.5990740740740741 0.0875 0.2833333333333333
10 0.44869791666666664 0.38472222222222224 0.0578125 0.13796296296296295
5 0.19947916666666668 0.45092592592592595 0.21145833333333333 0.20925925925925926
10 0.5864583333333333 0.30462962962962964 0.0375 0.06851851851851852
13 0.14244791666666667 0.8467592592592592 0.18072916666666666 0.30648148148148147
13 0.26536458333333335 0.24444444444444444 0.07760416666666667 0.10555555555555556
8 0.9015625 0.17037037037037037 0.06145833333333333 0.07222222222222222
8 0.846875 0.1597222222222222 0.05625 0.062037037037037036
5 0.57734375 0.4083333333333333 0.09947916666666666 0.15555555555555556
9 0.60078125 0.26851851851851855 0.0953125 0.12407407407407407
13 0.8796875 0.44351851851851853 0.096875 0.1574074074074074
13 0.36484375 0.9064814814814814 0.15989583333333332 0.18703703703703703
13 0.4453125 0.8740740740740741 0.153125 0.2518518518518518
13 0.49322916666666666 0.8097222222222222 0.15729166666666666 0.32685185185185184
13 0.5794270833333334 0.7675925925925926 0.1296875 0.29074074074074074
13 0.6130208333333333 0.7157407407407408 0.13958333333333334 0.27037037037037037
13 0.7505208333333333 0.5453703703703704 0.11666666666666667 0.16111111111111112
13 0.6947916666666667 0.5560185185185185 0.10104166666666667 0.12129629629629629
13 0.8197916666666667 0.5037037037037037 0.09375 0.19814814814814816
13 0.03359375 0.34675925925925927 0.06302083333333333 0.13425925925925927
