17 0.8703703703703703 0.36328125 0.25925925925925924 0.13802083333333334
17 0.4532407407407407 0.34713541666666664 0.12314814814814815 0.07864583333333333
10 0.2361111111111111 0.3333333333333333 0.04259259259259259 0.05
10 0.25972222222222224 0.32057291666666665 0.021296296296296296 0.028645833333333332
5 0.31296296296296294 0.315625 0.040740740740740744 0.017708333333333333
5 0.21296296296296297 0.3145833333333333 0.024074074074074074 0.011458333333333333
10 0.13518518518518519 0.3216145833333333 0.024074074074074074 0.0265625
4 0.18333333333333332 0.3078125 0.018518518518518517 0.014583333333333334
11 0.10046296296296296 0.3145833333333333 0.023148148148148147 0.0125
13 0.023148148148148147 0.35885416666666664 0.044444444444444446 0.121875
