10 0.2967529296875 0.6740451388888888 0.068603515625 0.052083333333333336
3 0.20703125 0.7150607638888888 0.08984375 0.09071180555555555
19 0.0966796875 0.654296875 0.03759765625 0.053385416666666664
17 0.060791015625 0.6657986111111112 0.0263671875 0.052083333333333336
13 0.024169921875 0.6627604166666666 0.02099609375 0.050347222222222224
5 0.3197021484375 0.6397569444444444 0.014892578125 0.014756944444444444
15 0.4622802734375 0.6540798611111112 0.097412109375 0.11805555555555555
15 0.604736328125 0.6809895833333334 0.14990234375 0.1545138888888889
10 0.7042236328125 0.6684027777777778 0.058837890625 0.14930555555555555
5 0.520751953125 0.6508246527777778 0.02490234375 0.06293402777777778
5 0.8812255859375 0.6783854166666666 0.237548828125 0.17708333333333334
13 0.044677734375 0.66015625 0.0078125 0.043402777777777776
