5 0.36328125 0.7342592592592593 0.4473958333333333 0.5314814814814814
5 0.7338541666666667 0.7384259259259259 0.5322916666666667 0.5231481481481481
13 0.8403645833333333 0.45185185185185184 0.19635416666666666 0.1814814814814815
17 0.6161458333333333 0.4217592592592593 0.05625 0.15092592592592594
17 0.23229166666666667 0.324537037037037 0.0625 0.04722222222222222
11 0.11145833333333334 0.25925925925925924 0.05416666666666667 0.07962962962962963
17 0.11640625 0.29768518518518516 0.0265625 0.03981481481481482
5 0.15572916666666667 0.4532407407407407 0.15625 0.225
5 0.28229166666666666 0.4115740740740741 0.11770833333333333 0.14907407407407408
5 0.434375 0.5 0.24583333333333332 0.24814814814814815
5 0.5119791666666667 0.43657407407407406 0.16770833333333332 0.15833333333333333
11 0.38385416666666666 0.33425925925925926 0.0875 0.1
13 0.4197916666666667 0.35185185185185186 0.051041666666666666 0.08703703703703704
19 0.72734375 0.4652777777777778 0.0890625 0.12129629629629629
13 0.3184895833333333 0.32083333333333336 0.0390625 0.03611111111111111
13 0.26953125 0.32546296296296295 0.028645833333333332 0.06018518518518518
5 0.15520833333333334 0.3282407407407407 0.057291666666666664 0.06574074074074074
4 0.07604166666666666 0.2689814814814815 0.0375 0.06018518518518518
4 0.14661458333333333 0.2708333333333333 0.025520833333333333 0.049074074074074076
5 0.10703125 0.37453703703703706 0.07239583333333334 0.10277777777777777
17 0.9716145833333333 0.6152777777777778 0.05677083333333333 0.3416666666666667
4 0.015104166666666667 0.262037037037037 0.029166666666666667 0.04259259259259259
