7 0.8822222222222222 0.5823317307692307 0.072 0.09254807692307693
5 0.43955555555555553 0.5889423076923077 0.06133333333333333 0.0673076923076923
13 0.1688888888888889 0.5913461538461539 0.051555555555555556 0.07451923076923077
13 0.11377777777777778 0.5997596153846154 0.035555555555555556 0.07451923076923077
11 0.04488888888888889 0.6009615384615384 0.06133333333333333 0.07211538461538461
13 0.3168888888888889 0.5733173076923077 0.020444444444444446 0.03365384615384615
18 0.5333333333333333 0.5534855769230769 0.05333333333333334 0.07572115384615384
13 0.5826666666666667 0.5643028846153846 0.013333333333333334 0.025240384615384616
18 0.43733333333333335 0.5408653846153846 0.02311111111111111 0.03365384615384615
13 0.7471111111111111 0.5727163461538461 0.022222222222222223 0.04927884615384615
18 0.2551111111111111 0.5709134615384616 0.051555555555555556 0.057692307692307696
9 0.34844444444444445 0.5631009615384616 0.035555555555555556 0.025240384615384616
18 0.39466666666666667 0.5534855769230769 0.024888888888888887 0.037259615384615384
