15 0.8421875 0.662962962962963 0.10208333333333333 0.1685185185185185
5 0.93359375 0.6097222222222223 0.08489583333333334 0.11944444444444445
5 0.8 0.6106481481481482 0.09270833333333334 0.125
5 0.66015625 0.5939814814814814 0.09322916666666667 0.125
10 0.5861979166666667 0.6226851851851852 0.0328125 0.04722222222222222
4 0.59296875 0.48703703703703705 0.16927083333333334 0.22037037037037038
13 0.35963541666666665 0.6606481481481481 0.06302083333333333 0.10277777777777777
11 0.5421875 0.6902777777777778 0.10729166666666666 0.15833333333333333
5 0.7815104166666667 0.4652777777777778 0.07239583333333334 0.08425925925925926
17 0.7533854166666667 0.40324074074074073 0.0484375 0.075
