9 0.9171875 0.41388888888888886 0.12083333333333333 0.1425925925925926
5 0.7838541666666666 0.40925925925925927 0.034375 0.04814814814814815
13 0.80859375 0.3962962962962963 0.015104166666666667 0.053703703703703705
13 0.8502604166666666 0.39861111111111114 0.022395833333333334 0.06759259259259259
10 0.7005208333333334 0.41898148148148145 0.021875 0.0787037037037037
13 0.4705729166666667 0.425 0.025520833333333333 0.04259259259259259
13 0.4856770833333333 0.41759259259259257 0.0203125 0.03888888888888889
5 0.43203125 0.44027777777777777 0.03177083333333333 0.05277777777777778
5 0.29296875 0.4583333333333333 0.0703125 0.06111111111111111
4 0.37786458333333334 0.4217592592592593 0.0515625 0.11388888888888889
13 0.13151041666666666 0.4546296296296296 0.024479166666666666 0.04259259259259259
5 0.0921875 0.48935185185185187 0.10520833333333333 0.06018518518518518
10 0.0203125 0.5027777777777778 0.03958333333333333 0.053703703703703705
