14 0.5726851851851852 0.4192708333333333 0.05092592592592592 0.05625
10 0.611574074074074 0.4005208333333333 0.019444444444444445 0.01875
13 0.29953703703703705 0.4044270833333333 0.041666666666666664 0.03802083333333333
5 0.21388888888888888 0.40234375 0.046296296296296294 0.022395833333333334
4 0.09398148148148149 0.39114583333333336 0.14537037037037037 0.15208333333333332
13 0.17777777777777778 0.40130208333333334 0.024074074074074074 0.027604166666666666
4 0.3763888888888889 0.3921875 0.023148148148148147 0.019791666666666666
4 0.3347222222222222 0.39166666666666666 0.023148148148148147 0.026041666666666668
4 0.5462962962962963 0.39296875 0.037037037037037035 0.0265625
13 0.40324074074074073 0.39609375 0.01574074074074074 0.013020833333333334
