5 0.6652777777777777 0.5846354166666666 0.1638888888888889 0.0796875
15 0.4634259259259259 0.5752604166666667 0.15648148148148147 0.0734375
5 0.21388888888888888 0.5705729166666667 0.11666666666666667 0.05260416666666667
17 0.31296296296296294 0.5666666666666667 0.06296296296296296 0.04791666666666667
17 0.0125 0.5872395833333334 0.023148148148148147 0.10572916666666667
17 0.12268518518518519 0.56484375 0.04537037037037037 0.033854166666666664
13 0.26064814814814813 0.5591145833333333 0.026851851851851852 0.024479166666666666
9 0.8837962962962963 0.5653645833333333 0.14351851851851852 0.08385416666666666
15 0.9777777777777777 0.5684895833333333 0.044444444444444446 0.0234375
5 0.5837962962962963 0.5674479166666667 0.028703703703703703 0.0359375
18 0.49166666666666664 0.52109375 0.1574074074074074 0.0484375
