5 0.7432208994708994 0.5612599206349206 0.21329365079365079 0.05406746031746032
13 0.3014219576719577 0.5592757936507936 0.0539021164021164 0.061507936507936505
13 0.3374669312169312 0.5376984126984127 0.026124338624338623 0.029265873015873016
5 0.4146825396825397 0.5336061507936508 0.03505291005291005 0.016617063492063492
13 0.23214285714285715 0.5458829365079365 0.021825396825396824 0.04017857142857143
13 0.19196428571428573 0.5496031746031746 0.02414021164021164 0.04563492063492063
13 0.1787367724867725 0.5525793650793651 0.023478835978835978 0.04563492063492063
13 0.5317460317460317 0.5276537698412699 0.010582010582010581 0.01314484126984127
13 0.546792328042328 0.5255456349206349 0.01025132275132275 0.005456349206349206
13 0.621031746031746 0.5239335317460317 0.011904761904761904 0.009176587301587302
