4 0.4549479166666667 0.6837962962962963 0.3890625 0.5120370370370371
5 0.38984375 0.5171296296296296 0.1796875 0.19166666666666668
17 0.115625 0.8773148148148148 0.15416666666666667 0.24537037037037038
13 0.09270833333333334 0.6615740740740741 0.1125 0.1361111111111111
17 0.23125 0.7393518518518518 0.11354166666666667 0.23796296296296296
17 0.0640625 0.8203703703703704 0.12708333333333333 0.24259259259259258
17 0.0640625 0.8185185185185185 0.12708333333333333 0.24259259259259258
17 0.58515625 0.37083333333333335 0.0859375 0.1287037037037037
5 0.9544270833333334 0.08842592592592592 0.09114583333333333 0.11944444444444445
13 0.5721354166666667 0.2518518518518518 0.07447916666666667 0.11666666666666667
17 0.24192708333333332 0.6268518518518519 0.12864583333333332 0.1537037037037037
15 0.9690104166666667 0.1824074074074074 0.0609375 0.1037037037037037
