13 0.7657407407407407 0.5184895833333333 0.07592592592592592 0.06927083333333334
13 0.6902777777777778 0.5130208333333334 0.03981481481481482 0.0375
13 0.6546296296296297 0.5119791666666667 0.037037037037037035 0.036458333333333336
5 0.5726851851851852 0.5145833333333333 0.049074074074074076 0.025
5 0.524537037037037 0.5114583333333333 0.041666666666666664 0.01875
5 0.34074074074074073 0.5119791666666667 0.040740740740740744 0.020833333333333332
10 0.4351851851851852 0.5114583333333333 0.024074074074074074 0.026041666666666668
19 0.24027777777777778 0.51640625 0.07685185185185185 0.0390625
19 0.12222222222222222 0.51640625 0.07777777777777778 0.050520833333333334
10 0.17962962962962964 0.5169270833333334 0.025925925925925925 0.03177083333333333
17 0.01712962962962963 0.5263020833333333 0.030555555555555555 0.0671875
17 0.2875 0.5143229166666666 0.021296296296296296 0.0296875
9 0.6199074074074075 0.509375 0.03981481481481482 0.026041666666666668
