5 0.153125 0.7949074074074074 0.3020833333333333 0.3194444444444444
15 0.8872395833333333 0.7333333333333333 0.19635416666666666 0.1925925925925926
5 0.7190104166666667 0.7171296296296297 0.08385416666666666 0.08981481481481482
9 0.5364583333333334 0.7194444444444444 0.096875 0.18888888888888888
17 0.4083333333333333 0.7 0.041666666666666664 0.08518518518518518
19 0.6033854166666667 0.6990740740740741 0.059895833333333336 0.09444444444444444
11 0.640625 0.6944444444444444 0.023958333333333335 0.06296296296296296
18 0.8822916666666667 0.6324074074074074 0.18229166666666666 0.1259259259259259
18 0.7005208333333334 0.6625 0.0375 0.026851851851851852
10 0.34609375 0.7032407407407407 0.025520833333333333 0.0712962962962963
10 0.3684895833333333 0.7092592592592593 0.0234375 0.08148148148148149
15 0.44453125 0.6865740740740741 0.0171875 0.03981481481481482
5 0.4822916666666667 0.6972222222222222 0.019791666666666666 0.040740740740740744
