19 0.1359375 0.475 0.171875 0.1574074074074074
9 0.3580729166666667 0.5842592592592593 0.044270833333333336 0.053703703703703705
5 0.5135416666666667 0.700925925925926 0.020833333333333332 0.03333333333333333
5 0.5346354166666667 0.6986111111111111 0.0171875 0.026851851851851852
18 0.63828125 0.6833333333333333 0.03697916666666667 0.05740740740740741
4 0.5828125 0.6782407407407407 0.019791666666666666 0.04351851851851852
5 0.7158854166666667 0.7083333333333334 0.0359375 0.024074074074074074
9 0.8958333333333334 0.7101851851851851 0.08125 0.05555555555555555
3 0.45 0.700462962962963 0.007291666666666667 0.04351851851851852
4 0.5075520833333333 0.6814814814814815 0.013020833333333334 0.027777777777777776
