13 0.83671875 0.7486111111111111 0.3171875 0.48055555555555557
17 0.3328125 0.5527777777777778 0.26875 0.37222222222222223
13 0.44609375 0.7013888888888888 0.2453125 0.5916666666666667
13 0.72734375 0.65 0.2046875 0.5555555555555556
13 0.5765625 0.5736111111111111 0.153125 0.4527777777777778
7 0.91484375 0.3597222222222222 0.1328125 0.19722222222222222
13 0.10625 0.5569444444444445 0.18125 0.26944444444444443
13 0.7828125 0.4083333333333333 0.10625 0.14444444444444443
4 0.8765625 0.2722222222222222 0.15 0.12222222222222222
4 0.61953125 0.275 0.0484375 0.07777777777777778
13 0.690625 0.3416666666666667 0.046875 0.08333333333333333
11 0.2796875 0.35 0.05625 0.08888888888888889
7 0.55859375 0.30416666666666664 0.0359375 0.06388888888888888
11 0.1015625 0.36944444444444446 0.125 0.11666666666666667
13 0.2515625 0.39305555555555555 0.059375 0.09722222222222222
