5 0.215625 0.8319444444444445 0.15625 0.3175925925925926
11 0.5598958333333334 0.7685185185185185 0.115625 0.2814814814814815
5 0.6932291666666667 0.7412037037037037 0.12291666666666666 0.24537037037037038
15 0.36692708333333335 0.6273148148148148 0.08489583333333334 0.20833333333333334
17 0.4549479166666667 0.7134259259259259 0.07239583333333334 0.2324074074074074
5 0.44817708333333334 0.5412037037037037 0.0671875 0.14537037037037037
9 0.5096354166666667 0.45 0.06197916666666667 0.1425925925925926
7 0.38828125 0.4115740740740741 0.0515625 0.14537037037037037
11 0.44583333333333336 0.37175925925925923 0.046875 0.14166666666666666
17 0.48020833333333335 0.3402777777777778 0.020833333333333332 0.06759259259259259
5 0.5213541666666667 0.3541666666666667 0.03854166666666667 0.062037037037037036
17 0.57109375 0.3675925925925926 0.034895833333333334 0.08148148148148149
17 0.6286458333333333 0.46620370370370373 0.046875 0.10833333333333334
10 0.60703125 0.3976851851851852 0.024479166666666666 0.07314814814814814
10 0.6721354166666667 0.5694444444444444 0.0359375 0.11851851851851852
17 0.8390625 0.5671296296296297 0.11354166666666667 0.13425925925925927
13 0.7505208333333333 0.47314814814814815 0.0625 0.11666666666666667
13 0.8171875 0.47962962962962963 0.06041666666666667 0.08518518518518518
13 0.8716145833333333 0.48935185185185187 0.03802083333333333 0.07314814814814814
5 0.11979166666666667 0.500462962962963 0.11145833333333334 0.125
17 0.025260416666666667 0.5171296296296296 0.049479166666666664 0.14166666666666666
4 0.07317708333333334 0.32916666666666666 0.1453125 0.18611111111111112
9 0.19322916666666667 0.3763888888888889 0.075 0.10092592592592593
15 0.16119791666666666 0.3425925925925926 0.08177083333333333 0.09444444444444444
17 0.1890625 0.29305555555555557 0.034375 0.05648148148148148
10 0.2171875 0.25462962962962965 0.0125 0.053703703703703705
15 0.25677083333333334 0.2935185185185185 0.04479166666666667 0.053703703703703705
5 0.2955729166666667 0.23657407407407408 0.0234375 0.032407407407407406
5 0.30807291666666664 0.20972222222222223 0.022395833333333334 0.028703703703703703
0 0.5192708333333333 0.2490740740740741 0.026041666666666668 0.05185185185185185
9 0.5213541666666667 0.3037037037037037 0.03125 0.04814814814814815
17 0.44427083333333334 0.2611111111111111 0.01875 0.046296296296296294
17 0.43463541666666666 0.3111111111111111 0.0265625 0.05185185185185185
5 0.3966145833333333 0.3236111111111111 0.04114583333333333 0.04351851851851852
5 0.3419270833333333 0.3458333333333333 0.044270833333333336 0.06944444444444445
9 0.35625 0.2814814814814815 0.036458333333333336 0.07037037037037037
19 0.41067708333333336 0.24953703703703703 0.0265625 0.05648148148148148
19 0.46145833333333336 0.29444444444444445 0.029166666666666667 0.03333333333333333
19 0.46901041666666665 0.24953703703703703 0.025520833333333333 0.05648148148148148
5 0.50859375 0.2722222222222222 0.033854166666666664 0.044444444444444446
5 0.37994791666666666 0.22268518518518518 0.0234375 0.032407407407407406
5 0.4127604166666667 0.2125 0.0203125 0.028703703703703703
18 0.43671875 0.22870370370370371 0.028645833333333332 0.05740740740740741
4 0.46640625 0.17962962962962964 0.025520833333333333 0.05
4 0.46458333333333335 0.14583333333333334 0.01875 0.030555555555555555
4 0.48489583333333336 0.16944444444444445 0.020833333333333332 0.04259259259259259
5 0.478125 0.2125 0.01875 0.019444444444444445
19 0.4864583333333333 0.19074074074074074 0.014583333333333334 0.024074074074074074
19 0.4356770833333333 0.18472222222222223 0.0140625 0.026851851851851852
9 0.4127604166666667 0.19444444444444445 0.0203125 0.03148148148148148
11 0.40520833333333334 0.16342592592592592 0.014583333333333334 0.017592592592592594
9 0.3859375 0.20416666666666666 0.019791666666666666 0.026851851851851852
17 0.3924479166666667 0.19814814814814816 0.0140625 0.02962962962962963
19 0.40078125 0.1787037037037037 0.015104166666666667 0.022222222222222223
19 0.41901041666666666 0.17916666666666667 0.013020833333333334 0.021296296296296296
4 0.4375 0.14166666666666666 0.013541666666666667 0.022222222222222223
5 0.44192708333333336 0.1763888888888889 0.015104166666666667 0.017592592592592594
5 0.3697916666666667 0.1648148148148148 0.013541666666666667 0.016666666666666666
1 0.09583333333333334 0.2412037037037037 0.09895833333333333 0.0787037037037037
19 0.8125 0.9388888888888889 0.19166666666666668 0.11481481481481481
