17 0.07552083333333333 0.6509259259259259 0.06145833333333333 0.10740740740740741
5 0.029166666666666667 0.5652777777777778 0.05625 0.04537037037037037
1 0.10625 0.5083333333333333 0.09791666666666667 0.11296296296296296
13 0.44557291666666665 0.7157407407407408 0.0921875 0.12962962962962962
13 0.5997395833333333 0.7962962962962963 0.10677083333333333 0.15185185185185185
13 0.6098958333333333 0.7472222222222222 0.09270833333333334 0.10740740740740741
13 0.4786458333333333 0.6439814814814815 0.07083333333333333 0.10462962962962963
13 0.5671875 0.6773148148148148 0.15833333333333333 0.10462962962962963
13 0.8052083333333333 0.7810185185185186 0.115625 0.14166666666666666
13 0.8580729166666666 0.7449074074074075 0.10364583333333334 0.1398148148148148
13 0.7981770833333334 0.6152777777777778 0.0796875 0.09907407407407408
13 0.87265625 0.6217592592592592 0.04010416666666667 0.08981481481481482
13 0.90234375 0.6712962962962963 0.0421875 0.11296296296296296
5 0.3421875 0.575925925925926 0.046875 0.07592592592592592
5 0.4010416666666667 0.5763888888888888 0.04375 0.07685185185185185
5 0.5106770833333333 0.549074074074074 0.0421875 0.06851851851851852
5 0.5421875 0.5972222222222222 0.058333333333333334 0.08518518518518518
15 0.5783854166666667 0.5638888888888889 0.05677083333333333 0.07962962962962963
15 0.453125 0.5689814814814815 0.04583333333333333 0.0824074074074074
15 0.4640625 0.5361111111111111 0.042708333333333334 0.06666666666666667
15 0.3984375 0.5324074074074074 0.042708333333333334 0.053703703703703705
17 0.38723958333333336 0.5097222222222222 0.019270833333333334 0.06018518518518518
19 0.41953125 0.49675925925925923 0.0359375 0.07314814814814814
9 0.46432291666666664 0.5037037037037037 0.0390625 0.06666666666666667
11 0.4471354166666667 0.43194444444444446 0.022395833333333334 0.05092592592592592
9 0.41640625 0.45601851851851855 0.030729166666666665 0.04722222222222222
5 0.5278645833333333 0.48564814814814816 0.0296875 0.04537037037037037
17 0.49375 0.49166666666666664 0.019791666666666666 0.04259259259259259
17 0.55 0.4597222222222222 0.017708333333333333 0.032407407407407406
17 0.5619791666666667 0.4689814814814815 0.021875 0.025
17 0.5296875 0.45231481481481484 0.022916666666666665 0.026851851851851852
17 0.43020833333333336 0.43657407407407406 0.014583333333333334 0.032407407407407406
4 0.4661458333333333 0.37546296296296294 0.022916666666666665 0.041666666666666664
4 0.484375 0.36712962962962964 0.017708333333333333 0.03611111111111111
4 0.4625 0.34629629629629627 0.01875 0.03148148148148148
7 0.4109375 0.4203703703703704 0.016666666666666666 0.02962962962962963
5 0.35078125 0.5370370370370371 0.04114583333333333 0.06111111111111111
11 0.35494791666666664 0.4837962962962963 0.034895833333333334 0.07314814814814814
11 0.40677083333333336 0.37175925925925923 0.011458333333333333 0.017592592592592594
9 0.38177083333333334 0.42268518518518516 0.017708333333333333 0.032407407407407406
5 0.38203125 0.462037037037037 0.0203125 0.03333333333333333
9 0.4153645833333333 0.39537037037037037 0.015104166666666667 0.020370370370370372
18 0.4434895833333333 0.4027777777777778 0.019270833333333334 0.011111111111111112
0 0.5125 0.41805555555555557 0.027083333333333334 0.032407407407407406
5 0.5442708333333334 0.5009259259259259 0.029166666666666667 0.044444444444444446
19 0.48932291666666666 0.4601851851851852 0.028645833333333332 0.05740740740740741
19 0.47161458333333334 0.4236111111111111 0.0234375 0.04351851851851852
19 0.4544270833333333 0.48148148148148145 0.0296875 0.06851851851851852
19 0.4856770833333333 0.4166666666666667 0.0140625 0.022222222222222223
19 0.4205729166666667 0.3814814814814815 0.0109375 0.016666666666666666
19 0.43671875 0.3819444444444444 0.013020833333333334 0.017592592592592594
13 0.3184895833333333 0.3921296296296296 0.009895833333333333 0.026851851851851852
5 0.37213541666666666 0.36666666666666664 0.009895833333333333 0.014814814814814815
4 0.4361979166666667 0.34675925925925927 0.011979166666666667 0.021296296296296296
4 0.415625 0.3435185185185185 0.010416666666666666 0.020370370370370372
9 0.4393229166666667 0.36435185185185187 0.009895833333333333 0.01574074074074074
