13 0.8390625 0.5680555555555555 0.321875 0.5194444444444445
11 0.778125 0.3972222222222222 0.38125 0.3
11 0.425 0.3541666666666667 0.175 0.25277777777777777
13 0.22578125 0.46111111111111114 0.2140625 0.4
13 0.11875 0.3611111111111111 0.078125 0.20555555555555555
11 0.42578125 0.35694444444444445 0.1828125 0.24166666666666667
11 0.3171875 0.30833333333333335 0.084375 0.14444444444444443
13 0.5078125 0.6652777777777777 0.44375 0.41388888888888886
13 0.06328125 0.7125 0.1234375 0.5694444444444444
13 0.06171875 0.4305555555555556 0.1203125 0.35555555555555557
