13 0.45546875 0.6087962962962963 0.17135416666666667 0.3101851851851852
5 0.7986979166666667 0.5523148148148148 0.14739583333333334 0.13240740740740742
4 0.959375 0.4962962962962963 0.078125 0.2574074074074074
10 0.6276041666666666 0.5314814814814814 0.071875 0.11296296296296296
5 0.18151041666666667 0.4847222222222222 0.0546875 0.06574074074074074
13 0.22682291666666668 0.4912037037037037 0.028645833333333332 0.08611111111111111
13 0.27317708333333335 0.4837962962962963 0.03177083333333333 0.08796296296296297
17 0.30755208333333334 0.46944444444444444 0.030729166666666665 0.05555555555555555
4 0.2520833333333333 0.43842592592592594 0.041666666666666664 0.09537037037037037
4 0.21276041666666667 0.4351851851851852 0.0328125 0.07407407407407407
13 0.13177083333333334 0.47962962962962963 0.034375 0.08333333333333333
5 0.17630208333333333 0.43703703703703706 0.018229166666666668 0.018518518518518517
13 0.016927083333333332 0.49583333333333335 0.03177083333333333 0.08611111111111111
17 0.5216145833333333 0.4898148148148148 0.03802083333333333 0.07777777777777778
13 0.37942708333333336 0.4810185185185185 0.04739583333333333 0.13796296296296295
13 0.44114583333333335 0.49444444444444446 0.06041666666666667 0.14629629629629629
4 0.45 0.4439814814814815 0.08020833333333334 0.06759259259259259
5 0.5864583333333333 0.5087962962962963 0.090625 0.0787037037037037
13 0.68984375 0.5231481481481481 0.07239583333333334 0.11296296296296296
4 0.740625 0.46620370370370373 0.13854166666666667 0.09166666666666666
13 0.8375 0.4962962962962963 0.07916666666666666 0.07592592592592592
13 0.8877604166666667 0.500462962962963 0.03802083333333333 0.0824074074074074
