17 0.10003306878306878 0.5060763888888888 0.19212962962962962 0.11532738095238096
10 0.279265873015873 0.4703621031746032 0.03207671957671958 0.03943452380952381
5 0.451223544973545 0.46825396825396826 0.03736772486772487 0.020833333333333332
7 0.39037698412698413 0.45969742063492064 0.03009259259259259 0.02703373015873016
15 0.4699074074074074 0.4634176587301587 0.02447089947089947 0.020089285714285716
10 0.5147156084656085 0.4634176587301587 0.00958994708994709 0.013640873015873016
5 0.49834656084656087 0.4595734126984127 0.00992063492063492 0.006448412698412698
4 0.5200066137566137 0.4575892857142857 0.012235449735449735 0.012896825396825396
13 0.5436507936507936 0.46217757936507936 0.011243386243386243 0.013640873015873016
4 0.5444775132275133 0.4582093253968254 0.00958994708994709 0.010168650793650794
10 0.5325727513227513 0.45969742063492064 0.002976190476190476 0.004712301587301587
5 0.8014219576719577 0.4774305555555556 0.10284391534391535 0.027777777777777776
15 0.7127976190476191 0.4701140873015873 0.05787037037037037 0.026537698412698412
5 0.6516203703703703 0.46750992063492064 0.030753968253968252 0.013392857142857142
5 0.6167328042328042 0.46577380952380953 0.023809523809523808 0.014384920634920634
15 0.6010251322751323 0.46403769841269843 0.016203703703703703 0.010912698412698412
4 0.5532407407407407 0.45709325396825395 0.008597883597883597 0.00744047619047619
15 0.5686177248677249 0.46068948412698413 0.013558201058201057 0.006200396825396825
10 0.6775793650793651 0.46850198412698413 0.009259259259259259 0.011408730158730158
13 0.42394179894179895 0.4618055555555556 0.015873015873015872 0.018353174603174604
10 0.9457671957671958 0.4816468253968254 0.0291005291005291 0.03819444444444445
