13 0.83046875 0.8111111111111111 0.3328125 0.3611111111111111
13 0.4078125 0.6013888888888889 0.10625 0.3194444444444444
13 0.1390625 0.6444444444444445 0.26875 0.4444444444444444
13 0.2015625 0.5972222222222222 0.225 0.3333333333333333
13 0.253125 0.5388888888888889 0.190625 0.25
11 0.61328125 0.5805555555555556 0.1328125 0.3055555555555556
4 0.2640625 0.3972222222222222 0.203125 0.2111111111111111
13 0.4953125 0.4625 0.03125 0.11388888888888889
4 0.3890625 0.37222222222222223 0.040625 0.08333333333333333
13 0.54453125 0.4930555555555556 0.0484375 0.15833333333333333
13 0.42421875 0.43472222222222223 0.0359375 0.04722222222222222
13 0.465625 0.44166666666666665 0.028125 0.07777777777777778
13 0.95 0.5055555555555555 0.09375 0.12222222222222222
19 0.59453125 0.4152777777777778 0.0484375 0.05277777777777778
