5 0.7520833333333333 0.7013888888888888 0.11145833333333334 0.13240740740740742
4 0.0859375 0.5703703703703704 0.16875 0.5574074074074075
17 0.4388020833333333 0.7060185185185185 0.058854166666666666 0.13425925925925927
5 0.29609375 0.6944444444444444 0.10989583333333333 0.13703703703703704
10 0.6447916666666667 0.700925925925926 0.022916666666666665 0.07962962962962963
9 0.8609375 0.6657407407407407 0.0875 0.046296296296296294
4 0.59921875 0.6564814814814814 0.0609375 0.1
18 0.6763020833333333 0.6532407407407408 0.050520833333333334 0.062037037037037036
4 0.53046875 0.6541666666666667 0.03697916666666667 0.08611111111111111
19 0.48203125 0.6861111111111111 0.0484375 0.10740740740740741
9 0.40625 0.6796296296296296 0.036458333333333336 0.08703703703703704
17 0.3841145833333333 0.6717592592592593 0.021354166666666667 0.05277777777777778
5 0.6984375 0.687037037037037 0.036458333333333336 0.05925925925925926
