15 0.6858465608465608 0.4820188492063492 0.48148148148148145 0.20262896825396826
5 0.30092592592592593 0.4165426587301587 0.11044973544973545 0.05927579365079365
5 0.35085978835978837 0.4035218253968254 0.056216931216931214 0.04265873015873016
10 0.18551587301587302 0.40612599206349204 0.03306878306878307 0.04241071428571429
5 0.21494708994708994 0.4036458333333333 0.03835978835978836 0.03447420634920635
3 0.020337301587301588 0.4038938492063492 0.021494708994708994 0.03993055555555555
5 0.08664021164021164 0.40339781746031744 0.06084656084656084 0.03149801587301587
11 0.1583994708994709 0.38764880952380953 0.04034391534391534 0.03670634920634921
5 0.17046957671957672 0.4001736111111111 0.022817460317460316 0.02703373015873016
5 0.2447089947089947 0.3970734126984127 0.036375661375661374 0.021825396825396824
4 0.10036375661375661 0.3773561507936508 0.02943121693121693 0.011656746031746032
17 0.12318121693121693 0.3916170634920635 0.018187830687830687 0.018353174603174604
4 0.07506613756613757 0.3785962301587302 0.01984126984126984 0.009176587301587302
