13 0.82578125 0.7166666666666667 0.2640625 0.5666666666666667
13 0.3796875 0.7166666666666667 0.3375 0.5666666666666667
13 0.6109375 0.6125 0.13125 0.375
17 0.675 0.4486111111111111 0.05 0.10833333333333334
9 0.4515625 0.4041666666666667 0.09375 0.058333333333333334
4 0.86796875 0.4125 0.1390625 0.13055555555555556
5 0.72421875 0.44722222222222224 0.0453125 0.08888888888888889
5 0.11015625 0.5652777777777778 0.2171875 0.225
5 0.365625 0.42916666666666664 0.0875 0.03611111111111111
13 0.52109375 0.48333333333333334 0.0703125 0.18333333333333332
