13 0.12734375 0.6180555555555556 0.2515625 0.7638888888888888
13 0.46953125 0.4263888888888889 0.2109375 0.6416666666666667
13 0.29140625 0.16527777777777777 0.0859375 0.24166666666666667
13 0.378125 0.2111111111111111 0.090625 0.31666666666666665
11 0.12109375 0.19166666666666668 0.2359375 0.37777777777777777
4 0.28359375 0.08194444444444444 0.2171875 0.15833333333333333
11 0.8328125 0.49722222222222223 0.33125 0.9888888888888889
11 0.61875 0.07777777777777778 0.125 0.1388888888888889
11 0.7296875 0.03333333333333333 0.053125 0.06111111111111111
13 0.45234375 0.05138888888888889 0.0421875 0.06388888888888888
13 0.4953125 0.05 0.025 0.06666666666666667
