18 0.78359375 0.6291666666666667 0.1828125 0.30277777777777776
18 0.12109375 0.5736111111111111 0.2359375 0.3472222222222222
13 0.371875 0.6583333333333333 0.1125 0.2833333333333333
13 0.48984375 0.6569444444444444 0.0828125 0.2916666666666667
4 0.69921875 0.5291666666666667 0.1203125 0.225
13 0.590625 0.5333333333333333 0.03125 0.08333333333333333
13 0.61015625 0.6375 0.0953125 0.11944444444444445
12 0.91640625 0.5958333333333333 0.1640625 0.2361111111111111
13 0.54765625 0.49722222222222223 0.0171875 0.03888888888888889
11 0.475 0.5319444444444444 0.0875 0.10833333333333334
