17 0.23828125 0.7870370370370371 0.0703125 0.1685185185185185
17 0.9546875 0.8657407407407407 0.08333333333333333 0.1814814814814815
17 0.9338541666666667 0.8013888888888889 0.10104166666666667 0.15092592592592594
17 0.8565104166666667 0.7013888888888888 0.07135416666666666 0.13240740740740742
17 0.9052083333333333 0.7402777777777778 0.090625 0.12314814814814815
17 0.8552083333333333 0.6078703703703704 0.06458333333333334 0.06574074074074074
17 0.94609375 0.6226851851851852 0.07447916666666667 0.06574074074074074
17 0.8151041666666666 0.5833333333333334 0.05416666666666667 0.07037037037037037
17 0.2638020833333333 0.5481481481481482 0.03802083333333333 0.09074074074074075
10 0.22734375 0.6259259259259259 0.0328125 0.09814814814814815
4 0.07083333333333333 0.8101851851851852 0.13958333333333334 0.37592592592592594
5 0.35572916666666665 0.5462962962962963 0.05625 0.08333333333333333
5 0.2791666666666667 0.41805555555555557 0.029166666666666667 0.049074074074074076
5 0.25546875 0.9449074074074074 0.12552083333333333 0.11018518518518519
5 0.39505208333333336 0.8458333333333333 0.11614583333333334 0.1787037037037037
11 0.3328125 0.34305555555555556 0.025 0.06388888888888888
5 0.309375 0.33935185185185185 0.017708333333333333 0.028703703703703703
5 0.30390625 0.3199074074074074 0.016145833333333335 0.023148148148148147
18 0.2911458333333333 0.2912037037037037 0.016666666666666666 0.012037037037037037
17 0.2796875 0.30694444444444446 0.0125 0.023148148148148147
17 0.2908854166666667 0.3074074074074074 0.009895833333333333 0.020370370370370372
5 0.33098958333333334 0.30185185185185187 0.013020833333333334 0.012962962962962963
11 0.3463541666666667 0.3125 0.016666666666666666 0.030555555555555555
5 0.31588541666666664 0.3087962962962963 0.0109375 0.023148148148148147
5 0.8377604166666667 0.8851851851851852 0.16614583333333333 0.17222222222222222
5 0.74375 0.9412037037037037 0.15416666666666667 0.09907407407407408
5 0.9151041666666667 0.9662037037037037 0.153125 0.049074074074074076
9 0.70703125 0.7277777777777777 0.11510416666666666 0.16666666666666666
10 0.6338541666666667 0.8824074074074074 0.057291666666666664 0.1962962962962963
10 0.69375 0.8467592592592592 0.058333333333333334 0.13240740740740742
10 0.7494791666666667 0.8495370370370371 0.040625 0.10462962962962963
10 0.728125 0.8273148148148148 0.04479166666666667 0.14537037037037037
5 0.5880208333333333 0.7236111111111111 0.10625 0.14351851851851852
5 0.9643229166666667 0.7226851851851852 0.06822916666666666 0.12685185185185185
15 0.7776041666666667 0.6162037037037037 0.09479166666666666 0.10648148148148148
15 0.67421875 0.5888888888888889 0.08489583333333334 0.09259259259259259
17 0.5682291666666667 0.5564814814814815 0.04375 0.06666666666666667
4 0.6369791666666667 0.42407407407407405 0.1125 0.1037037037037037
11 0.5588541666666667 0.4310185185185185 0.05416666666666667 0.06759259259259259
5 0.5481770833333334 0.6550925925925926 0.0734375 0.12685185185185185
5 0.5109375 0.6027777777777777 0.07083333333333333 0.09814814814814815
5 0.59453125 0.6083333333333333 0.07447916666666667 0.09814814814814815
17 0.6869791666666667 0.5319444444444444 0.057291666666666664 0.03981481481481482
19 0.49114583333333334 0.538425925925926 0.065625 0.125
19 0.4734375 0.42453703703703705 0.0375 0.058333333333333334
19 0.44817708333333334 0.47962962962962963 0.04739583333333333 0.08888888888888889
9 0.4158854166666667 0.42685185185185187 0.021354166666666667 0.07222222222222222
9 0.40572916666666664 0.4023148148148148 0.028125 0.049074074074074076
4 0.48932291666666666 0.35138888888888886 0.049479166666666664 0.06574074074074074
11 0.4591145833333333 0.3625 0.03177083333333333 0.04351851851851852
17 0.5169270833333334 0.4351851851851852 0.0265625 0.044444444444444446
18 0.521875 0.3925925925925926 0.04895833333333333 0.046296296296296294
4 0.565625 0.3888888888888889 0.040625 0.046296296296296294
11 0.396875 0.3592592592592593 0.028125 0.05185185185185185
15 0.42213541666666665 0.35324074074074074 0.019270833333333334 0.041666666666666664
4 0.42161458333333335 0.29953703703703705 0.019270833333333334 0.025
5 0.39140625 0.325 0.0140625 0.014814814814814815
5 0.3893229166666667 0.3013888888888889 0.0140625 0.01574074074074074
11 0.37890625 0.32083333333333336 0.0171875 0.03796296296296296
17 0.8106770833333333 0.7560185185185185 0.0921875 0.09907407407407408
5 0.79140625 0.7037037037037037 0.11822916666666666 0.09259259259259259
5 0.71875 0.6351851851851852 0.0875 0.06111111111111111
5 0.78828125 0.5555555555555556 0.0671875 0.05
9 0.63828125 0.5041666666666667 0.0515625 0.05648148148148148
9 0.5760416666666667 0.49398148148148147 0.051041666666666666 0.05092592592592592
5 0.5473958333333333 0.5481481481481482 0.04895833333333333 0.07592592592592592
10 0.715625 0.4791666666666667 0.019791666666666666 0.03981481481481482
15 0.7348958333333333 0.5277777777777778 0.058333333333333334 0.05740740740740741
