5 0.6947916666666667 0.6402777777777777 0.08958333333333333 0.11388888888888889
13 0.60390625 0.6319444444444444 0.0421875 0.11203703703703703
4 0.5513020833333333 0.5606481481481481 0.0453125 0.09166666666666666
13 0.42213541666666665 0.6055555555555555 0.0671875 0.08888888888888889
5 0.228125 0.6856481481481481 0.24270833333333333 0.14537037037037037
5 0.6197916666666666 0.5888888888888889 0.0375 0.05
16 0.6408854166666667 0.5694444444444444 0.024479166666666666 0.040740740740740744
5 0.60234375 0.5453703703703704 0.03177083333333333 0.05740740740740741
5 0.7419270833333333 0.5763888888888888 0.0453125 0.04351851851851852
5 0.6630208333333333 0.562037037037037 0.021875 0.02962962962962963
13 0.4588541666666667 0.6023148148148149 0.06145833333333333 0.07314814814814814
15 0.5010416666666667 0.5662037037037037 0.017708333333333333 0.025
5 0.89375 0.6069444444444444 0.09270833333333334 0.06944444444444445
