11 0.5690104166666666 0.6699074074074074 0.0921875 0.18981481481481483
4 0.4 0.6754629629629629 0.07291666666666667 0.09722222222222222
10 0.47890625 0.6990740740740741 0.018229166666666668 0.07037037037037037
4 0.4466145833333333 0.674074074074074 0.034895833333333334 0.07037037037037037
5 0.7119791666666667 0.6856481481481481 0.051041666666666666 0.03981481481481482
19 0.7854166666666667 0.6828703703703703 0.04479166666666667 0.04537037037037037
17 0.8763020833333334 0.6837962962962963 0.059895833333333336 0.05277777777777778
4 0.7143229166666667 0.662962962962963 0.034895833333333334 0.044444444444444446
5 0.6630208333333333 0.6884259259259259 0.029166666666666667 0.023148148148148147
4 0.6796875 0.6736111111111112 0.01875 0.04722222222222222
11 0.61953125 0.6884259259259259 0.013020833333333334 0.08981481481481482
5 0.6510416666666666 0.6842592592592592 0.016666666666666666 0.025925925925925925
5 0.9239583333333333 0.8078703703703703 0.15 0.325
