0 0.7674479166666667 0.5592592592592592 0.13177083333333334 0.16666666666666666
19 0.7315104166666667 0.799537037037037 0.1484375 0.3138888888888889
5 0.6294270833333333 0.9236111111111112 0.11510416666666666 0.14166666666666666
10 0.41041666666666665 0.7921296296296296 0.057291666666666664 0.16574074074074074
19 0.5109375 0.7967592592592593 0.10104166666666667 0.30092592592592593
19 0.30833333333333335 0.8810185185185185 0.146875 0.23425925925925925
9 0.4940104166666667 0.3638888888888889 0.0265625 0.05
19 0.4609375 0.46111111111111114 0.03854166666666667 0.08703703703703704
19 0.46770833333333334 0.32916666666666666 0.019791666666666666 0.03981481481481482
17 0.6096354166666667 0.7435185185185185 0.0671875 0.17592592592592593
17 0.6708333333333333 0.5990740740740741 0.057291666666666664 0.10925925925925926
17 0.5786458333333333 0.5814814814814815 0.042708333333333334 0.11666666666666667
17 0.55546875 0.4652777777777778 0.027604166666666666 0.07314814814814814
5 0.6013020833333333 0.5115740740740741 0.049479166666666664 0.08796296296296297
5 0.6458333333333334 0.475462962962963 0.046875 0.07314814814814814
5 0.5828125 0.40046296296296297 0.03229166666666667 0.05092592592592592
5 0.5861979166666667 0.4449074074074074 0.03697916666666667 0.062037037037037036
5 0.5346354166666667 0.4111111111111111 0.033854166666666664 0.046296296296296294
5 0.496875 0.41944444444444445 0.030208333333333334 0.05
15 0.44114583333333335 0.4351851851851852 0.035416666666666666 0.06481481481481481
5 0.4270833333333333 0.5254629629629629 0.053125 0.09351851851851851
5 0.39166666666666666 0.6550925925925926 0.07604166666666666 0.14537037037037037
5 0.21015625 0.6597222222222222 0.10260416666666666 0.12314814814814815
5 0.16927083333333334 0.6166666666666667 0.08854166666666667 0.10925925925925926
5 0.23828125 0.5199074074074074 0.07239583333333334 0.075
5 0.2234375 0.4898148148148148 0.0625 0.07407407407407407
5 0.27760416666666665 0.4287037037037037 0.04895833333333333 0.053703703703703705
5 0.47942708333333334 0.3939814814814815 0.0265625 0.04722222222222222
5 0.571875 0.3486111111111111 0.01875 0.028703703703703703
17 0.5015625 0.44305555555555554 0.026041666666666668 0.04722222222222222
17 0.5307291666666667 0.44074074074074077 0.023958333333333335 0.05185185185185185
17 0.5221354166666666 0.3592592592592593 0.016145833333333335 0.04259259259259259
17 0.5481770833333334 0.3680555555555556 0.0203125 0.041666666666666664
17 0.5419270833333333 0.35324074074074074 0.016145833333333335 0.03796296296296296
17 0.5130208333333334 0.3337962962962963 0.013541666666666667 0.032407407407407406
17 0.46770833333333334 0.34629629629629627 0.014583333333333334 0.03333333333333333
17 0.5302083333333333 0.33935185185185185 0.0125 0.03425925925925926
17 0.4942708333333333 0.33425925925925926 0.016666666666666666 0.014814814814814815
17 0.5166666666666667 0.34953703703703703 0.014583333333333334 0.03425925925925926
17 0.28515625 0.45185185185185184 0.03177083333333333 0.06296296296296296
17 0.31875 0.4236111111111111 0.029166666666666667 0.05277777777777778
17 0.36015625 0.42083333333333334 0.0234375 0.05462962962962963
17 0.146875 0.5152777777777777 0.057291666666666664 0.07314814814814814
10 0.1921875 0.9097222222222222 0.07916666666666666 0.175
1 0.203125 0.4199074074074074 0.08541666666666667 0.10833333333333334
5 0.3385416666666667 0.45925925925925926 0.046875 0.05925925925925926
15 0.29192708333333334 0.5259259259259259 0.06614583333333333 0.07777777777777778
5 0.08072916666666667 0.8847222222222222 0.15729166666666666 0.21944444444444444
5 0.06666666666666667 0.6351851851851852 0.11145833333333334 0.11666666666666667
5 0.32447916666666665 0.38472222222222224 0.019791666666666666 0.026851851851851852
5 0.36875 0.3675925925925926 0.028125 0.03333333333333333
5 0.3776041666666667 0.3912037037037037 0.026041666666666668 0.03796296296296296
5 0.3921875 0.35 0.022916666666666665 0.027777777777777776
4 0.4127604166666667 0.31157407407407406 0.033854166666666664 0.049074074074074076
17 0.38359375 0.33194444444444443 0.015104166666666667 0.028703703703703703
9 0.3458333333333333 0.35833333333333334 0.029166666666666667 0.04259259259259259
10 0.315625 0.3486111111111111 0.014583333333333334 0.032407407407407406
5 0.45651041666666664 0.2824074074074074 0.0109375 0.018518518518518517
10 0.4427083333333333 0.28703703703703703 0.00625 0.012962962962962963
5 0.4669270833333333 0.2740740740740741 0.008854166666666666 0.011111111111111112
11 0.48671875 0.2953703703703704 0.013020833333333334 0.024074074074074074
19 0.4875 0.32083333333333336 0.016666666666666666 0.030555555555555555
5 0.50234375 0.31296296296296294 0.0140625 0.024074074074074074
19 0.52734375 0.2986111111111111 0.0109375 0.021296296296296296
4 0.5450520833333333 0.30694444444444446 0.022395833333333334 0.06018518518518518
4 0.5666666666666667 0.28379629629629627 0.019791666666666666 0.049074074074074076
4 0.5450520833333333 0.26157407407407407 0.018229166666666668 0.030555555555555555
15 0.13229166666666667 0.475 0.04895833333333333 0.07037037037037037
15 0.6111979166666667 0.3726851851851852 0.027604166666666666 0.04722222222222222
5 0.5994791666666667 0.35509259259259257 0.021875 0.03611111111111111
5 0.5747395833333333 0.33240740740740743 0.021354166666666667 0.027777777777777776
5 0.58359375 0.3226851851851852 0.022395833333333334 0.021296296296296296
19 0.5692708333333333 0.3037037037037037 0.013541666666666667 0.025925925925925925
13 0.8609375 0.549074074074074 0.059375 0.11296296296296296
13 0.9171875 0.5541666666666667 0.03958333333333333 0.10648148148148148
10 0.6716145833333333 0.512962962962963 0.025520833333333333 0.06296296296296296
10 0.70234375 0.5226851851851851 0.021354166666666667 0.08796296296296297
5 0.95546875 0.6731481481481482 0.0890625 0.11296296296296296
18 0.5072916666666667 0.5199074074074074 0.05520833333333333 0.11944444444444445
9 0.50625 0.2824074074074074 0.010416666666666666 0.011111111111111112
9 0.5205729166666667 0.28194444444444444 0.009895833333333333 0.01574074074074074
4 0.5197916666666667 0.262037037037037 0.0125 0.020370370370370372
4 0.4984375 0.2587962962962963 0.010416666666666666 0.021296296296296296
9 0.49505208333333334 0.2810185185185185 0.009895833333333333 0.013888888888888888
5 0.9557291666666666 0.6777777777777778 0.0875 0.11851851851851852
