13 0.18203125 0.6652777777777777 0.3359375 0.6694444444444444
13 0.590625 0.7319444444444444 0.35625 0.5361111111111111
11 0.371875 0.36527777777777776 0.228125 0.4083333333333333
4 0.10703125 0.2791666666666667 0.2109375 0.3138888888888889
4 0.2890625 0.22916666666666666 0.1375 0.2361111111111111
13 0.6375 0.37083333333333335 0.14375 0.2972222222222222
13 0.5140625 0.3 0.078125 0.15
13 0.86953125 0.6944444444444444 0.2578125 0.5944444444444444
11 0.91796875 0.3013888888888889 0.1640625 0.23055555555555557
13 0.71484375 0.33055555555555555 0.0796875 0.2222222222222222
4 0.5046875 0.19027777777777777 0.1 0.10833333333333334
