15 0.5413359788359788 0.4324156746031746 0.1626984126984127 0.078125
5 0.3688822751322751 0.4181547619047619 0.12797619047619047 0.06696428571428571
10 0.6779100529100529 0.4252232142857143 0.041666666666666664 0.06572420634920635
3 0.016203703703703703 0.39558531746031744 0.022486772486772486 0.061507936507936505
5 0.06580687830687831 0.39521329365079366 0.07407407407407407 0.050347222222222224
11 0.1853505291005291 0.3810763888888889 0.08630952380952381 0.08754960317460317
5 0.2926587301587302 0.40625 0.09391534391534391 0.05406746031746032
5 0.6091269841269841 0.42646329365079366 0.09126984126984126 0.06969246031746032
5 0.44907407407407407 0.4134424603174603 0.07605820105820106 0.05505952380952381
4 0.9351851851851852 0.388640873015873 0.12764550264550265 0.0625
5 0.1283068783068783 0.3897569444444444 0.032407407407407406 0.04389880952380952
4 0.11656746031746032 0.35751488095238093 0.0539021164021164 0.047867063492063495
5 0.26603835978835977 0.39533730158730157 0.05588624338624339 0.041666666666666664
