5 0.6919270833333333 0.7787037037037037 0.6057291666666667 0.43148148148148147
10 0.49661458333333336 0.5995370370370371 0.14010416666666667 0.23425925925925925
9 0.7455729166666667 0.5092592592592593 0.18177083333333333 0.17222222222222222
17 0.5661458333333333 0.5050925925925925 0.057291666666666664 0.11203703703703703
4 0.3645833333333333 0.48564814814814816 0.08854166666666667 0.13425925925925927
4 0.24895833333333334 0.48194444444444445 0.14166666666666666 0.24351851851851852
5 0.09010416666666667 0.5819444444444445 0.14895833333333333 0.1398148148148148
5 0.022395833333333334 0.5912037037037037 0.04375 0.13055555555555556
5 0.42291666666666666 0.49583333333333335 0.035416666666666666 0.05092592592592592
13 0.5002604166666667 0.48657407407407405 0.0234375 0.062037037037037036
13 0.5333333333333333 0.4925925925925926 0.022916666666666665 0.07592592592592592
13 0.63125 0.49027777777777776 0.046875 0.0787037037037037
