5 0.35697751322751325 0.2806299603174603 0.1431878306878307 0.07217261904761904
5 0.8377976190476191 0.4167906746031746 0.3244047619047619 0.29389880952380953
5 0.06283068783068783 0.26773313492063494 0.07275132275132275 0.03993055555555555
5 0.164021164021164 0.26066468253968256 0.04431216931216931 0.03373015873015873
10 0.19146825396825398 0.263640873015873 0.027777777777777776 0.04662698412698413
10 0.21511243386243387 0.2681051587301587 0.026124338624338623 0.050595238095238096
5 0.23759920634920634 0.26438492063492064 0.04398148148148148 0.03819444444444445
5 0.2585978835978836 0.25892857142857145 0.03505291005291005 0.027281746031746032
17 0.09341931216931217 0.2605406746031746 0.045304232804232805 0.041914682539682536
11 0.1572420634920635 0.23970734126984128 0.045965608465608467 0.026537698412698412
10 0.13078703703703703 0.25483630952380953 0.015542328042328041 0.028025793650793652
4 0.09242724867724868 0.23487103174603174 0.027447089947089946 0.011408730158730158
4 0.06564153439153439 0.23660714285714285 0.02414021164021164 0.010912698412698412
3 0.010747354497354497 0.2638888888888889 0.01951058201058201 0.042162698412698416
