5 0.6056547619047619 0.49169146825396826 0.35615079365079366 0.12872023809523808
5 0.5079365079365079 0.44481646825396826 0.14153439153439154 0.05679563492063492
5 0.07936507936507936 0.4461805555555556 0.12698412698412698 0.06101190476190476
10 0.23991402116402116 0.4408482142857143 0.040674603174603176 0.05927579365079365
10 0.20122354497354497 0.4337797619047619 0.04133597883597884 0.05654761904761905
10 0.16005291005291006 0.42472718253968256 0.022486772486772486 0.035962301587301584
17 0.09871031746031746 0.4174107142857143 0.05324074074074074 0.026785714285714284
4 0.059027777777777776 0.4001736111111111 0.02943121693121693 0.012648809523809524
10 0.03058862433862434 0.42175099206349204 0.022817460317460316 0.03149801587301587
5 0.011904761904761904 0.41530257936507936 0.017195767195767195 0.018601190476190476
4 0.03488756613756614 0.4011656746031746 0.022817460317460316 0.009672619047619048
5 0.13607804232804233 0.42981150793650796 0.028769841269841268 0.03720238095238095
11 0.14616402116402116 0.40910218253968256 0.046957671957671955 0.03695436507936508
5 0.17724867724867724 0.4175347222222222 0.018518518518518517 0.019097222222222224
4 0.22139550264550265 0.40625 0.03406084656084656 0.014384920634920634
5 0.057705026455026454 0.41257440476190477 0.028769841269841268 0.010168650793650794
5 0.24718915343915343 0.43439980158730157 0.06977513227513228 0.04439484126984127
