19 0.19765625 0.9111111111111111 0.1234375 0.16296296296296298
5 0.39296875 0.9203703703703704 0.23489583333333333 0.15185185185185185
5 0.5395833333333333 0.888425925925926 0.22395833333333334 0.20092592592592592
15 0.8330729166666667 0.9412037037037037 0.2859375 0.10277777777777777
5 0.22760416666666666 0.736574074074074 0.18333333333333332 0.14907407407407408
13 0.13567708333333334 0.6388888888888888 0.1140625 0.12407407407407407
13 0.2716145833333333 0.6268518518518519 0.06927083333333334 0.1037037037037037
13 0.34921875 0.6615740740740741 0.09427083333333333 0.12129629629629629
13 0.4783854166666667 0.6754629629629629 0.09114583333333333 0.12685185185185185
13 0.50234375 0.6398148148148148 0.0765625 0.11481481481481481
17 0.20807291666666666 0.4310185185185185 0.030729166666666665 0.058333333333333334
10 0.14921875 0.46435185185185185 0.022395833333333334 0.062037037037037036
10 0.17109375 0.41805555555555557 0.0171875 0.05092592592592592
5 0.3294270833333333 0.5064814814814815 0.04739583333333333 0.07962962962962963
5 0.38828125 0.5092592592592593 0.04635416666666667 0.08148148148148149
15 0.44088541666666664 0.5087962962962963 0.0421875 0.08796296296296297
13 0.8755208333333333 0.600462962962963 0.071875 0.10648148148148148
5 0.5296875 0.5388888888888889 0.053125 0.08148148148148149
5 0.5677083333333334 0.5083333333333333 0.053125 0.08148148148148149
19 0.5578125 0.46064814814814814 0.036458333333333336 0.08055555555555556
5 0.49973958333333335 0.4930555555555556 0.04114583333333333 0.0712962962962963
5 0.5192708333333333 0.42592592592592593 0.030208333333333334 0.04814814814814815
17 0.55390625 0.4115740740740741 0.021354166666666667 0.021296296296296296
17 0.5416666666666666 0.4013888888888889 0.01875 0.03425925925925926
17 0.48385416666666664 0.43333333333333335 0.022916666666666665 0.04814814814814815
19 0.47994791666666664 0.39351851851851855 0.025520833333333333 0.05925925925925926
19 0.4625 0.35694444444444445 0.022916666666666665 0.03796296296296296
5 0.49557291666666664 0.45925925925925926 0.03697916666666667 0.05185185185185185
5 0.53125 0.4439814814814815 0.021875 0.04537037037037037
5 0.33880208333333334 0.4666666666666667 0.0390625 0.06296296296296296
5 0.38567708333333334 0.4638888888888889 0.04114583333333333 0.05185185185185185
17 0.3770833333333333 0.43425925925925923 0.022916666666666665 0.04814814814814815
19 0.4075520833333333 0.42916666666666664 0.03697916666666667 0.075
9 0.45208333333333334 0.4324074074074074 0.03125 0.05555555555555555
9 0.4518229166666667 0.4740740740740741 0.04010416666666667 0.06666666666666667
9 0.4432291666666667 0.41435185185185186 0.028125 0.06574074074074074
11 0.43776041666666665 0.36898148148148147 0.0234375 0.05648148148148148
17 0.42083333333333334 0.37175925925925923 0.0125 0.03611111111111111
17 0.5203125 0.3939814814814815 0.022916666666666665 0.032407407407407406
0 0.5059895833333333 0.36064814814814816 0.024479166666666666 0.04351851851851852
11 0.48671875 0.4115740740740741 0.025520833333333333 0.03425925925925926
5 0.5044270833333333 0.3912037037037037 0.0203125 0.03425925925925926
19 0.4109375 0.3402777777777778 0.015625 0.030555555555555555
7 0.4010416666666667 0.350462962962963 0.017708333333333333 0.032407407407407406
9 0.4046875 0.38657407407407407 0.030208333333333334 0.04722222222222222
11 0.34270833333333334 0.4083333333333333 0.035416666666666666 0.06481481481481481
5 0.36953125 0.3912037037037037 0.019270833333333334 0.03425925925925926
5 0.3684895833333333 0.37083333333333335 0.022395833333333334 0.017592592592592594
9 0.37213541666666666 0.3472222222222222 0.0203125 0.03333333333333333
4 0.45807291666666666 0.3087962962962963 0.021354166666666667 0.03981481481481482
4 0.47682291666666665 0.2962962962962963 0.0203125 0.02962962962962963
9 0.4049479166666667 0.325 0.015104166666666667 0.024074074074074074
5 0.38307291666666665 0.33194444444444443 0.0171875 0.021296296296296296
18 0.434375 0.3351851851851852 0.020833333333333332 0.011111111111111112
19 0.4276041666666667 0.31666666666666665 0.0125 0.012962962962962963
15 0.47708333333333336 0.350462962962963 0.011458333333333333 0.019444444444444445
9 0.4783854166666667 0.3194444444444444 0.0140625 0.022222222222222223
13 0.07994791666666666 0.5189814814814815 0.0421875 0.08425925925925926
1 0.08619791666666667 0.41574074074074074 0.0953125 0.10925925925925926
5 0.33567708333333335 0.3199074074074074 0.0171875 0.017592592592592594
9 0.33697916666666666 0.30416666666666664 0.017708333333333333 0.012037037037037037
11 0.39765625 0.2972222222222222 0.011979166666666667 0.014814814814814815
19 0.41119791666666666 0.3106481481481482 0.011979166666666667 0.017592592592592594
5 0.4348958333333333 0.3074074074074074 0.010416666666666666 0.016666666666666666
