5 0.6577380952380952 0.572296626984127 0.5317460317460317 0.2041170634920635
5 0.43799603174603174 0.4748263888888889 0.12731481481481483 0.0642361111111111
10 0.35548941798941797 0.47085813492063494 0.05423280423280423 0.07762896825396826
10 0.4401455026455027 0.48226686507936506 0.0582010582010582 0.08010912698412699
10 0.1390542328042328 0.47333829365079366 0.04861111111111111 0.09052579365079365
10 0.09176587301587301 0.4632936507936508 0.040013227513227514 0.06448412698412699
17 0.265707671957672 0.46726190476190477 0.07837301587301587 0.0689484126984127
5 0.19560185185185186 0.4615575396825397 0.06911375661375661 0.04513888888888889
3 0.06812169312169312 0.4572172619047619 0.022486772486772486 0.050347222222222224
5 0.11706349206349206 0.4439484126984127 0.0291005291005291 0.020337301587301588
4 0.15674603174603174 0.4262152777777778 0.032407407407407406 0.012648809523809524
9 0.17162698412698413 0.43526785714285715 0.027777777777777776 0.00992063492063492
17 0.2037037037037037 0.4367559523809524 0.01984126984126984 0.008432539682539682
