5 0.10442708333333334 0.562962962962963 0.13802083333333334 0.17777777777777778
10 0.42578125 0.487962962962963 0.07135416666666666 0.17037037037037037
5 0.6494791666666667 0.4888888888888889 0.20416666666666666 0.17592592592592593
5 0.8963541666666667 0.6300925925925925 0.20416666666666666 0.5194444444444445
4 0.36796875 0.42453703703703705 0.09635416666666667 0.13055555555555556
13 0.4671875 0.45092592592592595 0.09479166666666666 0.11851851851851852
5 0.2953125 0.45231481481481484 0.046875 0.05277777777777778
13 0.13932291666666666 0.5013888888888889 0.05677083333333333 0.14907407407407408
4 0.12213541666666666 0.4393518518518518 0.025520833333333333 0.05462962962962963
13 0.5705729166666667 0.42453703703703705 0.03802083333333333 0.08796296296296297
19 0.92109375 0.3736111111111111 0.14947916666666666 0.20092592592592592
