11 0.259375 0.4791666666666667 0.23125 0.425
13 0.13125 0.4236111111111111 0.090625 0.26944444444444443
13 0.02734375 0.41805555555555557 0.0515625 0.24722222222222223
13 0.4578125 0.38333333333333336 0.05 0.17222222222222222
13 0.5328125 0.3861111111111111 0.05 0.15
3 0.74453125 0.4722222222222222 0.0828125 0.13333333333333333
4 0.38515625 0.2791666666666667 0.2203125 0.1638888888888889
4 0.184375 0.2763888888888889 0.184375 0.19166666666666668
4 0.1296875 0.4166666666666667 0.08125 0.2611111111111111
13 0.06796875 0.3402777777777778 0.0421875 0.125
