5 0.31796875 0.8412037037037037 0.39114583333333336 0.3101851851851852
4 0.18359375 0.6236111111111111 0.3390625 0.25277777777777777
16 0.7283854166666667 0.6513888888888889 0.17239583333333333 0.1287037037037037
5 0.55234375 0.6657407407407407 0.16614583333333333 0.11481481481481481
17 0.6411458333333333 0.6351851851851852 0.07395833333333333 0.09259259259259259
4 0.5651041666666666 0.5949074074074074 0.16458333333333333 0.08796296296296297
13 0.49557291666666664 0.6314814814814815 0.05572916666666667 0.08148148148148149
10 0.4421875 0.6476851851851851 0.046875 0.08796296296296297
13 0.88125 0.5842592592592593 0.022916666666666665 0.05555555555555555
5 0.9729166666666667 0.612037037037037 0.053125 0.07592592592592592
15 0.9403645833333333 0.586574074074074 0.04010416666666667 0.05648148148148148
17 0.7518229166666667 0.586574074074074 0.022395833333333334 0.023148148148148147
15 0.7716145833333333 0.586574074074074 0.0203125 0.028703703703703703
17 0.6791666666666667 0.6074074074074074 0.03333333333333333 0.046296296296296294
