10 0.15 0.7194444444444444 0.06041666666666667 0.20185185185185187
19 0.28359375 0.6967592592592593 0.07552083333333333 0.14907407407407408
17 0.22682291666666668 0.6842592592592592 0.04635416666666667 0.09259259259259259
17 0.18567708333333333 0.6787037037037037 0.04114583333333333 0.08888888888888889
19 0.3411458333333333 0.6810185185185185 0.026041666666666668 0.05648148148148148
4 0.4388020833333333 0.6680555555555555 0.058854166666666666 0.1361111111111111
5 0.5143229166666666 0.7041666666666667 0.03697916666666667 0.04722222222222222
10 0.57109375 0.7111111111111111 0.016145833333333335 0.05925925925925926
10 0.48020833333333335 0.7037037037037037 0.0125 0.044444444444444446
18 0.7794270833333333 0.6550925925925926 0.1453125 0.1287037037037037
4 0.8731770833333333 0.674537037037037 0.08697916666666666 0.09907407407407408
5 0.6559895833333333 0.7064814814814815 0.0484375 0.027777777777777776
5 0.4934895833333333 0.700925925925926 0.015104166666666667 0.03148148148148148
