13 0.51171875 0.7930555555555555 0.4640625 0.4083333333333333
13 0.8546875 0.6277777777777778 0.290625 0.7111111111111111
13 0.2046875 0.5944444444444444 0.259375 0.6944444444444444
11 0.29609375 0.2791666666666667 0.2046875 0.33611111111111114
17 0.62109375 0.23333333333333334 0.1109375 0.18333333333333332
5 0.715625 0.2388888888888889 0.1125 0.14444444444444443
4 0.11953125 0.19722222222222222 0.2109375 0.3
4 0.03046875 0.4111111111111111 0.0578125 0.7166666666666667
11 0.628125 0.1486111111111111 0.1125 0.08611111111111111
13 0.50234375 0.3875 0.1796875 0.4527777777777778
19 0.91328125 0.20833333333333334 0.1734375 0.16111111111111112
13 0.81875 0.2111111111111111 0.103125 0.12222222222222222
4 0.321875 0.12638888888888888 0.08125 0.06944444444444445
