11 0.3731770833333333 0.29814814814814816 0.033854166666666664 0.08888888888888889
5 0.29921875 0.33194444444444443 0.028645833333333332 0.04351851851851852
17 0.10442708333333334 0.49444444444444446 0.0640625 0.0962962962962963
5 0.18880208333333334 0.3680555555555556 0.0453125 0.04351851851851852
4 0.053125 0.8939814814814815 0.1 0.20092592592592592
17 0.1171875 0.43194444444444446 0.046875 0.03981481481481482
17 0.7356770833333334 0.6462962962962963 0.0828125 0.15925925925925927
17 0.6830729166666667 0.4703703703703704 0.05260416666666667 0.09444444444444444
17 0.6666666666666666 0.43796296296296294 0.046875 0.07777777777777778
17 0.6299479166666667 0.3402777777777778 0.030729166666666665 0.030555555555555555
17 0.6658854166666667 0.3435185185185185 0.030729166666666665 0.040740740740740744
17 0.6291666666666667 0.37962962962962965 0.03229166666666667 0.046296296296296294
9 0.6419270833333334 0.6481481481481481 0.13489583333333333 0.2388888888888889
9 0.55546875 0.4023148148148148 0.05572916666666667 0.07314814814814814
15 0.5388020833333333 0.33101851851851855 0.0390625 0.03796296296296296
5 0.571875 0.5527777777777778 0.07708333333333334 0.12962962962962962
10 0.5190104166666667 0.4875 0.0265625 0.10277777777777777
5 0.7440104166666667 0.8759259259259259 0.1515625 0.24074074074074073
5 0.784375 0.750462962962963 0.071875 0.15648148148148147
5 0.77109375 0.5662037037037037 0.09947916666666666 0.14351851851851852
5 0.6666666666666666 0.5625 0.09166666666666666 0.11388888888888889
5 0.7557291666666667 0.45925925925925926 0.06666666666666667 0.08518518518518518
15 0.7940104166666667 0.5009259259259259 0.05260416666666667 0.08518518518518518
15 0.7986979166666667 0.4217592592592593 0.043229166666666666 0.062037037037037036
5 0.69765625 0.40555555555555556 0.06822916666666666 0.07592592592592592
5 0.5153645833333333 0.45185185185185184 0.0578125 0.09074074074074075
5 0.49140625 0.4046296296296296 0.049479166666666664 0.07037037037037037
5 0.4752604166666667 0.3726851851851852 0.034895833333333334 0.06574074074074074
15 0.5385416666666667 0.33287037037037037 0.03854166666666667 0.03981481481481482
15 0.5903645833333333 0.3472222222222222 0.043229166666666666 0.05
17 0.5924479166666666 0.31712962962962965 0.025520833333333333 0.028703703703703703
17 0.6296875 0.3199074074074074 0.023958333333333335 0.013888888888888888
17 0.5494791666666666 0.30648148148148147 0.022916666666666665 0.020370370370370372
15 0.5169270833333334 0.3106481481481482 0.03177083333333333 0.03425925925925926
17 0.4861979166666667 0.3226851851851852 0.021354166666666667 0.03796296296296296
19 0.4473958333333333 0.31574074074074077 0.03229166666666667 0.06296296296296296
4 0.5002604166666667 0.24814814814814815 0.044270833333333336 0.04814814814814815
15 0.5213541666666667 0.29212962962962963 0.025 0.026851851851851852
11 0.48151041666666666 0.2574074074074074 0.027604166666666666 0.03333333333333333
5 0.34791666666666665 0.26157407407407407 0.01875 0.028703703703703703
9 0.425 0.2791666666666667 0.021875 0.041666666666666664
19 0.43645833333333334 0.25416666666666665 0.01875 0.032407407407407406
5 0.47421875 0.31527777777777777 0.022395833333333334 0.03425925925925926
5 0.5 0.34814814814814815 0.036458333333333336 0.046296296296296294
5 0.5239583333333333 0.37037037037037035 0.036458333333333336 0.05
5 0.5609375 0.3625 0.04583333333333333 0.03796296296296296
5 0.578125 0.30416666666666664 0.029166666666666667 0.021296296296296296
4 0.44427083333333334 0.21157407407407408 0.025 0.030555555555555555
17 0.027864583333333335 0.5990740740740741 0.05364583333333333 0.08703703703703704
9 0.9236979166666667 0.5106481481481482 0.13489583333333333 0.14537037037037037
9 0.9052083333333333 0.6847222222222222 0.18645833333333334 0.24351851851851852
15 0.8700520833333333 0.825925925925926 0.22864583333333333 0.3
10 0.3098958333333333 0.21944444444444444 0.007291666666666667 0.018518518518518517
17 0.3190104166666667 0.20925925925925926 0.0078125 0.016666666666666666
17 0.33151041666666664 0.20787037037037037 0.0067708333333333336 0.01574074074074074
