5 0.628125 0.7722222222222223 0.490625 0.45555555555555555
13 0.1171875 0.7222222222222222 0.23125 0.5555555555555556
13 0.26328125 0.6055555555555555 0.1453125 0.4388888888888889
13 0.4859375 0.5291666666666667 0.1 0.25277777777777777
3 0.3765625 0.5694444444444444 0.046875 0.3388888888888889
13 0.38203125 0.5402777777777777 0.0953125 0.2861111111111111
13 0.31640625 0.4444444444444444 0.0640625 0.16111111111111112
13 0.565625 0.4666666666666667 0.075 0.18333333333333332
13 0.403125 0.39166666666666666 0.046875 0.07222222222222222
13 0.475 0.39444444444444443 0.059375 0.03888888888888889
13 0.903125 0.5916666666666667 0.13125 0.35555555555555557
13 0.7984375 0.4847222222222222 0.084375 0.18055555555555555
13 0.96171875 0.5319444444444444 0.0765625 0.225
