11 0.4953125 0.3236111111111111 0.303125 0.46944444444444444
13 0.9203125 0.6152777777777778 0.153125 0.725
13 0.77265625 0.3861111111111111 0.1671875 0.4666666666666667
13 0.7 0.19583333333333333 0.071875 0.175
13 0.63828125 0.2013888888888889 0.0484375 0.1527777777777778
4 0.51171875 0.09444444444444444 0.1640625 0.18333333333333332
4 0.175 0.3819444444444444 0.346875 0.7583333333333333
4 0.365625 0.08055555555555556 0.121875 0.08888888888888889
11 0.734375 0.10972222222222222 0.053125 0.06388888888888888
13 0.39296875 0.16666666666666666 0.0546875 0.08888888888888889
13 0.9046875 0.22361111111111112 0.10625 0.225
18 0.8484375 0.125 0.14375 0.17222222222222222
