11 0.4583333333333333 0.9212962962962963 0.15520833333333334 0.15
5 0.703125 0.7425925925925926 0.10729166666666666 0.1814814814814815
5 0.7546875 0.5972222222222222 0.09583333333333334 0.11666666666666667
5 0.5838541666666667 0.6425925925925926 0.059375 0.11666666666666667
5 0.4140625 0.5657407407407408 0.05 0.08703703703703704
5 0.434375 0.49722222222222223 0.04479166666666667 0.06481481481481481
5 0.5744791666666667 0.4532407407407407 0.03125 0.058333333333333334
5 0.5580729166666667 0.40925925925925927 0.024479166666666666 0.04259259259259259
5 0.60390625 0.43472222222222223 0.0265625 0.04537037037037037
5 0.5619791666666667 0.3837962962962963 0.021875 0.030555555555555555
5 0.48385416666666664 0.38935185185185184 0.022916666666666665 0.03611111111111111
5 0.42213541666666665 0.8240740740740741 0.10885416666666667 0.2074074074074074
5 0.21145833333333333 0.6824074074074075 0.10625 0.11666666666666667
5 0.31744791666666666 0.5111111111111111 0.0546875 0.07037037037037037
5 0.19401041666666666 0.5328703703703703 0.0734375 0.06388888888888888
5 0.3299479166666667 0.4388888888888889 0.0390625 0.037037037037037035
5 0.06770833333333333 0.6259259259259259 0.11354166666666667 0.10925925925925926
5 0.06796875 0.8958333333333334 0.12760416666666666 0.1935185185185185
5 0.5700520833333333 0.36064814814814816 0.019270833333333334 0.021296296296296296
5 0.55703125 0.3578703703703704 0.0140625 0.021296296296296296
5 0.521875 0.3282407407407407 0.0125 0.017592592592592594
5 0.4578125 0.31342592592592594 0.010416666666666666 0.010185185185185186
15 0.44635416666666666 0.4263888888888889 0.028125 0.04722222222222222
5 0.5205729166666667 0.39814814814814814 0.022395833333333334 0.03333333333333333
17 0.6395833333333333 0.9199074074074074 0.090625 0.16018518518518518
17 0.5575520833333333 0.8185185185185185 0.06614583333333333 0.20555555555555555
17 0.5502604166666667 0.5708333333333333 0.03802083333333333 0.09907407407407408
17 0.54453125 0.46064814814814814 0.0234375 0.058333333333333334
17 0.45625 0.40185185185185185 0.015625 0.02962962962962963
17 0.49192708333333335 0.41574074074074074 0.0171875 0.044444444444444446
17 0.51484375 0.4101851851851852 0.0171875 0.03518518518518519
17 0.5364583333333334 0.42314814814814816 0.01875 0.044444444444444446
17 0.5442708333333334 0.36898148148148147 0.013541666666666667 0.028703703703703703
17 0.5299479166666666 0.36435185185185187 0.011979166666666667 0.030555555555555555
17 0.5143229166666666 0.3699074074074074 0.013020833333333334 0.028703703703703703
17 0.5098958333333333 0.3625 0.0125 0.026851851851851852
17 0.1109375 0.6574074074074074 0.06875 0.12037037037037036
17 0.21276041666666667 0.562962962962963 0.04635416666666667 0.08703703703703704
17 0.25755208333333335 0.5814814814814815 0.049479166666666664 0.0962962962962963
17 0.25807291666666665 0.5125 0.04114583333333333 0.05648148148148148
17 0.3171875 0.4111111111111111 0.01875 0.037037037037037035
5 0.2830729166666667 0.47962962962962963 0.04739583333333333 0.053703703703703705
5 0.346875 0.46805555555555556 0.03958333333333333 0.05092592592592592
4 0.36875 0.3726851851851852 0.04479166666666667 0.06574074074074074
17 0.39557291666666666 0.362962962962963 0.0109375 0.024074074074074074
17 0.46901041666666665 0.36203703703703705 0.0140625 0.02962962962962963
4 0.54140625 0.2967592592592593 0.018229166666666668 0.028703703703703703
4 0.54453125 0.3347222222222222 0.019270833333333334 0.04351851851851852
4 0.5625 0.31666666666666665 0.020833333333333332 0.044444444444444446
4 0.5161458333333333 0.2962962962962963 0.013541666666666667 0.020370370370370372
11 0.49505208333333334 0.2935185185185185 0.0109375 0.022222222222222223
11 0.48515625 0.32685185185185184 0.011979166666666667 0.027777777777777776
19 0.47552083333333334 0.3453703703703704 0.016666666666666666 0.025925925925925925
19 0.4890625 0.3662037037037037 0.019791666666666666 0.032407407407407406
19 0.49453125 0.3472222222222222 0.0140625 0.027777777777777776
19 0.51484375 0.3388888888888889 0.0140625 0.025925925925925925
5 0.42942708333333335 0.34444444444444444 0.015104166666666667 0.022222222222222223
19 0.5026041666666666 0.587037037037037 0.05625 0.1388888888888889
19 0.6075520833333333 0.5472222222222223 0.06302083333333333 0.12407407407407407
0 0.6583333333333333 0.49027777777777776 0.057291666666666664 0.09907407407407408
13 0.8520833333333333 0.5879629629629629 0.06875 0.11481481481481481
13 0.9231770833333334 0.6060185185185185 0.06822916666666666 0.12129629629629629
15 0.5953125 0.387037037037037 0.026041666666666668 0.03888888888888889
5 0.5869791666666667 0.37175925925925923 0.017708333333333333 0.026851851851851852
9 0.5645833333333333 0.33611111111111114 0.014583333333333334 0.022222222222222223
11 0.5036458333333333 0.31296296296296294 0.0125 0.012962962962962963
19 0.38671875 0.6453703703703704 0.07864583333333333 0.16666666666666666
19 0.46041666666666664 0.4527777777777778 0.03229166666666667 0.07407407407407407
9 0.29140625 0.43657407407407406 0.044270833333333336 0.05092592592592592
5 0.01640625 0.7324074074074074 0.030729166666666665 0.07407407407407407
17 0.5942708333333333 0.46620370370370373 0.027083333333333334 0.041666666666666664
10 0.61796875 0.45601851851851855 0.016145833333333335 0.05648148148148148
10 0.48854166666666665 0.6759259259259259 0.03958333333333333 0.11296296296296296
3 0.3109375 0.6523148148148148 0.0125 0.05462962962962963
1 0.19791666666666666 0.44722222222222224 0.08958333333333333 0.10740740740740741
15 0.3932291666666667 0.387037037037037 0.022916666666666665 0.024074074074074074
15 0.12682291666666667 0.5009259259259259 0.05260416666666667 0.05740740740740741
10 0.36666666666666664 0.4134259259259259 0.0125 0.03796296296296296
10 0.7442708333333333 0.9319444444444445 0.057291666666666664 0.125
