17 0.23645833333333333 0.6958333333333333 0.46770833333333334 0.5824074074074074
13 0.4703125 0.5361111111111111 0.2604166666666667 0.3611111111111111
5 0.54765625 0.45601851851851855 0.1265625 0.11018518518518519
15 0.44036458333333334 0.425462962962963 0.044270833333333336 0.05648148148148148
11 0.5471354166666667 0.3861111111111111 0.0796875 0.05
10 0.6651041666666667 0.43425925925925923 0.052083333333333336 0.12407407407407407
5 0.7484375 0.4310185185185185 0.13333333333333333 0.09351851851851851
5 0.80546875 0.4300925925925926 0.09635416666666667 0.0824074074074074
9 0.6143229166666667 0.41064814814814815 0.1015625 0.08425925925925926
15 0.9520833333333333 0.4393518518518518 0.09270833333333334 0.13055555555555556
13 0.04088541666666667 0.47453703703703703 0.07760416666666667 0.125
