17 0.521875 0.5083333333333333 0.28125 0.4166666666666667
5 0.13125 0.37222222222222223 0.128125 0.16111111111111112
13 0.77578125 0.37222222222222223 0.1765625 0.2388888888888889
13 0.58671875 0.2833333333333333 0.0484375 0.07222222222222222
13 0.215625 0.375 0.084375 0.20555555555555555
4 0.0375 0.26944444444444443 0.071875 0.09444444444444444
13 0.4828125 0.29305555555555557 0.046875 0.030555555555555555
13 0.4 0.27361111111111114 0.046875 0.04722222222222222
13 0.5359375 0.2833333333333333 0.053125 0.07222222222222222
17 0.9453125 0.3763888888888889 0.084375 0.16944444444444445
13 0.8328125 0.7041666666666667 0.334375 0.3527777777777778
