15 0.5049603174603174 0.41902281746031744 0.1626984126984127 0.078125
5 0.32787698412698413 0.4087301587301587 0.12797619047619047 0.06696428571428571
10 0.6388888888888888 0.41083829365079366 0.041666666666666664 0.06572420634920635
5 0.03257275132275132 0.38777281746031744 0.06448412698412699 0.05084325396825397
11 0.14467592592592593 0.3733878968253968 0.08630952380952381 0.08754960317460317
5 0.25 0.39732142857142855 0.09391534391534391 0.05406746031746032
5 0.5720899470899471 0.41108630952380953 0.09126984126984126 0.06969246031746032
5 0.4107142857142857 0.40029761904761907 0.07605820105820106 0.05505952380952381
4 0.9153439153439153 0.37351190476190477 0.16534391534391535 0.03869047619047619
5 0.0873015873015873 0.38256448412698413 0.032407407407407406 0.04389880952380952
4 0.07688492063492064 0.3508184523809524 0.0539021164021164 0.047867063492063495
5 0.22470238095238096 0.38740079365079366 0.05588624338624339 0.041666666666666664
