5 0.29713541666666665 0.888425925925926 0.5557291666666667 0.22314814814814815
9 0.44453125 0.7805555555555556 0.17239583333333333 0.22592592592592592
17 0.82265625 0.7731481481481481 0.13385416666666666 0.17407407407407408
10 0.596875 0.7407407407407407 0.03125 0.10185185185185185
13 0.7216145833333333 0.7351851851851852 0.044270833333333336 0.09444444444444444
13 0.5208333333333334 0.749537037037037 0.05520833333333333 0.12314814814814815
16 0.14817708333333332 0.75 0.09322916666666667 0.1111111111111111
13 0.1671875 0.7935185185185185 0.2125 0.17037037037037037
17 0.28359375 0.7347222222222223 0.0453125 0.08981481481481482
9 0.3302083333333333 0.7212962962962963 0.06041666666666667 0.08703703703703704
16 0.1546875 0.7527777777777778 0.08541666666666667 0.13333333333333333
10 0.30572916666666666 0.7402777777777778 0.04583333333333333 0.09166666666666666
4 0.27760416666666665 0.6759259259259259 0.01875 0.024074074074074074
13 0.06822916666666666 0.7435185185185185 0.09166666666666666 0.1425925925925926
5 0.1078125 0.700462962962963 0.019791666666666666 0.030555555555555555
