5 0.5980489417989417 0.48908730158730157 0.3449074074074074 0.12251984126984126
5 0.513723544973545 0.44221230158730157 0.13525132275132276 0.049107142857142856
5 0.08928571428571429 0.4427083333333333 0.12433862433862433 0.060515873015873016
10 0.25132275132275134 0.43774801587301587 0.03902116402116402 0.05853174603174603
10 0.21329365079365079 0.4303075396825397 0.03902116402116402 0.056051587301587304
10 0.17113095238095238 0.42063492063492064 0.022156084656084655 0.03422619047619048
5 0.25710978835978837 0.4312996031746032 0.06977513227513228 0.044642857142857144
11 0.15906084656084657 0.4068700396825397 0.047619047619047616 0.03695436507936508
5 0.1909722222222222 0.4148065476190476 0.018849206349206348 0.019097222222222224
4 0.23561507936507936 0.40327380952380953 0.034722222222222224 0.01488095238095238
4 0.07407407407407407 0.3967013888888889 0.0291005291005291 0.014136904761904762
17 0.11061507936507936 0.41530257936507936 0.049933862433862435 0.027529761904761904
5 0.07192460317460317 0.40848214285714285 0.028769841269841268 0.009424603174603174
5 0.02662037037037037 0.4114583333333333 0.016865079365079364 0.017857142857142856
4 0.049933862433862435 0.39694940476190477 0.02447089947089947 0.009672619047619048
5 0.148478835978836 0.42584325396825395 0.027116402116402115 0.03571428571428571
