3 0.61484375 0.6333333333333333 0.2765625 0.4777777777777778
13 0.92421875 0.675 0.1453125 0.5833333333333334
13 0.315625 0.5486111111111112 0.20625 0.3416666666666667
13 0.48984375 0.5125 0.1609375 0.25833333333333336
13 0.8203125 0.6027777777777777 0.1375 0.4166666666666667
11 0.609375 0.4708333333333333 0.2875 0.20833333333333334
13 0.196875 0.4847222222222222 0.065625 0.21388888888888888
11 0.36015625 0.4527777777777778 0.1546875 0.16666666666666666
18 0.06796875 0.5861111111111111 0.1328125 0.35555555555555557
11 0.125 0.4305555555555556 0.084375 0.1111111111111111
