5 0.14088541666666668 0.825 0.27760416666666665 0.3351851851851852
8 0.7611979166666667 0.7212962962962963 0.1953125 0.2740740740740741
10 0.2716145833333333 0.7032407407407407 0.0390625 0.15462962962962962
5 0.11015625 0.6736111111111112 0.1453125 0.08611111111111111
13 0.4744791666666667 0.6902777777777778 0.084375 0.1175925925925926
13 0.31666666666666665 0.6509259259259259 0.021875 0.04814814814814815
9 0.41875 0.6412037037037037 0.01875 0.032407407407407406
4 0.44635416666666666 0.6361111111111111 0.03854166666666667 0.06296296296296296
13 0.39296875 0.6486111111111111 0.016145833333333335 0.04722222222222222
5 0.5885416666666666 0.6972222222222222 0.05520833333333333 0.08518518518518518
16 0.63125 0.6893518518518519 0.040625 0.07314814814814814
13 0.5067708333333333 0.6583333333333333 0.019791666666666666 0.06296296296296296
13 0.5401041666666667 0.6763888888888889 0.03125 0.08055555555555556
5 0.54765625 0.6689814814814815 0.027604166666666666 0.05462962962962963
9 0.5861979166666667 0.6592592592592592 0.0359375 0.040740740740740744
5 0.9520833333333333 0.7777777777777778 0.09270833333333334 0.13703703703703704
17 0.8638020833333333 0.7175925925925926 0.0453125 0.09074074074074075
