10 0.17447916666666666 0.762962962962963 0.07916666666666666 0.26666666666666666
17 0.3098958333333333 0.7453703703703703 0.13958333333333334 0.25925925925925924
18 0.39166666666666666 0.6810185185185185 0.04583333333333333 0.1787037037037037
5 0.42864583333333334 0.7050925925925926 0.036458333333333336 0.07685185185185185
9 0.52421875 0.7018518518518518 0.05572916666666667 0.10185185185185185
19 0.5825520833333333 0.6986111111111111 0.06197916666666667 0.08611111111111111
4 0.43020833333333336 0.6541666666666667 0.0375 0.09351851851851851
5 0.4596354166666667 0.6875 0.024479166666666666 0.041666666666666664
15 0.6609375 0.700925925925926 0.04583333333333333 0.05925925925925926
11 0.6223958333333334 0.6837962962962963 0.022916666666666665 0.03796296296296296
5 0.6369791666666667 0.6935185185185185 0.022916666666666665 0.04259259259259259
18 0.69296875 0.6611111111111111 0.049479166666666664 0.06111111111111111
9 0.7565104166666666 0.6828703703703703 0.050520833333333334 0.03611111111111111
5 0.7135416666666666 0.6865740740740741 0.030208333333333334 0.01574074074074074
18 0.8966145833333333 0.6564814814814814 0.06927083333333334 0.09259259259259259
4 0.96171875 0.6277777777777778 0.0765625 0.6092592592592593
