13 0.0296875 0.8023148148148148 0.051041666666666666 0.12685185185185185
13 0.12083333333333333 0.7675925925925926 0.041666666666666664 0.10555555555555556
13 0.7752604166666667 0.7291666666666666 0.021354166666666667 0.05277777777777778
13 0.74140625 0.725 0.04010416666666667 0.06111111111111111
13 0.8294270833333334 0.7226851851851852 0.025520833333333333 0.05462962962962963
5 0.675 0.8032407407407407 0.134375 0.1398148148148148
5 0.56484375 0.7763888888888889 0.1078125 0.09907407407407408
5 0.6604166666666667 0.7574074074074074 0.128125 0.08333333333333333
5 0.4005208333333333 0.7546296296296297 0.07395833333333333 0.07222222222222222
10 0.22604166666666667 0.7319444444444444 0.017708333333333333 0.05092592592592592
5 0.04088541666666667 0.7476851851851852 0.043229166666666666 0.05092592592592592
4 0.0125 0.7078703703703704 0.021875 0.03796296296296296
13 0.16927083333333334 0.7226851851851852 0.010416666666666666 0.03981481481481482
5 0.8765625 0.7458333333333333 0.06145833333333333 0.07685185185185185
13 0.9653645833333333 0.7523148148148148 0.06510416666666667 0.1175925925925926
