13 0.40390625 0.6916666666666667 0.2734375 0.6166666666666667
13 0.796875 0.7263888888888889 0.325 0.5472222222222223
5 0.24375 0.3888888888888889 0.2 0.18888888888888888
5 0.925 0.4930555555555556 0.15 0.325
17 0.80859375 0.31527777777777777 0.0609375 0.1527777777777778
5 0.346875 0.2986111111111111 0.084375 0.05277777777777778
9 0.1953125 0.26666666666666666 0.134375 0.07777777777777778
9 0.27421875 0.24722222222222223 0.1515625 0.06111111111111111
19 0.3359375 0.24166666666666667 0.11875 0.06666666666666667
4 0.56328125 0.17916666666666667 0.0984375 0.08611111111111111
13 0.7015625 0.30972222222222223 0.0625 0.1527777777777778
10 0.87578125 0.3388888888888889 0.0515625 0.14444444444444443
9 0.94921875 0.2777777777777778 0.0953125 0.09444444444444444
14 0.775 0.3263888888888889 0.05 0.15833333333333333
