13 0.60390625 0.524537037037037 0.06927083333333334 0.1675925925925926
13 0.6479166666666667 0.513425925925926 0.0375 0.16203703703703703
13 0.70078125 0.5254629629629629 0.0765625 0.20092592592592592
13 0.8666666666666667 0.5476851851851852 0.20104166666666667 0.2490740740740741
13 0.9244791666666666 0.5351851851851852 0.14895833333333333 0.25925925925925924
5 0.49270833333333336 0.4736111111111111 0.03229166666666667 0.049074074074074076
17 0.6114583333333333 0.4439814814814815 0.01875 0.03796296296296296
13 0.5591145833333333 0.45092592592592595 0.0140625 0.03888888888888889
13 0.16979166666666667 0.538425925925926 0.08541666666666667 0.12314814814814815
17 0.030729166666666665 0.5935185185185186 0.05625 0.18333333333333332
13 0.0703125 0.5458333333333333 0.06354166666666666 0.10092592592592593
