19 0.15130208333333334 0.5712962962962963 0.15052083333333333 0.10185185185185185
9 0.32265625 0.6083333333333333 0.04635416666666667 0.04259259259259259
5 0.5223958333333333 0.7032407407407407 0.046875 0.062037037037037036
5 0.8705729166666667 0.7055555555555556 0.15052083333333333 0.06481481481481481
5 0.6786458333333333 0.6939814814814815 0.0625 0.03981481481481482
4 0.48880208333333336 0.6726851851851852 0.015104166666666667 0.03425925925925926
10 0.48020833333333335 0.6851851851851852 0.005208333333333333 0.020370370370370372
5 0.4973958333333333 0.6833333333333333 0.013541666666666667 0.022222222222222223
9 0.615625 0.6898148148148148 0.028125 0.022222222222222223
3 0.43984375 0.6856481481481481 0.0078125 0.03611111111111111
9 0.3768229166666667 0.6162037037037037 0.0296875 0.023148148148148147
5 0.9802083333333333 0.7078703703703704 0.036458333333333336 0.03981481481481482
