13 0.35625 0.7041666666666667 0.440625 0.5805555555555556
13 0.709375 0.6916666666666667 0.175 0.6166666666666667
13 0.078125 0.6680555555555555 0.153125 0.6361111111111111
13 0.49375 0.48055555555555557 0.1375 0.20555555555555555
4 0.5796875 0.4083333333333333 0.3875 0.49444444444444446
13 0.23984375 0.4375 0.0921875 0.1527777777777778
13 0.8890625 0.7013888888888888 0.215625 0.575
4 0.79453125 0.375 0.0609375 0.1
4 0.95 0.36527777777777776 0.09375 0.125
4 0.87265625 0.3819444444444444 0.0703125 0.09722222222222222
13 0.871875 0.41805555555555557 0.040625 0.09166666666666666
13 0.38203125 0.3972222222222222 0.1046875 0.07777777777777778
