5 0.31692708333333336 0.8458333333333333 0.3723958333333333 0.30833333333333335
17 0.8739583333333333 0.7106481481481481 0.11041666666666666 0.16944444444444445
17 0.6825520833333333 0.674537037037037 0.049479166666666664 0.09166666666666666
17 0.6325520833333333 0.6587962962962963 0.03697916666666667 0.07685185185185185
16 0.45208333333333334 0.687962962962963 0.07916666666666666 0.09814814814814815
9 0.49557291666666664 0.6703703703703704 0.06822916666666666 0.1
5 0.0671875 0.7606481481481482 0.12916666666666668 0.14907407407407408
13 0.16640625 0.7060185185185185 0.1109375 0.125
5 0.33541666666666664 0.7277777777777777 0.18958333333333333 0.13703703703703704
5 0.38619791666666664 0.6962962962962963 0.09322916666666667 0.09074074074074075
9 0.2825520833333333 0.6458333333333334 0.024479166666666666 0.030555555555555555
13 0.2825520833333333 0.6523148148148148 0.015104166666666667 0.03425925925925926
13 0.36015625 0.6425925925925926 0.0234375 0.03148148148148148
16 0.40598958333333335 0.6444444444444445 0.0296875 0.02962962962962963
5 0.396875 0.6532407407407408 0.04375 0.019444444444444445
15 0.453125 0.6407407407407407 0.03125 0.025925925925925925
13 0.7963541666666667 0.6842592592592592 0.04583333333333333 0.1
13 0.94375 0.7513888888888889 0.10416666666666667 0.2953703703703704
