15 0.34765625 0.6949074074074074 0.17239583333333333 0.1527777777777778
19 0.63359375 0.7018518518518518 0.0640625 0.09259259259259259
17 0.06171875 0.6731481481481482 0.0890625 0.18888888888888888
10 0.19192708333333333 0.6851851851851852 0.06614583333333333 0.1111111111111111
5 0.4192708333333333 0.7046296296296296 0.04895833333333333 0.07222222222222222
17 0.4596354166666667 0.6949074074074074 0.021354166666666667 0.05648148148148148
5 0.5151041666666667 0.7037037037037037 0.03333333333333333 0.046296296296296294
10 0.5565104166666667 0.7037037037037037 0.0140625 0.05740740740740741
9 0.5778645833333333 0.6976851851851852 0.0296875 0.062037037037037036
17 0.48463541666666665 0.6875 0.0109375 0.026851851851851852
11 0.7169270833333333 0.7083333333333334 0.07552083333333333 0.09814814814814815
4 0.79375 0.6652777777777777 0.12395833333333334 0.09907407407407408
9 0.8572916666666667 0.6986111111111111 0.046875 0.03796296296296296
5 0.9127604166666666 0.7555555555555555 0.17447916666666666 0.17592592592592593
10 0.5947916666666667 0.7291666666666666 0.036458333333333336 0.12314814814814815
