11 0.178125 0.6851851851851852 0.16666666666666666 0.39444444444444443
5 0.38828125 0.7287037037037037 0.1234375 0.2740740740740741
9 0.49114583333333334 0.5592592592592592 0.09791666666666667 0.2574074074074074
17 0.6354166666666666 0.8296296296296296 0.10104166666666667 0.30185185185185187
19 0.7192708333333333 0.674537037037037 0.1625 0.3138888888888889
11 0.52109375 0.4199074074074074 0.07239583333333334 0.12129629629629629
5 0.5911458333333334 0.4 0.06145833333333333 0.1111111111111111
17 0.675 0.37916666666666665 0.059375 0.11203703703703703
5 0.6947916666666667 0.4935185185185185 0.09479166666666666 0.12037037037037036
17 0.6041666666666666 0.29074074074074074 0.036458333333333336 0.07962962962962963
10 0.6182291666666667 0.3421296296296296 0.025 0.08055555555555556
9 0.5059895833333333 0.2986111111111111 0.05572916666666667 0.10648148148148148
5 0.43854166666666666 0.3263888888888889 0.05520833333333333 0.09537037037037037
11 0.43802083333333336 0.23472222222222222 0.042708333333333334 0.11388888888888889
17 0.48776041666666664 0.22685185185185186 0.027604166666666666 0.06111111111111111
5 0.05364583333333333 0.45694444444444443 0.10625 0.1361111111111111
5 0.08385416666666666 0.3106481481481482 0.078125 0.08981481481481482
5 0.21796875 0.20833333333333334 0.034895833333333334 0.05740740740740741
5 0.2760416666666667 0.43472222222222223 0.08229166666666667 0.13425925925925927
5 0.30703125 0.32407407407407407 0.05677083333333333 0.09444444444444444
5 0.31979166666666664 0.2574074074074074 0.04791666666666667 0.07407407407407407
5 0.3328125 0.20833333333333334 0.03854166666666667 0.06296296296296296
15 0.3768229166666667 0.43703703703703706 0.09010416666666667 0.17407407407407408
17 0.453125 0.3888888888888889 0.04479166666666667 0.12037037037037036
7 0.3796875 0.24074074074074073 0.041666666666666664 0.1111111111111111
5 0.5338541666666666 0.2310185185185185 0.034375 0.06388888888888888
17 0.31328125 0.9638888888888889 0.1140625 0.06666666666666667
15 0.509375 0.8828703703703704 0.09270833333333334 0.225
0 0.534375 0.17037037037037037 0.035416666666666666 0.06296296296296296
17 0.5658854166666667 0.25046296296296294 0.033854166666666664 0.07685185185185185
5 0.5526041666666667 0.20277777777777778 0.027083333333333334 0.05185185185185185
5 0.4979166666666667 0.19305555555555556 0.046875 0.05092592592592592
19 0.475 0.1675925925925926 0.030208333333333334 0.06296296296296296
17 0.4122395833333333 0.20601851851851852 0.013020833333333334 0.06018518518518518
17 0.43463541666666666 0.16157407407407406 0.021354166666666667 0.032407407407407406
5 0.49557291666666664 0.15555555555555556 0.019270833333333334 0.02962962962962963
5 0.4822916666666667 0.13333333333333333 0.025 0.016666666666666666
4 0.46953125 0.09490740740740741 0.030729166666666665 0.05648148148148148
4 0.4942708333333333 0.08148148148148149 0.028125 0.05925925925925926
4 0.46536458333333336 0.047685185185185185 0.025520833333333333 0.04537037037037037
4 0.42890625 0.04351851851851852 0.019270833333333334 0.03148148148148148
4 0.39947916666666666 0.03611111111111111 0.015625 0.03333333333333333
18 0.4361979166666667 0.14675925925925926 0.030729166666666665 0.06018518518518518
19 0.39895833333333336 0.15138888888888888 0.027083333333333334 0.05648148148148148
19 0.39479166666666665 0.1175925925925926 0.021875 0.044444444444444446
13 0.9572916666666667 0.5208333333333334 0.08229166666666667 0.1712962962962963
13 0.8669270833333333 0.4875 0.09010416666666667 0.15462962962962962
19 0.34088541666666666 0.1638888888888889 0.034895833333333334 0.07592592592592592
5 0.3606770833333333 0.13518518518518519 0.0234375 0.040740740740740744
5 0.3658854166666667 0.12222222222222222 0.0234375 0.03333333333333333
19 0.37838541666666664 0.10185185185185185 0.021354166666666667 0.040740740740740744
11 0.3848958333333333 0.07592592592592592 0.017708333333333333 0.027777777777777776
19 0.4036458333333333 0.09305555555555556 0.017708333333333333 0.025
19 0.42682291666666666 0.1 0.0203125 0.03148148148148148
17 0.42213541666666665 0.13194444444444445 0.0140625 0.041666666666666664
9 0.43515625 0.08935185185185185 0.021354166666666667 0.025
5 0.4473958333333333 0.07962962962962963 0.008333333333333333 0.025925925925925925
19 0.4109375 0.06435185185185185 0.015625 0.021296296296296296
10 0.28671875 0.09814814814814815 0.008854166666666666 0.03518518518518519
10 0.29401041666666666 0.08657407407407407 0.0078125 0.028703703703703703
17 0.3263020833333333 0.07037037037037037 0.0109375 0.027777777777777776
17 0.34036458333333336 0.052314814814814814 0.009895833333333333 0.023148148148148147
5 0.3515625 0.04259259259259259 0.010416666666666666 0.018518518518518517
10 0.36484375 0.04351851851851852 0.0046875 0.018518518518518517
1 0.013802083333333333 0.20879629629629629 0.025520833333333333 0.13425925925925927
