13 0.3265625 0.6125 0.334375 0.7305555555555555
13 0.69140625 0.44166666666666665 0.2015625 0.5388888888888889
4 0.1390625 0.4222222222222222 0.275 0.8388888888888889
13 0.575 0.26805555555555555 0.10625 0.3194444444444444
11 0.45390625 0.19305555555555556 0.1484375 0.25833333333333336
4 0.27109375 0.10416666666666667 0.1515625 0.20277777777777778
4 0.365625 0.0763888888888889 0.1375 0.11944444444444445
4 0.52109375 0.11666666666666667 0.1109375 0.16666666666666666
13 0.634375 0.17083333333333334 0.059375 0.09722222222222222
18 0.83671875 0.18611111111111112 0.2296875 0.3055555555555556
10 0.940625 0.2902777777777778 0.1125 0.225
9 0.67890625 0.14027777777777778 0.0703125 0.09166666666666666
4 0.615625 0.09583333333333334 0.05 0.09166666666666666
13 0.2640625 0.1763888888888889 0.0875 0.14722222222222223
