5 0.15651041666666668 0.9263888888888889 0.2911458333333333 0.1398148148148148
5 0.49583333333333335 0.9310185185185185 0.25833333333333336 0.13796296296296295
11 0.5161458333333333 0.8231481481481482 0.20104166666666667 0.18703703703703703
9 0.7372395833333333 0.6972222222222222 0.1609375 0.2
5 0.871875 0.7342592592592593 0.15104166666666666 0.17962962962962964
11 0.7393229166666667 0.9083333333333333 0.19635416666666666 0.17592592592592593
5 0.9026041666666667 0.5935185185185186 0.1125 0.11296296296296296
13 0.95234375 0.836574074074074 0.0828125 0.24722222222222223
13 0.9669270833333333 0.9236111111111112 0.05677083333333333 0.13425925925925927
15 0.978125 0.5194444444444445 0.040625 0.09814814814814815
10 0.12760416666666666 0.7652777777777777 0.09166666666666666 0.12129629629629629
13 0.4674479166666667 0.5717592592592593 0.06927083333333334 0.13055555555555556
15 0.4359375 0.4462962962962963 0.07604166666666666 0.08333333333333333
10 0.4934895833333333 0.5425925925925926 0.018229166666666668 0.05
9 0.5580729166666667 0.45092592592592595 0.06614583333333333 0.06296296296296296
14 0.5723958333333333 0.5162037037037037 0.034375 0.04351851851851852
5 0.018489583333333334 0.5805555555555556 0.0359375 0.09814814814814815
17 0.01640625 0.5064814814814815 0.030729166666666665 0.06111111111111111
