5 0.6473958333333333 0.788425925925926 0.21875 0.21574074074074073
17 0.4609375 0.5351851851851852 0.04791666666666667 0.12037037037037036
10 0.41744791666666664 0.43657407407407406 0.0265625 0.06759259259259259
10 0.21484375 0.7069444444444445 0.05572916666666667 0.15462962962962962
10 0.14947916666666666 0.5527777777777778 0.06041666666666667 0.09259259259259259
10 0.03359375 0.8722222222222222 0.06302083333333333 0.1425925925925926
10 0.4630208333333333 0.3958333333333333 0.019791666666666666 0.06574074074074074
5 0.6096354166666667 0.42268518518518516 0.0453125 0.07685185185185185
5 0.6708333333333333 0.43148148148148147 0.04375 0.08333333333333333
5 0.8265625 0.4652777777777778 0.059375 0.09166666666666666
5 0.8174479166666667 0.34120370370370373 0.0359375 0.049074074074074076
5 0.8299479166666667 0.36064814814814816 0.0265625 0.049074074074074076
17 0.4981770833333333 0.3453703703703704 0.024479166666666666 0.05185185185185185
5 0.6203125 0.38425925925925924 0.040625 0.06296296296296296
11 0.6252604166666667 0.33287037037037037 0.03697916666666667 0.075
17 0.6583333333333333 0.35648148148148145 0.023958333333333335 0.053703703703703705
19 0.69140625 0.3509259259259259 0.0390625 0.08518518518518518
15 0.7265625 0.4356481481481482 0.04895833333333333 0.10277777777777777
15 0.34140625 0.38657407407407407 0.04635416666666667 0.05462962962962963
1 0.40625 0.34074074074074073 0.07916666666666666 0.10185185185185185
15 0.871875 0.43287037037037035 0.06354166666666666 0.09907407407407408
13 0.96953125 0.5046296296296297 0.05364583333333333 0.12407407407407407
5 0.7919270833333333 0.41759259259259257 0.0484375 0.08518518518518518
15 0.7390625 0.3921296296296296 0.046875 0.0712962962962963
5 0.7888020833333333 0.3699074074074074 0.0421875 0.03981481481481482
19 0.7721354166666666 0.30787037037037035 0.028645833333333332 0.05648148148148148
19 0.7317708333333334 0.3333333333333333 0.034375 0.07407407407407407
7 0.6869791666666667 0.26990740740740743 0.01875 0.041666666666666664
4 0.74609375 0.18333333333333332 0.0203125 0.025925925925925925
19 0.7533854166666667 0.2726851851851852 0.0234375 0.04537037037037037
19 0.6908854166666667 0.2388888888888889 0.016145833333333335 0.022222222222222223
19 0.6958333333333333 0.2574074074074074 0.01875 0.03333333333333333
11 0.6838541666666667 0.21481481481481482 0.013541666666666667 0.018518518518518517
9 0.6567708333333333 0.26666666666666666 0.021875 0.037037037037037035
5 0.6515625 0.30833333333333335 0.019791666666666666 0.02962962962962963
5 0.6541666666666667 0.29259259259259257 0.021875 0.025925925925925925
19 0.715625 0.2263888888888889 0.016666666666666666 0.019444444444444445
11 0.7255208333333333 0.2828703703703704 0.028125 0.062037037037037036
17 0.70625 0.28888888888888886 0.013541666666666667 0.044444444444444446
4 0.7494791666666667 0.22037037037037038 0.025 0.046296296296296294
4 0.7703125 0.2074074074074074 0.022916666666666665 0.04259259259259259
0 0.80234375 0.26666666666666666 0.0296875 0.04259259259259259
9 0.8151041666666666 0.2828703703703704 0.021875 0.023148148148148147
5 0.8 0.30416666666666664 0.025 0.04351851851851852
19 0.6979166666666666 0.22407407407407406 0.0125 0.016666666666666666
9 0.6690104166666667 0.24861111111111112 0.0171875 0.023148148148148147
9 0.678125 0.2300925925925926 0.016666666666666666 0.023148148148148147
9 0.7236979166666667 0.2199074074074074 0.011979166666666667 0.017592592592592594
17 0.8427083333333333 0.31296296296296294 0.022916666666666665 0.03888888888888889
17 0.85859375 0.325 0.0265625 0.025925925925925925
13 0.609375 0.22592592592592592 0.007291666666666667 0.018518518518518517
5 0.6557291666666667 0.19444444444444445 0.008333333333333333 0.020370370370370372
19 0.8627604166666667 0.36435185185185187 0.043229166666666666 0.062037037037037036
17 0.775 0.34120370370370373 0.023958333333333335 0.03611111111111111
9 0.7403645833333333 0.3453703703703704 0.04010416666666667 0.044444444444444446
