17 0.09036458333333333 0.8523148148148149 0.1296875 0.16944444444444445
17 0.80859375 0.9101851851851852 0.14114583333333333 0.16111111111111112
1 0.13489583333333333 0.5074074074074074 0.090625 0.10740740740740741
15 0.05651041666666667 0.5606481481481481 0.05364583333333333 0.06018518518518518
13 0.546875 0.8078703703703703 0.09479166666666666 0.14907407407407408
13 0.44583333333333336 0.774074074074074 0.09375 0.13518518518518519
13 0.2955729166666667 0.7912037037037037 0.10572916666666667 0.13055555555555556
13 0.15026041666666667 0.7324074074074074 0.09947916666666666 0.11481481481481481
13 0.24479166666666666 0.700462962962963 0.08958333333333333 0.11574074074074074
13 0.35572916666666665 0.7287037037037037 0.16145833333333334 0.11666666666666667
13 0.68125 0.6986111111111111 0.06666666666666667 0.10092592592592593
13 0.9020833333333333 0.7185185185185186 0.05520833333333333 0.1
13 0.93671875 0.8416666666666667 0.0515625 0.14629629629629629
5 0.36380208333333336 0.6 0.043229166666666666 0.07592592592592592
5 0.4234375 0.6074074074074074 0.04791666666666667 0.07592592592592592
15 0.4734375 0.6083333333333333 0.04375 0.08703703703703704
5 0.5611979166666666 0.6444444444444445 0.0546875 0.09074074074074075
15 0.5994791666666667 0.6148148148148148 0.053125 0.08333333333333333
19 0.590625 0.5597222222222222 0.035416666666666666 0.0712962962962963
5 0.5338541666666666 0.5949074074074074 0.040625 0.06944444444444445
17 0.5174479166666667 0.5375 0.021354166666666667 0.05462962962962963
9 0.48515625 0.5731481481481482 0.03802083333333333 0.06666666666666667
19 0.44244791666666666 0.5324074074074074 0.034895833333333334 0.07962962962962963
5 0.3734375 0.5615740740740741 0.03958333333333333 0.06018518518518518
11 0.37864583333333335 0.5087962962962963 0.034375 0.06759259259259259
7 0.4375 0.45740740740740743 0.01875 0.04259259259259259
9 0.478125 0.5171296296296296 0.028125 0.06574074074074074
9 0.4861979166666667 0.5375 0.03697916666666667 0.05648148148148148
5 0.5286458333333334 0.5583333333333333 0.035416666666666666 0.04814814814814815
5 0.5513020833333333 0.5291666666666667 0.028645833333333332 0.04722222222222222
19 0.5138020833333333 0.4962962962962963 0.0296875 0.053703703703703705
11 0.47239583333333335 0.4722222222222222 0.021875 0.05925925925925926
19 0.4434895833333333 0.5310185185185186 0.034895833333333334 0.07685185185185185
9 0.44088541666666664 0.48564814814814816 0.028645833333333332 0.03981481481481482
19 0.49765625 0.46111111111111114 0.022395833333333334 0.03888888888888889
0 0.5388020833333333 0.4634259259259259 0.024479166666666666 0.03796296296296296
17 0.5739583333333333 0.5074074074074074 0.019791666666666666 0.037037037037037035
17 0.5880208333333333 0.5166666666666667 0.025 0.024074074074074074
17 0.5546875 0.4976851851851852 0.021875 0.030555555555555555
19 0.5380208333333333 0.49675925925925923 0.019791666666666666 0.03796296296296296
4 0.4934895833333333 0.4125 0.0203125 0.03796296296296296
4 0.5111979166666667 0.40555555555555556 0.018229166666666668 0.037037037037037035
4 0.4903645833333333 0.3814814814814815 0.015104166666666667 0.027777777777777776
4 0.46510416666666665 0.3824074074074074 0.013541666666666667 0.022222222222222223
5 0.40651041666666665 0.4912037037037037 0.019270833333333334 0.03425925925925926
5 0.40546875 0.4699074074074074 0.0171875 0.01574074074074074
5 0.40598958333333335 0.4601851851851852 0.0203125 0.012962962962962963
9 0.41015625 0.45 0.0203125 0.03333333333333333
9 0.44114583333333335 0.4273148148148148 0.015625 0.021296296296296296
19 0.42942708333333335 0.4152777777777778 0.013020833333333334 0.01574074074074074
11 0.434375 0.4041666666666667 0.0125 0.017592592592592594
19 0.4473958333333333 0.41388888888888886 0.011458333333333333 0.016666666666666666
19 0.46380208333333334 0.4185185185185185 0.011979166666666667 0.018518518518518517
18 0.46901041666666665 0.43657407407407406 0.019270833333333334 0.012037037037037037
9 0.42109375 0.4337962962962963 0.016145833333333335 0.019444444444444445
15 0.38385416666666666 0.412962962962963 0.011458333333333333 0.016666666666666666
13 0.31302083333333336 0.4305555555555556 0.0125 0.02962962962962963
