5 0.7395833333333334 0.8513888888888889 0.15416666666666667 0.2935185185185185
5 0.6947916666666667 0.6217592592592592 0.09895833333333333 0.15092592592592594
5 0.33229166666666665 0.8625 0.1375 0.2712962962962963
5 0.41770833333333335 0.4773148148148148 0.053125 0.10092592592592593
5 0.6161458333333333 0.4648148148148148 0.05625 0.09074074074074075
9 0.70546875 0.5055555555555555 0.08385416666666666 0.11851851851851852
5 0.5799479166666667 0.5736111111111111 0.07760416666666667 0.13055555555555556
5 0.5044270833333333 0.5847222222222223 0.06510416666666667 0.13425925925925927
5 0.4875 0.49722222222222223 0.05416666666666667 0.09814814814814815
5 0.30546875 0.45 0.0578125 0.06666666666666667
19 0.4940104166666667 0.42314814814814816 0.0453125 0.09814814814814815
5 0.61328125 0.36157407407407405 0.0390625 0.05092592592592592
5 0.6546875 0.40185185185185185 0.052083333333333336 0.06481481481481481
5 0.6114583333333333 0.324537037037037 0.03125 0.03425925925925926
5 0.2864583333333333 0.40324074074074073 0.06145833333333333 0.06759259259259259
5 0.34401041666666665 0.3925925925925926 0.0453125 0.053703703703703705
5 0.3611979166666667 0.36203703703703705 0.030729166666666665 0.03888888888888889
5 0.3888020833333333 0.30648148148148147 0.025520833333333333 0.022222222222222223
5 0.45546875 0.31851851851851853 0.024479166666666666 0.03888888888888889
5 0.08958333333333333 0.5986111111111111 0.12916666666666668 0.12685185185185185
5 0.03333333333333333 0.5916666666666667 0.06458333333333334 0.10925925925925926
5 0.31953125 0.36944444444444446 0.0296875 0.04259259259259259
5 0.3572916666666667 0.3287037037037037 0.025 0.03518518518518519
15 0.28828125 0.4027777777777778 0.05572916666666667 0.06111111111111111
5 0.04609375 0.7819444444444444 0.09114583333333333 0.18055555555555555
19 0.1796875 0.6393518518518518 0.140625 0.19722222222222222
9 0.42265625 0.5944444444444444 0.0734375 0.18703703703703703
17 0.5463541666666667 0.8537037037037037 0.090625 0.23703703703703705
17 0.5703125 0.6805555555555556 0.058333333333333334 0.17962962962962964
17 0.55234375 0.46111111111111114 0.0359375 0.08148148148148149
17 0.56484375 0.41805555555555557 0.028645833333333332 0.06388888888888888
17 0.5356770833333333 0.40879629629629627 0.027604166666666666 0.06944444444444445
17 0.51640625 0.387037037037037 0.021354166666666667 0.05555555555555555
17 0.4453125 0.44027777777777777 0.029166666666666667 0.07685185185185185
17 0.45729166666666665 0.4013888888888889 0.025 0.06574074074074074
17 0.5315104166666667 0.36203703703703705 0.022395833333333334 0.03518518518518519
5 0.4890625 0.30277777777777776 0.01875 0.03518518518518519
5 0.5145833333333333 0.2865740740740741 0.017708333333333333 0.021296296296296296
5 0.52890625 0.2800925925925926 0.0171875 0.028703703703703703
9 0.5244791666666667 0.24768518518518517 0.015625 0.025
4 0.5697916666666667 0.3138888888888889 0.04375 0.09074074074074075
4 0.5661458333333333 0.26064814814814813 0.0375 0.026851851851851852
4 0.5658854166666667 0.2324074074074074 0.019270833333333334 0.02962962962962963
4 0.5447916666666667 0.2263888888888889 0.017708333333333333 0.04722222222222222
15 0.4947916666666667 0.2777777777777778 0.01875 0.025925925925925925
9 0.47890625 0.33101851851851855 0.0234375 0.05277777777777778
19 0.44453125 0.36203703703703705 0.0328125 0.06666666666666667
17 0.565625 0.3800925925925926 0.023958333333333335 0.025
10 0.6046875 0.40370370370370373 0.017708333333333333 0.05185185185185185
4 0.5190104166666667 0.21481481481481482 0.013020833333333334 0.020370370370370372
9 0.5020833333333333 0.26157407407407407 0.013541666666666667 0.023148148148148147
11 0.46875 0.27870370370370373 0.019791666666666666 0.040740740740740744
9 0.48984375 0.24351851851851852 0.011979166666666667 0.018518518518518517
5 0.4830729166666667 0.2712962962962963 0.009895833333333333 0.024074074074074074
19 0.49505208333333334 0.23287037037037037 0.009895833333333333 0.013888888888888888
19 0.5044270833333333 0.2449074074074074 0.0109375 0.01574074074074074
17 0.23671875 0.4736111111111111 0.0484375 0.08425925925925926
17 0.20286458333333332 0.449537037037037 0.044270833333333336 0.075
17 0.2674479166666667 0.38842592592592595 0.0296875 0.06018518518518518
10 0.30182291666666666 0.35648148148148145 0.018229166666666668 0.03518518518518519
1 0.20104166666666667 0.3699074074074074 0.08645833333333333 0.10462962962962963
10 0.31927083333333334 0.33425925925925926 0.0125 0.03148148148148148
10 0.30078125 0.35509259259259257 0.013020833333333334 0.041666666666666664
10 0.28359375 0.35509259259259257 0.015104166666666667 0.041666666666666664
17 0.3611979166666667 0.3060185185185185 0.016145833333333335 0.026851851851851852
17 0.3924479166666667 0.2884259259259259 0.0140625 0.019444444444444445
17 0.41640625 0.27870370370370373 0.011979166666666667 0.024074074074074074
5 0.3885416666666667 0.28379629629629627 0.01875 0.023148148148148147
5 0.40911458333333334 0.27361111111111114 0.0140625 0.026851851851851852
5 0.43515625 0.2611111111111111 0.0140625 0.016666666666666666
5 0.42135416666666664 0.25787037037037036 0.014583333333333334 0.025
5 0.4356770833333333 0.24675925925925926 0.011979166666666667 0.012037037037037037
4 0.44947916666666665 0.23425925925925925 0.016666666666666666 0.027777777777777776
4 0.49765625 0.21342592592592594 0.013020833333333334 0.017592592592592594
13 0.8526041666666667 0.5050925925925925 0.07291666666666667 0.11944444444444445
13 0.9380208333333333 0.5180555555555556 0.08125 0.11203703703703703
10 0.21171875 0.8546296296296296 0.0890625 0.2351851851851852
17 0.17578125 0.487962962962963 0.0546875 0.09074074074074075
15 0.13125 0.4263888888888889 0.051041666666666666 0.06388888888888888
10 0.13645833333333332 0.8925925925925926 0.11041666666666666 0.17407407407407408
