10 0.28918650793650796 0.5150049603174603 0.0882936507936508 0.09350198412698413
15 0.376984126984127 0.49094742063492064 0.12632275132275134 0.06969246031746032
3 0.6625330687830688 0.5063244047619048 0.03406084656084656 0.06274801587301587
5 0.6605489417989417 0.4908234126984127 0.06646825396825397 0.036210317460317464
15 0.6284722222222222 0.47780257936507936 0.03736772486772487 0.0220734126984127
12 0.7972883597883598 0.47867063492063494 0.03306878306878307 0.028273809523809524
17 0.7405753968253969 0.4781746031746032 0.014219576719576719 0.014384920634920634
17 0.6995701058201058 0.47643849206349204 0.013558201058201057 0.013392857142857142
10 0.7523148148148148 0.4781746031746032 0.007936507936507936 0.011904761904761904
5 0.7116402116402116 0.4759424603174603 0.011243386243386243 0.010912698412698412
5 0.730489417989418 0.47693452380952384 0.009259259259259259 0.008928571428571428
