15 0.75546875 0.7513888888888889 0.4817708333333333 0.4861111111111111
13 0.33307291666666666 0.6351851851851852 0.08177083333333333 0.1685185185185185
9 0.3463541666666667 0.6162037037037037 0.13333333333333333 0.13055555555555556
13 0.08255208333333333 0.5981481481481481 0.049479166666666664 0.10740740740740741
10 0.14010416666666667 0.6157407407407407 0.036458333333333336 0.0962962962962963
13 0.17135416666666667 0.5851851851851851 0.025 0.07037037037037037
4 0.19348958333333333 0.5578703703703703 0.0234375 0.04351851851851852
9 0.24713541666666666 0.5685185185185185 0.016145833333333335 0.02962962962962963
13 0.13255208333333332 0.5976851851851852 0.0359375 0.08611111111111111
7 0.31927083333333334 0.5449074074074074 0.052083333333333336 0.03611111111111111
