5 0.8470568783068783 0.4885912698412698 0.2853835978835979 0.10416666666666667
5 0.33482142857142855 0.47780257936507936 0.2251984126984127 0.09846230158730158
17 0.2349537037037037 0.4398561507936508 0.06646825396825397 0.057291666666666664
15 0.3869047619047619 0.4398561507936508 0.09325396825396826 0.04092261904761905
5 0.19031084656084657 0.43700396825396826 0.035383597883597885 0.04365079365079365
3 0.07159391534391535 0.43291170634920634 0.0248015873015873 0.047371031746031744
10 0.13111772486772486 0.43725198412698413 0.03141534391534392 0.053075396825396824
5 0.1714616402116402 0.423859126984127 0.036044973544973546 0.021825396825396824
9 0.17195767195767195 0.41257440476190477 0.0291005291005291 0.008680555555555556
4 0.16021825396825398 0.40476190476190477 0.03273809523809524 0.011904761904761904
11 0.25793650793650796 0.4150545634920635 0.052248677248677246 0.037450396825396824
5 0.1099537037037037 0.4205109126984127 0.022817460317460316 0.02058531746031746
4 0.13558201058201058 0.4045138888888889 0.022486772486772486 0.007936507936507936
9 0.19659391534391535 0.4115823412698413 0.018849206349206348 0.006696428571428571
17 0.20205026455026456 0.4133184523809524 0.017195767195767195 0.006200396825396825
4 0.296957671957672 0.4097222222222222 0.0291005291005291 0.011904761904761904
