5 0.21432291666666667 0.8574074074074074 0.10052083333333334 0.17037037037037037
5 0.3497395833333333 0.8722222222222222 0.0890625 0.17592592592592593
15 0.46927083333333336 0.8675925925925926 0.09895833333333333 0.1925925925925926
5 0.67265625 0.924537037037037 0.1234375 0.14351851851851852
15 0.76484375 0.8759259259259259 0.12864583333333332 0.18333333333333332
19 0.74296875 0.7620370370370371 0.08489583333333334 0.17407407407407408
5 0.6791666666666667 0.7287037037037037 0.057291666666666664 0.1037037037037037
5 0.64921875 0.687962962962963 0.06927083333333334 0.10925925925925926
17 0.5677083333333334 0.7023148148148148 0.046875 0.11203703703703703
9 0.49765625 0.7013888888888888 0.0765625 0.12129629629629629
19 0.3966145833333333 0.6953703703703704 0.0828125 0.17962962962962964
17 0.32421875 0.7069444444444445 0.05572916666666667 0.125
9 0.39114583333333336 0.6 0.07291666666666667 0.11296296296296296
5 0.6078125 0.8388888888888889 0.10208333333333333 0.16296296296296298
5 0.23828125 0.7736111111111111 0.09114583333333333 0.14722222222222223
11 0.25078125 0.6518518518518519 0.0765625 0.1685185185185185
15 0.31276041666666665 0.6032407407407407 0.04635416666666667 0.0824074074074074
5 0.3072916666666667 0.5550925925925926 0.04895833333333333 0.03796296296296296
19 0.31979166666666664 0.5050925925925925 0.042708333333333334 0.07685185185185185
7 0.3846354166666667 0.5115740740740741 0.043229166666666666 0.0787037037037037
11 0.46510416666666665 0.549074074074074 0.05416666666666667 0.13518518518518519
19 0.5205729166666667 0.524074074074074 0.0484375 0.08333333333333333
4 0.5135416666666667 0.41944444444444445 0.053125 0.10555555555555556
4 0.5044270833333333 0.350462962962963 0.04114583333333333 0.0712962962962963
4 0.5528645833333333 0.40046296296296297 0.044270833333333336 0.09166666666666666
4 0.446875 0.3439814814814815 0.028125 0.04722222222222222
4 0.40078125 0.33101851851851855 0.025520833333333333 0.04537037037037037
11 0.3768229166666667 0.4 0.027604166666666666 0.04259259259259259
9 0.39296875 0.45185185185185184 0.0359375 0.046296296296296294
9 0.44479166666666664 0.43425925925925923 0.030208333333333334 0.05185185185185185
9 0.44921875 0.3888888888888889 0.021354166666666667 0.040740740740740744
19 0.4083333333333333 0.4273148148148148 0.028125 0.049074074074074076
18 0.45677083333333335 0.4888888888888889 0.04583333333333333 0.06296296296296296
19 0.5598958333333334 0.6166666666666667 0.06666666666666667 0.1259259259259259
11 0.5739583333333333 0.6555555555555556 0.057291666666666664 0.09074074074074075
9 0.47630208333333335 0.6620370370370371 0.06614583333333333 0.14629629629629629
15 0.17395833333333333 0.5018518518518519 0.05 0.06666666666666667
15 0.203125 0.45787037037037037 0.040625 0.041666666666666664
10 0.28072916666666664 0.37916666666666665 0.0125 0.04351851851851852
5 0.30546875 0.3912037037037037 0.0234375 0.030555555555555555
5 0.33359375 0.35694444444444445 0.019270833333333334 0.021296296296296296
4 0.45078125 0.2916666666666667 0.019270833333333334 0.027777777777777776
0 0.6208333333333333 0.524537037037037 0.05625 0.0787037037037037
9 0.646875 0.5583333333333333 0.04375 0.05
17 0.7302083333333333 0.649537037037037 0.052083333333333336 0.03796296296296296
17 0.7028645833333333 0.6259259259259259 0.044270833333333336 0.07037037037037037
17 0.6567708333333333 0.6069444444444444 0.05625 0.062037037037037036
5 0.5973958333333333 0.7620370370370371 0.084375 0.12037037037037036
15 0.4979166666666667 0.7925925925925926 0.090625 0.16111111111111112
