13 0.2671875 0.6680555555555555 0.253125 0.6305555555555555
4 0.06484375 0.5069444444444444 0.1265625 0.9527777777777777
13 0.553125 0.8027777777777778 0.378125 0.38333333333333336
13 0.65546875 0.4791666666666667 0.1671875 0.4027777777777778
11 0.42421875 0.4041666666666667 0.2578125 0.375
4 0.28125 0.26944444444444443 0.1375 0.22777777777777777
4 0.165625 0.3111111111111111 0.11875 0.2722222222222222
5 0.92890625 0.39305555555555555 0.1421875 0.15833333333333333
4 0.4609375 0.2513888888888889 0.08125 0.11388888888888889
13 0.56328125 0.375 0.0859375 0.2388888888888889
13 0.51328125 0.28888888888888886 0.0265625 0.08888888888888889
13 0.61796875 0.2722222222222222 0.0234375 0.05
13 0.85859375 0.6819444444444445 0.2765625 0.6194444444444445
