17 0.35833333333333334 0.9273148148148148 0.07604166666666666 0.14166666666666666
17 0.8041666666666667 0.8787037037037037 0.090625 0.17037037037037037
17 0.7458333333333333 0.6962962962962963 0.05625 0.10740740740740741
17 0.728125 0.6527777777777778 0.046875 0.08148148148148149
17 0.7135416666666666 0.6199074074074075 0.04479166666666667 0.06759259259259259
17 0.6856770833333333 0.5962962962962963 0.0359375 0.06296296296296296
17 0.6872395833333333 0.5527777777777778 0.033854166666666664 0.025925925925925925
17 0.75703125 0.575462962962963 0.03697916666666667 0.032407407407407406
17 0.37734375 0.6550925925925926 0.0359375 0.08425925925925926
17 0.17760416666666667 0.6768518518518518 0.05 0.07407407407407407
17 0.1828125 0.6296296296296297 0.042708333333333334 0.02962962962962963
5 0.25416666666666665 0.5763888888888888 0.04375 0.04537037037037037
4 0.18489583333333334 0.8388888888888889 0.18229166666666666 0.31851851851851853
5 0.47213541666666664 0.7375 0.0640625 0.11203703703703703
5 0.39140625 0.5148148148148148 0.024479166666666666 0.03333333333333333
5 0.40390625 0.43472222222222223 0.0109375 0.021296296296296296
5 0.40651041666666665 0.4111111111111111 0.0067708333333333336 0.012962962962962963
5 0.4236979166666667 0.4148148148148148 0.0078125 0.009259259259259259
15 0.9427083333333334 0.8856481481481482 0.11145833333333334 0.19907407407407407
5 0.8919270833333334 0.7375 0.10885416666666667 0.11574074074074074
5 0.8442708333333333 0.7939814814814815 0.1125 0.15462962962962962
5 0.821875 0.6782407407407407 0.06979166666666667 0.08796296296296297
5 0.6783854166666666 0.6986111111111111 0.08385416666666666 0.09722222222222222
5 0.6333333333333333 0.7703703703703704 0.08229166666666667 0.1425925925925926
9 0.70703125 0.8435185185185186 0.14114583333333333 0.1962962962962963
5 0.7278645833333334 0.787962962962963 0.09739583333333333 0.13148148148148148
5 0.8981770833333333 0.9537037037037037 0.15052083333333333 0.08518518518518518
9 0.9643229166666667 0.7236111111111111 0.06822916666666666 0.10833333333333334
15 0.8901041666666667 0.6652777777777777 0.09791666666666667 0.11018518518518519
5 0.7622395833333333 0.625 0.07239583333333334 0.08888888888888889
5 0.7143229166666667 0.5773148148148148 0.04114583333333333 0.026851851851851852
10 0.5734375 0.6953703703703704 0.03229166666666667 0.1
10 0.6044270833333333 0.6907407407407408 0.0234375 0.0962962962962963
10 0.621875 0.663425925925926 0.014583333333333334 0.06759259259259259
10 0.6330729166666667 0.674074074074074 0.019270833333333334 0.05185185185185185
17 0.6640625 0.6300925925925925 0.051041666666666666 0.049074074074074076
9 0.6104166666666667 0.6143518518518518 0.057291666666666664 0.0787037037037037
17 0.7309895833333333 0.5611111111111111 0.03697916666666667 0.03888888888888889
17 0.6888020833333334 0.5555555555555556 0.0359375 0.037037037037037035
5 0.5731770833333333 0.6611111111111111 0.06302083333333333 0.09259259259259259
5 0.6546875 0.6018518518518519 0.05625 0.044444444444444446
5 0.5489583333333333 0.6097222222222223 0.04895833333333333 0.0712962962962963
5 0.5786458333333333 0.5847222222222223 0.040625 0.05462962962962963
5 0.5552083333333333 0.5541666666666667 0.0375 0.04351851851851852
5 0.5315104166666667 0.5777777777777777 0.04010416666666667 0.06111111111111111
5 0.6455729166666667 0.5583333333333333 0.04635416666666667 0.053703703703703705
5 0.5942708333333333 0.5416666666666666 0.03958333333333333 0.037037037037037035
5 0.65 0.5268518518518519 0.03333333333333333 0.022222222222222223
17 0.6046875 0.5175925925925926 0.022916666666666665 0.022222222222222223
15 0.5729166666666666 0.5212962962962963 0.03125 0.03888888888888889
17 0.5416666666666666 0.5291666666666667 0.021875 0.03611111111111111
19 0.5046875 0.524537037037037 0.034375 0.062037037037037036
4 0.5697916666666667 0.4634259259259259 0.05520833333333333 0.05092592592592592
5 0.61953125 0.513425925925926 0.0265625 0.03425925925925926
5 0.5768229166666666 0.5009259259259259 0.025520833333333333 0.025925925925925925
5 0.5440104166666667 0.49722222222222223 0.0234375 0.025925925925925925
5 0.62109375 0.5388888888888889 0.027604166666666666 0.02962962962962963
5 0.5515625 0.5148148148148148 0.021875 0.02962962962962963
11 0.5369791666666667 0.4699074074074074 0.027083333333333334 0.03611111111111111
17 0.6653645833333334 0.5412037037037037 0.0265625 0.03425925925925926
17 0.5984375 0.5101851851851852 0.019791666666666666 0.025925925925925925
10 0.47942708333333334 0.8833333333333333 0.0390625 0.14444444444444443
11 0.42291666666666666 0.4393518518518518 0.016666666666666666 0.03981481481481482
5 0.5127604166666667 0.5537037037037037 0.0328125 0.04814814814814815
9 0.48098958333333336 0.49027777777777776 0.019270833333333334 0.04351851851851852
19 0.49270833333333336 0.46435185185185185 0.01875 0.032407407407407406
4 0.5010416666666667 0.42407407407407405 0.022916666666666665 0.02962962962962963
17 0.5143229166666666 0.4685185185185185 0.0140625 0.022222222222222223
15 0.46380208333333334 0.46620370370370373 0.008854166666666666 0.03611111111111111
11 0.4549479166666667 0.42777777777777776 0.011979166666666667 0.018518518518518517
5 0.459375 0.45231481481481484 0.014583333333333334 0.025
11 0.48515625 0.43333333333333335 0.016145833333333335 0.024074074074074074
17 0.07578125 0.8106481481481481 0.07864583333333333 0.13240740740740742
