13 0.128125 0.6569444444444444 0.25 0.675
13 0.76171875 0.6513888888888889 0.3328125 0.6972222222222222
11 0.4515625 0.36527777777777776 0.225 0.4083333333333333
4 0.15546875 0.3277777777777778 0.3046875 0.5444444444444444
4 0.39453125 0.2152777777777778 0.1390625 0.20277777777777778
4 0.7109375 0.1875 0.153125 0.1361111111111111
10 0.9515625 0.36666666666666664 0.084375 0.2388888888888889
13 0.8 0.3194444444444444 0.084375 0.18333333333333332
13 0.85859375 0.2916666666666667 0.0609375 0.15555555555555556
13 0.60625 0.3625 0.0875 0.25833333333333336
13 0.7 0.3888888888888889 0.14375 0.3333333333333333
13 0.521875 0.24583333333333332 0.04375 0.041666666666666664
13 0.56640625 0.24027777777777778 0.0453125 0.05277777777777778
7 0.62109375 0.2125 0.0453125 0.058333333333333334
13 0.30546875 0.26805555555555555 0.0484375 0.11388888888888889
13 0.90234375 0.2361111111111111 0.0359375 0.03888888888888889
13 0.9640625 0.2611111111111111 0.04375 0.07777777777777778
13 0.93125 0.2625 0.028125 0.06388888888888888
13 0.9484375 0.8416666666666667 0.096875 0.3055555555555556
