12 0.058333333333333334 0.8703703703703703 0.11145833333333334 0.1388888888888889
13 0.09661458333333334 0.8907407407407407 0.0703125 0.13148148148148148
13 0.27708333333333335 0.8671296296296296 0.07604166666666666 0.17685185185185184
11 0.04765625 0.5953703703703703 0.0640625 0.08148148148148149
13 0.09192708333333334 0.7439814814814815 0.06927083333333334 0.11018518518518519
13 0.031510416666666666 0.6671296296296296 0.043229166666666666 0.10833333333333334
13 0.03854166666666667 0.7717592592592593 0.06875 0.10277777777777777
13 0.14947916666666666 0.8125 0.053125 0.1638888888888889
5 0.2721354166666667 0.7574074074074074 0.12552083333333333 0.11666666666666667
5 0.0484375 0.5421296296296296 0.051041666666666666 0.04351851851851852
5 0.21015625 0.586574074074074 0.0734375 0.0824074074074074
5 0.6 0.8689814814814815 0.18541666666666667 0.19722222222222222
5 0.8067708333333333 0.6671296296296296 0.071875 0.1361111111111111
5 0.76328125 0.4847222222222222 0.04635416666666667 0.06944444444444445
1 0.8393229166666667 0.44351851851851853 0.09010416666666667 0.12777777777777777
13 0.9643229166666667 0.8875 0.0671875 0.21388888888888888
17 0.9375 0.7018518518518518 0.08541666666666667 0.15555555555555556
13 0.7919270833333333 0.7907407407407407 0.1328125 0.17777777777777778
13 0.6783854166666666 0.6625 0.0828125 0.15833333333333333
4 0.46536458333333336 0.6351851851851852 0.2526041666666667 0.25555555555555554
9 0.42890625 0.8689814814814815 0.1921875 0.2361111111111111
