15 0.44817708333333334 0.462037037037037 0.058854166666666666 0.12222222222222222
13 0.7408854166666666 0.4439814814814815 0.06510416666666667 0.10648148148148148
13 0.809375 0.4527777777777778 0.05520833333333333 0.10555555555555556
13 0.8526041666666667 0.45740740740740743 0.03958333333333333 0.10185185185185185
13 0.8893229166666666 0.4703703703703704 0.0234375 0.05925925925925926
10 0.07552083333333333 0.524074074074074 0.03958333333333333 0.1037037037037037
5 0.14114583333333333 0.4361111111111111 0.0625 0.09074074074074075
10 0.053385416666666664 0.4462962962962963 0.027604166666666666 0.09074074074074075
10 0.19505208333333332 0.32592592592592595 0.0203125 0.05555555555555555
10 0.16223958333333333 0.3347222222222222 0.0234375 0.06018518518518518
17 0.22526041666666666 0.31851851851851853 0.0171875 0.06296296296296296
17 0.2869791666666667 0.23842592592592593 0.016666666666666666 0.03611111111111111
17 0.37526041666666665 0.32222222222222224 0.024479166666666666 0.05740740740740741
17 0.41901041666666666 0.25277777777777777 0.0140625 0.03888888888888889
17 0.4828125 0.31342592592592594 0.023958333333333335 0.05277777777777778
17 0.5393229166666667 0.2810185185185185 0.0203125 0.041666666666666664
17 0.5526041666666667 0.2884259259259259 0.022916666666666665 0.023148148148148147
5 0.32265625 0.41203703703703703 0.050520833333333334 0.08148148148148149
5 0.3846354166666667 0.4212962962962963 0.0515625 0.08888888888888889
5 0.5333333333333333 0.425462962962963 0.057291666666666664 0.08796296296296297
15 0.56796875 0.38425925925925924 0.05260416666666667 0.08148148148148149
15 0.4518229166666667 0.37592592592592594 0.04739583333333333 0.07407407407407407
5 0.3875 0.3578703703703704 0.041666666666666664 0.058333333333333334
19 0.4080729166666667 0.3106481481481482 0.03802083333333333 0.0787037037037037
11 0.3421875 0.2949074074074074 0.035416666666666666 0.075
5 0.33958333333333335 0.34953703703703703 0.042708333333333334 0.06388888888888888
5 0.50078125 0.3731481481481482 0.0453125 0.07037037037037037
5 0.5307291666666667 0.3226851851851852 0.021875 0.04722222222222222
5 0.51796875 0.30324074074074076 0.0296875 0.04722222222222222
19 0.453125 0.31851851851851853 0.036458333333333336 0.06296296296296296
19 0.44192708333333336 0.2953703703703704 0.0296875 0.06666666666666667
9 0.40260416666666665 0.27175925925925926 0.030208333333333334 0.05462962962962963
5 0.3690104166666667 0.2740740740740741 0.0203125 0.037037037037037035
19 0.4791666666666667 0.27361111111111114 0.029166666666666667 0.062037037037037036
11 0.48463541666666665 0.2902777777777778 0.027604166666666666 0.03981481481481482
5 0.4953125 0.3347222222222222 0.03854166666666667 0.04722222222222222
17 0.5200520833333333 0.27314814814814814 0.025520833333333333 0.037037037037037035
5 0.5028645833333333 0.26990740740740743 0.0203125 0.03796296296296296
0 0.5036458333333333 0.2351851851851852 0.025 0.03888888888888889
19 0.4609375 0.23657407407407408 0.022916666666666665 0.041666666666666664
11 0.43645833333333334 0.24953703703703703 0.023958333333333335 0.06388888888888888
9 0.515625 0.24722222222222223 0.020833333333333332 0.018518518518518517
4 0.45625 0.18518518518518517 0.021875 0.04814814814814815
4 0.47317708333333336 0.17685185185185184 0.021354166666666667 0.040740740740740744
4 0.4515625 0.1550925925925926 0.017708333333333333 0.03611111111111111
19 0.47604166666666664 0.19768518518518519 0.013541666666666667 0.026851851851851852
7 0.39895833333333336 0.2300925925925926 0.01875 0.03425925925925926
5 0.36614583333333334 0.25046296296296294 0.021875 0.017592592592592594
9 0.37005208333333334 0.2300925925925926 0.025520833333333333 0.03611111111111111
19 0.38776041666666666 0.19490740740740742 0.0203125 0.025
11 0.39375 0.17546296296296296 0.014583333333333334 0.013888888888888888
19 0.40911458333333334 0.18888888888888888 0.013020833333333334 0.018518518518518517
9 0.40260416666666665 0.20324074074074075 0.014583333333333334 0.023148148148148147
19 0.40859375 0.22361111111111112 0.0203125 0.03796296296296296
5 0.43255208333333334 0.18611111111111112 0.0109375 0.018518518518518517
4 0.42578125 0.15046296296296297 0.0140625 0.021296296296296296
15 0.47604166666666664 0.22962962962962963 0.013541666666666667 0.022222222222222223
5 0.27708333333333335 0.22453703703703703 0.028125 0.028703703703703703
14 0.33515625 0.1824074074074074 0.0067708333333333336 0.020370370370370372
13 0.3263020833333333 0.17916666666666667 0.0067708333333333336 0.019444444444444445
1 0.08776041666666666 0.3055555555555556 0.09635416666666667 0.11481481481481481
