17 0.37136243386243384 0.5042162698412699 0.09986772486772487 0.07242063492063493
10 0.460978835978836 0.5186011904761905 0.062169312169312166 0.07688492063492064
5 0.42080026455026454 0.49069940476190477 0.045304232804232805 0.038938492063492064
5 0.5851521164021164 0.48425099206349204 0.03935185185185185 0.019097222222222224
9 0.62880291005291 0.4806547619047619 0.028108465608465607 0.01984126984126984
15 0.6555886243386243 0.4792906746031746 0.02017195767195767 0.011656746031746032
10 0.6592261904761905 0.48735119047619047 0.014219576719576719 0.021825396825396824
3 0.6916335978835979 0.4930555555555556 0.015542328042328041 0.032242063492063495
12 0.7556216931216931 0.4826388888888889 0.031746031746031744 0.028769841269841268
15 0.6797288359788359 0.4836309523809524 0.022156084656084655 0.016865079365079364
5 0.7023809523809523 0.48387896825396826 0.0205026455026455 0.013888888888888888
