5 0.15833333333333333 0.7976851851851852 0.31145833333333334 0.3972222222222222
4 0.2950520833333333 0.6569444444444444 0.1734375 0.22314814814814815
11 0.4786458333333333 0.7037037037037037 0.042708333333333334 0.08703703703703704
9 0.7052083333333333 0.7384259259259259 0.24270833333333333 0.27685185185185185
5 0.5588541666666667 0.7212962962962963 0.06041666666666667 0.07407407407407407
11 0.5234375 0.6847222222222222 0.046875 0.10092592592592593
4 0.4205729166666667 0.6791666666666667 0.03802083333333333 0.0712962962962963
9 0.44557291666666665 0.6986111111111111 0.0296875 0.058333333333333334
4 0.6 0.6578703703703703 0.04479166666666667 0.05462962962962963
17 0.9705729166666667 0.7092592592592593 0.05572916666666667 0.09074074074074075
