4 0.23359375 0.6597222222222222 0.19427083333333334 0.22870370370370371
4 0.3690104166666667 0.6754629629629629 0.08802083333333334 0.1361111111111111
11 0.60625 0.6800925925925926 0.090625 0.20092592592592592
4 0.47213541666666664 0.6768518518518518 0.0421875 0.07962962962962963
4 0.5200520833333333 0.6754629629629629 0.05572916666666667 0.08796296296296297
19 0.8830729166666667 0.6981481481481482 0.1140625 0.10925925925925926
4 0.7776041666666667 0.6763888888888889 0.071875 0.09537037037037037
4 0.8596354166666667 0.6574074074074074 0.12239583333333333 0.1111111111111111
19 0.67578125 0.6837962962962963 0.016145833333333335 0.032407407407407406
5 0.9229166666666667 0.8458333333333333 0.14583333333333334 0.30462962962962964
