5 0.2903645833333333 0.6129629629629629 0.08489583333333334 0.17962962962962964
5 0.3859375 0.6416666666666667 0.08958333333333333 0.19814814814814816
5 0.4822916666666667 0.7569444444444444 0.11770833333333333 0.2657407407407407
5 0.5989583333333334 0.7134259259259259 0.109375 0.225
15 0.6294270833333333 0.5310185185185186 0.07864583333333333 0.15833333333333333
5 0.5078125 0.4486111111111111 0.05416666666666667 0.09351851851851851
5 0.38697916666666665 0.46111111111111114 0.06145833333333333 0.10185185185185185
19 0.5682291666666667 0.35462962962962963 0.04583333333333333 0.09074074074074075
5 0.5111979166666667 0.3824074074074074 0.0453125 0.06666666666666667
9 0.45989583333333334 0.35 0.03854166666666667 0.08518518518518518
19 0.41458333333333336 0.3726851851851852 0.046875 0.09722222222222222
17 0.38177083333333334 0.35 0.026041666666666668 0.06666666666666667
11 0.3463541666666667 0.3236111111111111 0.03958333333333333 0.09351851851851851
5 0.3260416666666667 0.44074074074074077 0.05520833333333333 0.09444444444444444
5 0.5255208333333333 0.3162037037037037 0.029166666666666667 0.049074074074074076
17 0.49557291666666664 0.3416666666666667 0.028645833333333332 0.06666666666666667
9 0.45260416666666664 0.3143518518518518 0.03333333333333333 0.06574074074074074
9 0.4119791666666667 0.2833333333333333 0.03229166666666667 0.05185185185185185
5 0.4109375 0.3162037037037037 0.034375 0.049074074074074076
5 0.37473958333333335 0.2865740740740741 0.025520833333333333 0.041666666666666664
7 0.40677083333333336 0.24212962962962964 0.019791666666666666 0.032407407407407406
11 0.44375 0.26157407407407407 0.021875 0.062037037037037036
19 0.4700520833333333 0.2490740740740741 0.022395833333333334 0.04259259259259259
17 0.56015625 0.300462962962963 0.021354166666666667 0.023148148148148147
17 0.5479166666666667 0.2916666666666667 0.019791666666666666 0.037037037037037035
17 0.52734375 0.2833333333333333 0.024479166666666666 0.03333333333333333
0 0.5125 0.2490740740740741 0.023958333333333335 0.040740740740740744
11 0.49270833333333336 0.30694444444444446 0.028125 0.049074074074074076
19 0.48854166666666665 0.2847222222222222 0.034375 0.06018518518518518
4 0.4640625 0.1986111111111111 0.022916666666666665 0.041666666666666664
4 0.4822916666666667 0.19027777777777777 0.020833333333333332 0.04537037037037037
4 0.4596354166666667 0.16574074074074074 0.018229166666666668 0.03148148148148148
4 0.434375 0.16527777777777777 0.014583333333333334 0.023148148148148147
19 0.41041666666666665 0.21435185185185185 0.015625 0.023148148148148147
11 0.40234375 0.18981481481481483 0.013020833333333334 0.018518518518518517
9 0.37786458333333334 0.24305555555555555 0.022395833333333334 0.03796296296296296
5 0.37421875 0.26342592592592595 0.022395833333333334 0.019444444444444445
5 0.3697916666666667 0.30416666666666664 0.013541666666666667 0.04537037037037037
15 0.3893229166666667 0.22407407407407406 0.0171875 0.024074074074074074
5 0.38645833333333335 0.23287037037037037 0.016666666666666666 0.026851851851851852
19 0.43385416666666665 0.20601851851851852 0.013541666666666667 0.023148148148148147
1 0.09713541666666667 0.31203703703703706 0.0953125 0.11296296296296296
5 0.26953125 0.28379629629629627 0.030729166666666665 0.03981481481481482
17 0.3072916666666667 0.25 0.015625 0.03333333333333333
17 0.34140625 0.21064814814814814 0.0109375 0.021296296296296296
10 0.29739583333333336 0.21712962962962962 0.007291666666666667 0.023148148148148147
10 0.32083333333333336 0.22916666666666666 0.007291666666666667 0.026851851851851852
10 0.21223958333333334 0.30925925925925923 0.015104166666666667 0.04814814814814815
10 0.2265625 0.29259259259259257 0.0125 0.046296296296296294
10 0.19609375 0.3486111111111111 0.0203125 0.06759259259259259
10 0.24036458333333333 0.34953703703703703 0.0140625 0.06388888888888888
10 0.16432291666666668 0.3476851851851852 0.018229166666666668 0.06388888888888888
13 0.7598958333333333 0.4615740740740741 0.06041666666666667 0.11203703703703703
13 0.81953125 0.47453703703703703 0.0640625 0.11944444444444445
13 0.8716145833333333 0.47685185185185186 0.0546875 0.1037037037037037
13 0.8927083333333333 0.513425925925926 0.04479166666666667 0.11018518518518519
5 0.023958333333333335 0.3675925925925926 0.042708333333333334 0.05740740740740741
10 0.27838541666666666 0.2518518518518518 0.009895833333333333 0.03148148148148148
13 0.34348958333333335 0.18425925925925926 0.0067708333333333336 0.018518518518518517
