17 0.8361979166666667 0.8740740740740741 0.1390625 0.24444444444444444
5 0.6966145833333334 0.8694444444444445 0.16197916666666667 0.2611111111111111
7 0.38697916666666665 0.7032407407407407 0.09791666666666667 0.3287037037037037
9 0.5427083333333333 0.6814814814814815 0.10104166666666667 0.3111111111111111
5 0.62734375 0.6023148148148149 0.08697916666666666 0.15648148148148147
17 0.7028645833333333 0.5569444444444445 0.06822916666666666 0.16018518518518518
10 0.75 0.6671296296296296 0.04583333333333333 0.16203703703703703
13 0.8473958333333333 0.49027777777777776 0.06354166666666666 0.12314814814814815
13 0.77421875 0.4583333333333333 0.05364583333333333 0.09259259259259259
13 0.9020833333333333 0.5013888888888889 0.04375 0.11944444444444445
5 0.26536458333333335 0.7384259259259259 0.12864583333333332 0.24351851851851852
5 0.2078125 0.9537037037037037 0.14583333333333334 0.08148148148148149
5 0.4856770833333333 0.9282407407407407 0.12447916666666667 0.14351851851851852
11 0.4359375 0.5365740740740741 0.06979166666666667 0.23055555555555557
11 0.4515625 0.26666666666666666 0.03333333333333333 0.06111111111111111
11 0.42604166666666665 0.17916666666666667 0.0125 0.023148148148148147
19 0.5106770833333333 0.3143518518518518 0.03697916666666667 0.07314814814814814
19 0.43723958333333335 0.3351851851851852 0.03802083333333333 0.08888888888888889
19 0.4203125 0.2574074074074074 0.027083333333333334 0.05555555555555555
19 0.43333333333333335 0.20694444444444443 0.016666666666666666 0.030555555555555555
9 0.5291666666666667 0.23796296296296296 0.023958333333333335 0.03148148148148148
19 0.35520833333333335 0.3851851851851852 0.052083333333333336 0.10925925925925926
5 0.36796875 0.3388888888888889 0.0390625 0.06296296296296296
5 0.3890625 0.2851851851851852 0.03229166666666667 0.05
15 0.39739583333333334 0.23842592592592593 0.019791666666666666 0.03611111111111111
17 0.41380208333333335 0.20555555555555555 0.011979166666666667 0.027777777777777776
17 0.40703125 0.22453703703703703 0.0140625 0.028703703703703703
19 0.4203125 0.19583333333333333 0.014583333333333334 0.028703703703703703
4 0.48359375 0.15555555555555556 0.018229166666666668 0.03333333333333333
5 0.55390625 0.36944444444444446 0.04010416666666667 0.07592592592592592
5 0.49765625 0.3851851851851852 0.04010416666666667 0.06851851851851852
17 0.4739583333333333 0.33240740740740743 0.026041666666666668 0.06481481481481481
17 0.46458333333333335 0.4217592592592593 0.03229166666666667 0.0712962962962963
17 0.5114583333333333 0.47638888888888886 0.03958333333333333 0.11018518518518519
5 0.5817708333333333 0.33425925925925926 0.04583333333333333 0.05740740740740741
0 0.5536458333333333 0.2833333333333333 0.035416666666666666 0.06296296296296296
17 0.5190104166666667 0.27685185185185185 0.018229166666666668 0.04259259259259259
17 0.48072916666666665 0.26342592592592595 0.016666666666666666 0.03981481481481482
17 0.44947916666666665 0.22824074074074074 0.013541666666666667 0.017592592592592594
17 0.46458333333333335 0.2351851851851852 0.013541666666666667 0.024074074074074074
17 0.478125 0.24027777777777778 0.013541666666666667 0.017592592592592594
17 0.45390625 0.21203703703703702 0.0109375 0.016666666666666666
17 0.46875 0.20879629629629629 0.011458333333333333 0.019444444444444445
17 0.20390625 0.33564814814814814 0.03697916666666667 0.06574074074074074
17 0.15546875 0.3337962962962963 0.03697916666666667 0.058333333333333334
17 0.2869791666666667 0.24675925925925926 0.01875 0.04537037037037037
17 0.0234375 0.5185185185185185 0.042708333333333334 0.08888888888888889
5 0.059895833333333336 0.6273148148148148 0.11875 0.16203703703703703
5 0.16197916666666667 0.4648148148148148 0.10416666666666667 0.09814814814814815
5 0.14140625 0.39351851851851855 0.08489583333333334 0.07592592592592592
9 0.05520833333333333 0.3990740740740741 0.1 0.10555555555555556
10 0.23125 0.35138888888888886 0.01875 0.06759259259259259
5 0.27447916666666666 0.33287037037037037 0.04895833333333333 0.05648148148148148
15 0.24557291666666667 0.3050925925925926 0.04010416666666667 0.05462962962962963
15 0.29713541666666665 0.28425925925925927 0.0234375 0.05740740740740741
15 0.32083333333333336 0.2439814814814815 0.022916666666666665 0.026851851851851852
4 0.2265625 0.25601851851851853 0.07604166666666666 0.08981481481481482
10 0.31145833333333334 0.21666666666666667 0.007291666666666667 0.02962962962962963
15 0.046614583333333334 0.32685185185185184 0.0546875 0.05185185185185185
1 0.125 0.28055555555555556 0.09583333333333334 0.10740740740740741
15 0.03567708333333333 0.47685185185185186 0.0671875 0.07222222222222222
5 0.31953125 0.5328703703703703 0.0828125 0.13240740740740742
5 0.43307291666666664 0.22777777777777777 0.018229166666666668 0.022222222222222223
5 0.5010416666666667 0.22453703703703703 0.016666666666666666 0.028703703703703703
5 0.48880208333333336 0.2351851851851852 0.0171875 0.02962962962962963
5 0.47109375 0.22314814814814815 0.016145833333333335 0.020370370370370372
4 0.48880208333333336 0.19166666666666668 0.021354166666666667 0.046296296296296294
5 0.53125 0.2587962962962963 0.01875 0.032407407407407406
5 0.5018229166666667 0.2625 0.0234375 0.03611111111111111
9 0.5075520833333333 0.19907407407407407 0.016145833333333335 0.025925925925925925
9 0.4640625 0.18472222222222223 0.010416666666666666 0.017592592592592594
4 0.50546875 0.1726851851851852 0.0203125 0.030555555555555555
5 0.5203125 0.22546296296296298 0.01875 0.025
5 0.5140625 0.21157407407407408 0.015625 0.013888888888888888
19 0.4395833333333333 0.18935185185185185 0.011458333333333333 0.019444444444444445
9 0.44453125 0.17037037037037037 0.011979166666666667 0.018518518518518517
15 0.4583333333333333 0.17083333333333334 0.011458333333333333 0.013888888888888888
15 0.3763020833333333 0.18055555555555555 0.013020833333333334 0.018518518518518517
4 0.43645833333333334 0.14722222222222223 0.0125 0.022222222222222223
