11 0.5713541666666667 0.5041666666666667 0.052083333333333336 0.13055555555555556
5 0.509375 0.48009259259259257 0.036458333333333336 0.05277777777777778
5 0.39817708333333335 0.4652777777777778 0.0390625 0.041666666666666664
17 0.30572916666666666 0.5708333333333333 0.04375 0.08611111111111111
17 0.3338541666666667 0.5300925925925926 0.036458333333333336 0.07314814814814814
17 0.24609375 0.6398148148148148 0.07135416666666666 0.06666666666666667
17 0.8890625 0.6194444444444445 0.05416666666666667 0.09259259259259259
17 0.85703125 0.549074074074074 0.05260416666666667 0.05925925925925926
17 0.8736979166666666 0.5828703703703704 0.058854166666666666 0.07314814814814814
17 0.83046875 0.5236111111111111 0.03697916666666667 0.049074074074074076
17 0.83359375 0.48703703703703705 0.034895833333333334 0.03888888888888889
17 0.81484375 0.4634259259259259 0.027604166666666666 0.03981481481481482
17 0.8018229166666667 0.5569444444444445 0.0484375 0.05462962962962963
17 0.7809895833333333 0.44166666666666665 0.024479166666666666 0.024074074074074074
10 0.7059895833333333 0.6111111111111112 0.028645833333333332 0.09814814814814815
10 0.7385416666666667 0.5930555555555556 0.020833333333333332 0.06574074074074074
10 0.7552083333333334 0.5824074074074074 0.01875 0.053703703703703705
10 0.77109375 0.5986111111111111 0.03177083333333333 0.05462962962962963
10 0.971875 0.5560185185185185 0.036458333333333336 0.05648148148148148
10 0.4984375 0.3541666666666667 0.00625 0.021296296296296296
17 0.5026041666666666 0.34444444444444444 0.008333333333333333 0.018518518518518517
17 0.5190104166666667 0.3439814814814815 0.0078125 0.019444444444444445
5 0.5309895833333333 0.3490740740740741 0.011979166666666667 0.016666666666666666
5 0.5518229166666667 0.3439814814814815 0.011979166666666667 0.025
5 0.41432291666666665 0.6606481481481481 0.07135416666666666 0.058333333333333334
5 0.9276041666666667 0.9592592592592593 0.13541666666666666 0.07777777777777778
5 0.8174479166666667 0.6180555555555556 0.08697916666666666 0.08611111111111111
5 0.7643229166666666 0.6657407407407407 0.0828125 0.09814814814814815
5 0.96328125 0.6180555555555556 0.0703125 0.075
5 0.9619791666666667 0.6944444444444444 0.075 0.07037037037037037
19 0.8177083333333334 0.6944444444444444 0.09583333333333334 0.05185185185185185
5 0.7041666666666667 0.5768518518518518 0.06354166666666666 0.08888888888888889
5 0.909375 0.5527777777777778 0.078125 0.08148148148148149
5 0.79296875 0.5236111111111111 0.0546875 0.032407407407407406
9 0.7479166666666667 0.5319444444444444 0.06041666666666667 0.0787037037037037
5 0.6809895833333334 0.524537037037037 0.0515625 0.06388888888888888
4 0.68515625 0.36435185185185187 0.0359375 0.03425925925925926
4 0.6614583333333334 0.35694444444444445 0.010416666666666666 0.026851851851851852
4 0.63515625 0.33240740740740743 0.025520833333333333 0.024074074074074074
15 0.7158854166666667 0.5027777777777778 0.0421875 0.05185185185185185
5 0.75546875 0.49212962962962964 0.0421875 0.03425925925925926
15 0.73203125 0.46064814814814814 0.044270833333333336 0.03611111111111111
17 0.67578125 0.4444444444444444 0.021354166666666667 0.03333333333333333
17 0.74296875 0.4375 0.024479166666666666 0.021296296296296296
15 0.7098958333333333 0.43796296296296294 0.03125 0.037037037037037035
5 0.66171875 0.49212962962962964 0.04114583333333333 0.062037037037037036
5 0.6447916666666667 0.4671296296296296 0.03125 0.05092592592592592
19 0.6354166666666666 0.4351851851851852 0.036458333333333336 0.06111111111111111
11 0.6723958333333333 0.38287037037037036 0.029166666666666667 0.03425925925925926
9 0.6135416666666667 0.4 0.020833333333333332 0.037037037037037035
11 0.6192708333333333 0.3435185185185185 0.015625 0.022222222222222223
15 0.5971354166666667 0.37407407407407406 0.0109375 0.02962962962962963
15 0.7145833333333333 0.4212962962962963 0.025 0.02962962962962963
15 0.6794270833333333 0.412962962962963 0.0234375 0.024074074074074074
5 0.6598958333333333 0.44074074074074077 0.0125 0.040740740740740744
19 0.6265625 0.37037037037037035 0.01875 0.018518518518518517
5 0.5903645833333333 0.3592592592592593 0.013020833333333334 0.020370370370370372
11 0.5864583333333333 0.3365740740740741 0.016666666666666666 0.021296296296296296
4 0.6013020833333333 0.3125 0.011979166666666667 0.019444444444444445
17 0.54140625 0.32685185185185184 0.008854166666666666 0.018518518518518517
17 0.5299479166666666 0.3162037037037037 0.0078125 0.013888888888888888
5 0.5447916666666667 0.30787037037037035 0.00625 0.010185185185185186
5 0.559375 0.32407407407407407 0.009375 0.014814814814814815
