17 0.11692708333333333 0.6259259259259259 0.2296875 0.5555555555555556
15 0.8177083333333334 0.6476851851851851 0.3572916666666667 0.5990740740740741
9 0.38046875 0.4675925925925926 0.2296875 0.19074074074074074
19 0.246875 0.46805555555555556 0.19895833333333332 0.20092592592592592
5 0.6130208333333333 0.4337962962962963 0.0625 0.06759259259259259
13 0.715625 0.44351851851851853 0.053125 0.13703703703703704
13 0.8192708333333333 0.44027777777777777 0.115625 0.16203703703703703
13 0.76953125 0.4449074074074074 0.0421875 0.15462962962962962
4 0.48072916666666665 0.3912037037037037 0.11666666666666667 0.12129629629629629
13 0.5453125 0.4111111111111111 0.014583333333333334 0.05
13 0.6106770833333334 0.3939814814814815 0.018229166666666668 0.025
10 0.69765625 0.41435185185185186 0.015104166666666667 0.06388888888888888
