10 0.09947916666666666 0.7458333333333333 0.035416666666666666 0.11574074074074074
10 0.17109375 0.775 0.033854166666666664 0.12777777777777777
10 0.19921875 0.7398148148148148 0.028645833333333332 0.1111111111111111
10 0.2515625 0.48564814814814816 0.017708333333333333 0.04537037037037037
5 0.06875 0.6462962962962963 0.08229166666666667 0.08333333333333333
10 0.6033854166666667 0.8601851851851852 0.0453125 0.17777777777777778
10 0.65 0.825 0.04791666666666667 0.12222222222222222
10 0.7 0.8324074074074074 0.05 0.08888888888888889
10 0.7174479166666666 0.5513888888888889 0.021354166666666667 0.03611111111111111
10 0.9640625 0.7319444444444444 0.027083333333333334 0.07685185185185185
10 0.8236979166666667 0.6277777777777778 0.018229166666666668 0.040740740740740744
17 0.27708333333333335 0.5842592592592593 0.035416666666666666 0.09074074074074075
17 0.29140625 0.48564814814814816 0.021354166666666667 0.049074074074074076
17 0.7484375 0.7611111111111111 0.08125 0.09259259259259259
17 0.8786458333333333 0.8648148148148148 0.096875 0.18333333333333332
17 0.8510416666666667 0.7930555555555555 0.08229166666666667 0.12685185185185185
17 0.7846354166666667 0.7023148148148148 0.0578125 0.10462962962962963
17 0.828125 0.7430555555555556 0.07291666666666667 0.11203703703703703
17 0.7869791666666667 0.6314814814814815 0.05 0.053703703703703705
17 0.8614583333333333 0.6435185185185185 0.059375 0.06666666666666667
17 0.7513020833333334 0.6078703703703704 0.0453125 0.05648148148148148
17 0.65078125 0.5643518518518519 0.04114583333333333 0.03981481481481482
17 0.9 0.6722222222222223 0.06145833333333333 0.05925925925925926
15 0.7200520833333334 0.6356481481481482 0.07552083333333333 0.08796296296296297
5 0.6734375 0.6541666666666667 0.075 0.06388888888888888
5 0.6065104166666667 0.6736111111111112 0.06510416666666667 0.09351851851851851
5 0.5583333333333333 0.7125 0.08125 0.12129629629629629
5 0.9065104166666667 0.7490740740740741 0.1234375 0.15
5 0.9739583333333334 0.8458333333333333 0.04895833333333333 0.14351851851851852
5 0.6864583333333333 0.9342592592592592 0.13125 0.13148148148148148
5 0.7700520833333333 0.8666666666666667 0.13385416666666666 0.15925925925925927
5 0.8479166666666667 0.9541666666666667 0.15833333333333333 0.08796296296296297
5 0.97421875 0.9513888888888888 0.049479166666666664 0.08981481481481482
9 0.6338541666666667 0.6032407407407407 0.06770833333333333 0.06388888888888888
5 0.678125 0.5990740740740741 0.04895833333333333 0.053703703703703705
5 0.7270833333333333 0.5824074074074074 0.05416666666666667 0.03518518518518519
9 0.6817708333333333 0.5606481481481481 0.05 0.04537037037037037
17 0.6393229166666666 0.5504629629629629 0.033854166666666664 0.04351851851851852
9 0.6057291666666667 0.538425925925926 0.041666666666666664 0.049074074074074076
15 0.5984375 0.575 0.05416666666666667 0.07777777777777778
9 0.6604166666666667 0.7245370370370371 0.096875 0.13055555555555556
5 0.7309895833333333 0.7138888888888889 0.09322916666666667 0.09444444444444444
5 0.5260416666666666 0.6578703703703703 0.06145833333333333 0.10648148148148148
19 0.4830729166666667 0.5638888888888889 0.050520833333333334 0.10185185185185185
5 0.34921875 0.6060185185185185 0.05260416666666667 0.08796296296296297
5 0.3528645833333333 0.525 0.0453125 0.053703703703703705
5 0.3484375 0.4597222222222222 0.029166666666666667 0.041666666666666664
5 0.31145833333333334 0.41712962962962963 0.01875 0.032407407407407406
11 0.35260416666666666 0.3837962962962963 0.016666666666666666 0.041666666666666664
5 0.33307291666666666 0.38564814814814813 0.011979166666666667 0.019444444444444445
5 0.3268229166666667 0.3768518518518518 0.011979166666666667 0.020370370370370372
17 0.30755208333333334 0.36944444444444446 0.0109375 0.020370370370370372
5 0.5958333333333333 0.8032407407407407 0.10104166666666667 0.15833333333333333
4 0.6171875 0.4773148148148148 0.09270833333333334 0.09166666666666666
18 0.5432291666666667 0.4773148148148148 0.051041666666666666 0.07314814814814814
9 0.4510416666666667 0.5101851851851852 0.027083333333333334 0.07222222222222222
9 0.46770833333333334 0.46805555555555556 0.030208333333333334 0.04722222222222222
4 0.4828125 0.41064814814814815 0.04375 0.05462962962962963
17 0.5036458333333333 0.4773148148148148 0.020833333333333332 0.03425925925925926
11 0.4552083333333333 0.4162037037037037 0.026041666666666668 0.03611111111111111
9 0.4200520833333333 0.46944444444444444 0.0203125 0.05740740740740741
11 0.4049479166666667 0.41898148148148145 0.0171875 0.04537037037037037
9 0.4244791666666667 0.4078703703703704 0.017708333333333333 0.026851851851851852
11 0.4239583333333333 0.3990740740740741 0.01875 0.04259259259259259
5 0.5502604166666667 0.525 0.034895833333333334 0.040740740740740744
5 0.5205729166666667 0.5712962962962963 0.0265625 0.06666666666666667
17 0.5453125 0.5833333333333334 0.03854166666666667 0.06666666666666667
5 0.49661458333333336 0.6148148148148148 0.0515625 0.08148148148148149
4 0.19036458333333334 0.6055555555555555 0.09739583333333333 0.20555555555555555
