17 0.03697916666666667 0.7013888888888888 0.07291666666666667 0.20092592592592592
4 0.39140625 0.6601851851851852 0.07552083333333333 0.14629629629629629
11 0.47890625 0.7050925925925926 0.06302083333333333 0.1287037037037037
5 0.6299479166666667 0.7282407407407407 0.09322916666666667 0.10648148148148148
11 0.5583333333333333 0.675 0.058333333333333334 0.11851851851851852
17 0.4518229166666667 0.687037037037037 0.019270833333333334 0.046296296296296294
5 0.5171875 0.6902777777777778 0.016666666666666666 0.032407407407407406
5 0.43463541666666666 0.6925925925925925 0.0171875 0.044444444444444446
4 0.9083333333333333 0.5703703703703704 0.178125 0.30925925925925923
4 0.725 0.6842592592592592 0.0875 0.053703703703703705
4 0.6640625 0.6638888888888889 0.040625 0.03888888888888889
