13 0.8515625 0.7208333333333333 0.29375 0.5472222222222223
13 0.14921875 0.7055555555555556 0.2921875 0.5666666666666667
4 0.21015625 0.3402777777777778 0.4140625 0.5527777777777778
4 0.4421875 0.2652777777777778 0.1625 0.2361111111111111
11 0.7140625 0.49027777777777776 0.228125 0.425
13 0.9265625 0.3972222222222222 0.140625 0.2
13 0.54765625 0.3347222222222222 0.0671875 0.08611111111111111
13 0.615625 0.35555555555555557 0.046875 0.1388888888888889
4 0.55078125 0.24305555555555555 0.0453125 0.075
13 0.821875 0.34305555555555556 0.065625 0.1361111111111111
13 0.58125 0.32083333333333336 0.03125 0.06944444444444445
