13 0.50625 0.8722222222222222 0.12604166666666666 0.19444444444444445
13 0.31223958333333335 0.875 0.1328125 0.17777777777777778
13 0.16692708333333334 0.9009259259259259 0.14635416666666667 0.17962962962962964
13 0.15182291666666667 0.8134259259259259 0.12135416666666667 0.15648148148148147
13 0.07083333333333333 0.7717592592592593 0.06979166666666667 0.16018518518518518
5 0.24296875 0.737037037037037 0.1421875 0.14629629629629629
5 0.09427083333333333 0.7037037037037037 0.11458333333333333 0.1111111111111111
5 0.13802083333333334 0.6620370370370371 0.10208333333333333 0.1
5 0.10104166666666667 0.5685185185185185 0.075 0.07777777777777778
5 0.23359375 0.42962962962962964 0.033854166666666664 0.040740740740740744
13 0.11666666666666667 0.46574074074074073 0.022916666666666665 0.05740740740740741
1 0.053125 0.4625 0.09791666666666667 0.11018518518518519
5 0.29921875 0.5425925925925926 0.0453125 0.07962962962962963
5 0.3611979166666667 0.5481481481481482 0.0453125 0.08148148148148149
10 0.17291666666666666 0.40925925925925927 0.016666666666666666 0.037037037037037035
13 0.8625 0.6777777777777778 0.04895833333333333 0.10740740740740741
13 0.8471354166666667 0.6092592592592593 0.0671875 0.10185185185185185
15 0.41432291666666665 0.5402777777777777 0.044270833333333336 0.09537037037037037
5 0.5041666666666667 0.5666666666666667 0.05520833333333333 0.09259259259259259
15 0.5442708333333334 0.5333333333333333 0.05416666666666667 0.08333333333333333
19 0.53203125 0.48333333333333334 0.03697916666666667 0.07222222222222222
5 0.47552083333333334 0.5226851851851851 0.040625 0.06944444444444445
5 0.46953125 0.4861111111111111 0.03802083333333333 0.04814814814814815
5 0.49296875 0.45601851851851855 0.027604166666666666 0.05092592592592592
15 0.42734375 0.5032407407407408 0.04114583333333333 0.062037037037037036
19 0.38125 0.462037037037037 0.03229166666666667 0.07592592592592592
17 0.5143229166666666 0.4305555555555556 0.018229166666666668 0.03518518518518519
9 0.41848958333333336 0.44675925925925924 0.0328125 0.06388888888888888
17 0.45703125 0.46296296296296297 0.021354166666666667 0.05
9 0.45208333333333334 0.42592592592592593 0.029166666666666667 0.06481481481481481
11 0.40989583333333335 0.40046296296296297 0.021875 0.06018518518518518
9 0.3776041666666667 0.4162037037037037 0.03125 0.03796296296296296
7 0.3731770833333333 0.38425925925925924 0.018229166666666668 0.03518518518518519
17 0.3927083333333333 0.39861111111111114 0.0125 0.026851851851851852
19 0.4354166666666667 0.3875 0.017708333333333333 0.03796296296296296
9 0.45078125 0.38055555555555554 0.0109375 0.020370370370370372
5 0.47708333333333336 0.41944444444444445 0.017708333333333333 0.03888888888888889
17 0.49505208333333334 0.4203703703703704 0.021354166666666667 0.03148148148148148
17 0.5260416666666666 0.4375 0.022916666666666665 0.021296296296296296
0 0.4786458333333333 0.38425925925925924 0.022916666666666665 0.03333333333333333
5 0.3111979166666667 0.5013888888888889 0.04010416666666667 0.062037037037037036
11 0.3143229166666667 0.44722222222222224 0.03697916666666667 0.07592592592592592
17 0.34765625 0.4736111111111111 0.0234375 0.05462962962962963
5 0.34036458333333336 0.425 0.0203125 0.03518518518518519
9 0.34322916666666664 0.3824074074074074 0.026041666666666668 0.03518518518518519
