13 0.3971354166666667 0.7240740740740741 0.0734375 0.2111111111111111
13 0.5 0.663425925925926 0.052083333333333336 0.08981481481481482
13 0.5729166666666666 0.6569444444444444 0.042708333333333334 0.11574074074074074
13 0.15364583333333334 0.7129629629629629 0.08541666666666667 0.09444444444444444
13 0.19635416666666666 0.6916666666666667 0.04479166666666667 0.08148148148148149
10 0.2838541666666667 0.6773148148148148 0.029166666666666667 0.07685185185185185
13 0.34140625 0.6564814814814814 0.0203125 0.06666666666666667
5 0.3104166666666667 0.649074074074074 0.023958333333333335 0.03888888888888889
4 0.35572916666666665 0.6240740740740741 0.034375 0.06481481481481481
4 0.32786458333333335 0.6175925925925926 0.0234375 0.040740740740740744
10 0.4440104166666667 0.6449074074074074 0.021354166666666667 0.08425925925925926
4 0.7934895833333333 0.6041666666666666 0.41302083333333334 0.31203703703703706
13 0.9643229166666667 0.7101851851851851 0.06614583333333333 0.2740740740740741
