4 0.13359375 0.5703703703703704 0.26614583333333336 0.6351851851851852
9 0.61640625 0.7245370370370371 0.11822916666666666 0.17314814814814813
10 0.2911458333333333 0.6916666666666667 0.016666666666666666 0.05740740740740741
4 0.35104166666666664 0.6717592592592593 0.06145833333333333 0.0787037037037037
4 0.41796875 0.675 0.059895833333333336 0.1
11 0.4984375 0.6986111111111111 0.03229166666666667 0.06944444444444445
11 0.5322916666666667 0.6819444444444445 0.03854166666666667 0.0787037037037037
15 0.47265625 0.6990740740740741 0.025520833333333333 0.05925925925925926
17 0.6791666666666667 0.6995370370370371 0.025 0.03611111111111111
5 0.7763020833333333 0.7157407407407408 0.11614583333333334 0.06666666666666667
4 0.9713541666666666 0.6592592592592592 0.05625 0.18333333333333332
