5 0.89140625 0.6828703703703703 0.10052083333333334 0.11203703703703703
5 0.9552083333333333 0.6555555555555556 0.0625 0.07777777777777778
4 0.9364583333333333 0.6083333333333333 0.11354166666666667 0.0962962962962963
13 0.6786458333333333 0.6587962962962963 0.06354166666666666 0.08055555555555556
13 0.6994791666666667 0.6537037037037037 0.041666666666666664 0.07962962962962963
13 0.8270833333333333 0.6347222222222222 0.035416666666666666 0.062037037037037036
5 0.5294270833333333 0.687037037037037 0.10052083333333334 0.07222222222222222
13 0.13489583333333333 0.7481481481481481 0.052083333333333336 0.1259259259259259
16 0.2203125 0.6907407407407408 0.051041666666666666 0.06481481481481481
4 0.16640625 0.6509259259259259 0.0546875 0.08888888888888889
4 0.0703125 0.6708333333333333 0.05416666666666667 0.09537037037037037
5 0.3028645833333333 0.6722222222222223 0.043229166666666666 0.040740740740740744
13 0.7583333333333333 0.6407407407407407 0.029166666666666667 0.05740740740740741
13 0.8583333333333333 0.6291666666666667 0.019791666666666666 0.04351851851851852
13 0.03697916666666667 0.6773148148148148 0.014583333333333334 0.05092592592592592
13 0.26536458333333335 0.6615740740740741 0.015104166666666667 0.03796296296296296
