13 0.4234375 0.7486111111111111 0.25625 0.48055555555555557
13 0.6265625 0.8458333333333333 0.334375 0.30833333333333335
11 0.671875 0.49583333333333335 0.146875 0.2638888888888889
4 0.60625 0.40694444444444444 0.1125 0.21388888888888888
13 0.83984375 0.5138888888888888 0.0734375 0.2111111111111111
13 0.77734375 0.46944444444444444 0.0453125 0.16111111111111112
13 0.9578125 0.4930555555555556 0.08125 0.15833333333333333
11 0.096875 0.5791666666666667 0.1875 0.4027777777777778
11 0.21640625 0.5041666666666667 0.1578125 0.26944444444444443
11 0.30234375 0.4486111111111111 0.0890625 0.15833333333333333
11 0.34765625 0.41805555555555557 0.0609375 0.10833333333333334
13 0.49140625 0.42777777777777776 0.0296875 0.08888888888888889
13 0.51875 0.44305555555555554 0.028125 0.08611111111111111
11 0.81015625 0.4166666666666667 0.0828125 0.07777777777777778
