11 0.80703125 0.7166666666666667 0.15677083333333333 0.18888888888888888
15 0.6791666666666667 0.7097222222222223 0.06666666666666667 0.08425925925925926
19 0.6130208333333333 0.700462962962963 0.065625 0.09722222222222222
10 0.5606770833333333 0.7092592592592593 0.025520833333333333 0.0962962962962963
5 0.5067708333333333 0.7069444444444445 0.046875 0.0712962962962963
4 0.5395833333333333 0.6722222222222223 0.03125 0.06666666666666667
5 0.4244791666666667 0.6925925925925925 0.04479166666666667 0.046296296296296294
17 0.35182291666666665 0.6819444444444445 0.04114583333333333 0.05648148148148148
10 0.37864583333333335 0.6893518518518519 0.035416666666666666 0.058333333333333334
17 0.45286458333333335 0.6851851851851852 0.016145833333333335 0.037037037037037035
17 0.4708333333333333 0.6828703703703703 0.0125 0.028703703703703703
5 0.48463541666666665 0.6888888888888889 0.016145833333333335 0.037037037037037035
17 0.28229166666666666 0.6768518518518518 0.05416666666666667 0.08333333333333333
10 0.95234375 0.8629629629629629 0.09010416666666667 0.2611111111111111
4 0.6661458333333333 0.6689814814814815 0.05625 0.05462962962962963
4 0.8091145833333333 0.6513888888888889 0.16510416666666666 0.11388888888888889
4 0.9169270833333333 0.675 0.050520833333333334 0.08888888888888889
4 0.97578125 0.6717592592592593 0.043229166666666666 0.09722222222222222
4 0.09348958333333333 0.4981481481481482 0.18385416666666668 0.987037037037037
