18 0.4828125 0.6759259259259259 0.10833333333333334 0.2962962962962963
5 0.65546875 0.7805555555555556 0.1203125 0.2537037037037037
5 0.68359375 0.5944444444444444 0.08072916666666667 0.13333333333333333
5 0.3489583333333333 0.737037037037037 0.09791666666666667 0.2111111111111111
5 0.17083333333333334 0.6486111111111111 0.121875 0.1287037037037037
5 0.24401041666666667 0.512962962962963 0.08385416666666666 0.09259259259259259
5 0.21744791666666666 0.4689814814814815 0.07135416666666666 0.075
5 0.29140625 0.43657407407407406 0.05364583333333333 0.06759259259259259
5 0.2596354166666667 0.38981481481481484 0.050520833333333334 0.05555555555555555
5 0.3033854166666667 0.38425925925925924 0.04114583333333333 0.05
5 0.38958333333333334 0.5726851851851852 0.07291666666666667 0.12129629629629629
5 0.30885416666666665 0.32407407407407407 0.026041666666666668 0.037037037037037035
5 0.35494791666666664 0.34953703703703703 0.0203125 0.04351851851851852
5 0.31354166666666666 0.35 0.017708333333333333 0.03333333333333333
5 0.34739583333333335 0.29583333333333334 0.023958333333333335 0.03425925925925926
15 0.41848958333333336 0.4236111111111111 0.0421875 0.08055555555555556
9 0.4354166666666667 0.4685185185185185 0.051041666666666666 0.11666666666666667
15 0.09973958333333334 0.5745370370370371 0.11927083333333334 0.12129629629629629
10 0.13411458333333334 0.4708333333333333 0.033854166666666664 0.07685185185185185
10 0.17838541666666666 0.43657407407407406 0.0265625 0.075
10 0.21588541666666666 0.4 0.024479166666666666 0.05
1 0.18880208333333334 0.3592592592592593 0.09114583333333333 0.10925925925925926
5 0.5776041666666667 0.34675925925925927 0.03333333333333333 0.05277777777777778
5 0.5432291666666667 0.44351851851851853 0.04479166666666667 0.08333333333333333
5 0.4822916666666667 0.39537037037037037 0.03958333333333333 0.06851851851851852
5 0.5796875 0.3013888888888889 0.025 0.03796296296296296
19 0.4453125 0.29953703703703705 0.023958333333333335 0.049074074074074076
19 0.4864583333333333 0.34814814814814815 0.034375 0.06481481481481481
5 0.6072916666666667 0.4976851851851852 0.0625 0.10648148148148148
5 0.6067708333333334 0.41388888888888886 0.046875 0.06666666666666667
17 0.5513020833333333 0.9162037037037037 0.09322916666666667 0.16018518518518518
13 0.8450520833333334 0.48703703703703705 0.07447916666666667 0.12037037037037036
17 0.5690104166666666 0.5814814814814815 0.0484375 0.13148148148148148
17 0.5057291666666667 0.5106481481481482 0.042708333333333334 0.09722222222222222
17 0.5466145833333333 0.49444444444444446 0.03802083333333333 0.09444444444444444
17 0.4395833333333333 0.38333333333333336 0.028125 0.053703703703703705
17 0.446875 0.325 0.020833333333333332 0.04259259259259259
17 0.5190104166666667 0.3472222222222222 0.021354166666666667 0.05185185185185185
17 0.5557291666666667 0.37916666666666665 0.027083333333333334 0.062037037037037036
17 0.54296875 0.3398148148148148 0.021354166666666667 0.053703703703703705
17 0.51171875 0.32546296296296295 0.018229166666666668 0.04537037037037037
17 0.5299479166666666 0.3138888888888889 0.016145833333333335 0.03888888888888889
4 0.5403645833333334 0.26342592592592595 0.0328125 0.0787037037037037
5 0.515625 0.24861111111111112 0.0125 0.023148148148148147
9 0.4791666666666667 0.2949074074074074 0.021875 0.04537037037037037
9 0.47239583333333335 0.2824074074074074 0.01875 0.044444444444444446
9 0.50625 0.28055555555555556 0.019791666666666666 0.03518518518518519
9 0.49765625 0.2708333333333333 0.015104166666666667 0.03425925925925926
5 0.48515625 0.26157407407407407 0.013020833333333334 0.023148148148148147
5 0.46015625 0.2712962962962963 0.013020833333333334 0.025925925925925925
11 0.4705729166666667 0.24675925925925926 0.0140625 0.032407407407407406
4 0.5080729166666667 0.2013888888888889 0.0140625 0.023148148148148147
5 0.5802083333333333 0.27824074074074073 0.021875 0.030555555555555555
15 0.6231770833333333 0.3597222222222222 0.04010416666666667 0.06574074074074074
5 0.6049479166666667 0.32407407407407407 0.028645833333333332 0.03888888888888889
5 0.5690104166666666 0.26064814814814813 0.0203125 0.023148148148148147
4 0.5549479166666667 0.21805555555555556 0.019270833333333334 0.028703703703703703
4 0.5338541666666666 0.20694444444444443 0.017708333333333333 0.041666666666666664
9 0.4942708333333333 0.2222222222222222 0.011458333333333333 0.016666666666666666
4 0.48671875 0.19722222222222222 0.011979166666666667 0.018518518518518517
9 0.5106770833333333 0.2222222222222222 0.013020833333333334 0.012962962962962963
17 0.08046875 0.5 0.0671875 0.06666666666666667
10 0.02734375 0.5277777777777778 0.04114583333333333 0.08333333333333333
15 0.11744791666666667 0.4152777777777778 0.050520833333333334 0.062037037037037036
9 0.37265625 0.26990740740740743 0.0203125 0.028703703703703703
17 0.3653645833333333 0.30462962962962964 0.0203125 0.037037037037037035
4 0.42526041666666664 0.23055555555555557 0.022395833333333334 0.037037037037037035
9 0.48125 0.2212962962962963 0.010416666666666666 0.014814814814814815
9 0.5598958333333334 0.23981481481481481 0.011458333333333333 0.018518518518518517
5 0.48984375 0.4425925925925926 0.04010416666666667 0.08148148148148149
10 0.21588541666666666 0.8041666666666667 0.06197916666666667 0.1527777777777778
10 0.16588541666666667 0.8861111111111111 0.12760416666666666 0.17407407407407408
10 0.8328125 0.8375 0.06458333333333334 0.21574074074074073
10 0.7947916666666667 0.6768518518518518 0.04791666666666667 0.16296296296296298
