17 0.8138020833333334 0.6111111111111112 0.0921875 0.0962962962962963
17 0.953125 0.7069444444444445 0.084375 0.16574074074074074
17 0.9328125 0.6504629629629629 0.08854166666666667 0.1398148148148148
17 0.8520833333333333 0.5541666666666667 0.07708333333333334 0.1287037037037037
17 0.8604166666666667 0.4671296296296296 0.05625 0.0712962962962963
17 0.9302083333333333 0.47638888888888886 0.06354166666666666 0.06759259259259259
17 0.9760416666666667 0.4935185185185185 0.04479166666666667 0.03333333333333333
17 0.8072916666666666 0.4310185185185185 0.052083333333333336 0.06388888888888888
17 0.7028645833333333 0.399537037037037 0.04010416666666667 0.03981481481481482
10 0.6510416666666666 0.7351851851851852 0.052083333333333336 0.1925925925925926
11 0.3776041666666667 0.29444444444444445 0.042708333333333334 0.0962962962962963
5 0.30859375 0.3013888888888889 0.0296875 0.03981481481481482
5 0.05078125 0.5101851851851852 0.07760416666666667 0.09444444444444444
5 0.7510416666666667 0.8611111111111112 0.15 0.2518518518518518
9 0.8658854166666666 0.9092592592592592 0.21822916666666667 0.1814814814814815
5 0.8408854166666667 0.7333333333333333 0.1484375 0.16296296296296298
5 0.921875 0.8740740740740741 0.15104166666666666 0.19814814814814816
5 0.96171875 0.5611111111111111 0.07135416666666666 0.09074074074074075
5 0.796875 0.5638888888888889 0.11145833333333334 0.09259259259259259
9 0.7135416666666666 0.5800925925925926 0.10416666666666667 0.15092592592592594
5 0.5979166666666667 0.5717592592592593 0.090625 0.13055555555555556
4 0.62890625 0.2935185185185185 0.09427083333333333 0.09444444444444444
5 0.7703125 0.4060185185185185 0.06145833333333333 0.04537037037037037
15 0.684375 0.4462962962962963 0.075 0.07407407407407407
5 0.6125 0.46944444444444444 0.06666666666666667 0.07592592592592592
17 0.5854166666666667 0.42407407407407405 0.03958333333333333 0.07407407407407407
19 0.5145833333333333 0.41203703703703703 0.0625 0.11666666666666667
11 0.5770833333333333 0.3111111111111111 0.046875 0.06666666666666667
11 0.47890625 0.2412037037037037 0.030729166666666665 0.04537037037037037
18 0.42239583333333336 0.23564814814814813 0.026041666666666668 0.04722222222222222
18 0.37057291666666664 0.20185185185185187 0.0171875 0.03888888888888889
5 0.3567708333333333 0.24444444444444444 0.020833333333333332 0.02962962962962963
4 0.51015625 0.22685185185185186 0.044270833333333336 0.05740740740740741
19 0.49557291666666664 0.30277777777777776 0.03802083333333333 0.06296296296296296
9 0.653125 0.37083333333333335 0.05 0.058333333333333334
5 0.6768229166666667 0.34953703703703703 0.03802083333333333 0.030555555555555555
5 0.71171875 0.3726851851851852 0.04739583333333333 0.04351851851851852
15 0.6421875 0.41435185185185186 0.057291666666666664 0.08796296296296297
9 0.5921875 0.36574074074074076 0.04375 0.05
5 0.528125 0.4703703703703704 0.05625 0.09259259259259259
5 0.56171875 0.5138888888888888 0.07135416666666666 0.11666666666666667
5 0.63984375 0.6712962962962963 0.11197916666666667 0.18333333333333332
10 0.6979166666666666 0.7217592592592592 0.04791666666666667 0.18611111111111112
10 0.7552083333333334 0.6939814814814815 0.059375 0.10092592592592593
5 0.90859375 0.5106481481481482 0.07760416666666667 0.05648148148148148
9 0.475 0.35 0.03854166666666667 0.08148148148148149
5 0.5609375 0.4134259259259259 0.04375 0.06759259259259259
5 0.65546875 0.5217592592592593 0.0796875 0.09537037037037037
10 0.28932291666666665 0.2212962962962963 0.008854166666666666 0.022222222222222223
17 0.2986979166666667 0.20555555555555555 0.009895833333333333 0.024074074074074074
17 0.31197916666666664 0.20324074074074075 0.0125 0.025
4 0.5700520833333333 0.25833333333333336 0.0296875 0.040740740740740744
15 0.4401041666666667 0.30185185185185187 0.021875 0.05555555555555555
11 0.4244791666666667 0.24074074074074073 0.023958333333333335 0.06296296296296296
5 0.32135416666666666 0.7050925925925926 0.10208333333333333 0.16944444444444445
