9 0.3927083333333333 0.8305555555555556 0.209375 0.21296296296296297
10 0.34348958333333335 0.9467592592592593 0.1546875 0.10648148148148148
5 0.7151041666666667 0.8722222222222222 0.203125 0.22407407407407406
9 0.8216145833333334 0.8837962962962963 0.23802083333333332 0.2324074074074074
15 0.9317708333333333 0.7097222222222223 0.13333333333333333 0.1824074074074074
11 0.47161458333333334 0.6773148148148148 0.12864583333333332 0.14907407407407408
13 0.6044270833333333 0.5680555555555555 0.06510416666666667 0.10833333333333334
15 0.5716145833333334 0.45185185185185184 0.0796875 0.07592592592592592
9 0.7013020833333333 0.4546296296296296 0.06927083333333334 0.05925925925925926
14 0.7223958333333333 0.5254629629629629 0.03958333333333333 0.05648148148148148
3 0.7901041666666667 0.600925925925926 0.057291666666666664 0.09444444444444444
3 0.8864583333333333 0.600925925925926 0.05520833333333333 0.09814814814814815
5 0.13307291666666668 0.5990740740740741 0.07239583333333334 0.10555555555555556
5 0.17135416666666667 0.5472222222222223 0.065625 0.08518518518518518
19 0.15520833333333334 0.4962962962962963 0.04895833333333333 0.08518518518518518
15 0.023697916666666666 0.5861111111111111 0.04635416666666667 0.11296296296296296
5 0.0890625 0.5555555555555556 0.05625 0.08703703703703704
5 0.07916666666666666 0.5087962962962963 0.05 0.06018518518518518
5 0.09895833333333333 0.4634259259259259 0.036458333333333336 0.049074074074074076
9 0.04583333333333333 0.43472222222222223 0.04479166666666667 0.06388888888888888
17 0.18619791666666666 0.49166666666666664 0.03802083333333333 0.07037037037037037
5 0.09010416666666667 0.5523148148148148 0.057291666666666664 0.08055555555555556
5 0.027604166666666666 0.537962962962963 0.052083333333333336 0.07222222222222222
19 0.021875 0.4060185185185185 0.035416666666666666 0.05092592592592592
0 0.07473958333333333 0.3990740740740741 0.0359375 0.053703703703703705
17 0.12552083333333333 0.44212962962962965 0.03125 0.03796296296296296
