5 0.8506944444444444 0.4567212301587302 0.2986111111111111 0.294890873015873
5 0.3776455026455027 0.3115079365079365 0.14484126984126985 0.0679563492063492
5 0.41782407407407407 0.2982390873015873 0.06977513227513228 0.046378968253968256
5 0.08564814814814815 0.29737103174603174 0.07208994708994709 0.041666666666666664
5 0.1853505291005291 0.2898065476190476 0.044642857142857144 0.03050595238095238
10 0.2361111111111111 0.29662698412698413 0.031746031746031744 0.04811507936507937
5 0.2787698412698413 0.2880704365079365 0.03306878306878307 0.026537698412698412
17 0.11607142857142858 0.28943452380952384 0.04563492063492063 0.04117063492063492
3 0.032242063492063495 0.2926587301587302 0.02414021164021164 0.04513888888888889
10 0.15426587301587302 0.283234126984127 0.018849206349206348 0.029265873015873016
4 0.08961640211640212 0.2646329365079365 0.022486772486772486 0.007936507936507936
11 0.17956349206349206 0.26550099206349204 0.04365079365079365 0.0220734126984127
10 0.2134589947089947 0.29203869047619047 0.027447089947089946 0.045882936507936505
4 0.11607142857142858 0.2638888888888889 0.026455026455026454 0.011408730158730158
5 0.2552910052910053 0.29216269841269843 0.04894179894179894 0.03819444444444445
4 0.30522486772486773 0.26711309523809523 0.03505291005291005 0.013888888888888888
