5 0.5166666666666667 0.7671296296296296 0.9666666666666667 0.4527777777777778
5 0.8723958333333334 0.5861111111111111 0.2520833333333333 0.35555555555555557
17 0.75625 0.4310185185185185 0.052083333333333336 0.10277777777777777
4 0.19296875 0.48935185185185187 0.2203125 0.22685185185185186
5 0.04765625 0.5504629629629629 0.0921875 0.09166666666666666
13 0.41770833333333335 0.5027777777777778 0.09166666666666666 0.13148148148148148
13 0.32760416666666664 0.49907407407407406 0.059375 0.09259259259259259
13 0.44817708333333334 0.4787037037037037 0.09322916666666667 0.09074074074074075
10 0.575 0.45925925925925926 0.03854166666666667 0.08888888888888889
13 0.60390625 0.44212962962962965 0.0265625 0.0787037037037037
5 0.8934895833333333 0.387037037037037 0.034895833333333334 0.05
13 0.9567708333333333 0.4027777777777778 0.071875 0.10555555555555556
