13 0.42265625 0.6541666666666667 0.4328125 0.6861111111111111
11 0.8546875 0.38055555555555554 0.284375 0.5111111111111111
5 0.634375 0.37222222222222223 0.15 0.20555555555555555
13 0.10546875 0.4791666666666667 0.1609375 0.3416666666666667
10 0.2546875 0.37083333333333335 0.059375 0.23055555555555557
4 0.1546875 0.21666666666666667 0.178125 0.29444444444444445
4 0.05234375 0.19722222222222222 0.0421875 0.1111111111111111
3 0.053125 0.25555555555555554 0.025 0.1
5 0.46015625 0.3277777777777778 0.1703125 0.17222222222222222
4 0.6140625 0.22361111111111112 0.128125 0.13055555555555556
5 0.5453125 0.31666666666666665 0.128125 0.17222222222222222
13 0.40390625 0.23055555555555557 0.0453125 0.05
4 0.39296875 0.19583333333333333 0.0734375 0.06388888888888888
