17 0.08515625 0.6814814814814815 0.1640625 0.6259259259259259
4 0.09947916666666666 0.4064814814814815 0.19479166666666667 0.2611111111111111
17 0.35598958333333336 0.4476851851851852 0.13177083333333334 0.18425925925925926
5 0.2716145833333333 0.45092592592592595 0.0734375 0.11851851851851852
17 0.5890625 0.37962962962962965 0.029166666666666667 0.11296296296296296
10 0.6963541666666667 0.36018518518518516 0.0375 0.1111111111111111
9 0.6520833333333333 0.3421296296296296 0.065625 0.075
10 0.7544270833333333 0.33055555555555555 0.0203125 0.07407407407407407
13 0.8325520833333333 0.35 0.06197916666666667 0.16296296296296298
13 0.8901041666666667 0.3388888888888889 0.046875 0.18518518518518517
13 0.9486979166666667 0.33194444444444443 0.10052083333333334 0.18981481481481483
10 0.25703125 0.4185185185185185 0.027604166666666666 0.05185185185185185
4 0.61015625 0.3296296296296296 0.059895833333333336 0.05740740740740741
9 0.88359375 0.7194444444444444 0.22239583333333332 0.5481481481481482
