5 0.2109375 0.7037037037037037 0.09166666666666666 0.1537037037037037
5 0.33697916666666666 0.7157407407407408 0.09166666666666666 0.17222222222222222
15 0.44609375 0.7185185185185186 0.09010416666666667 0.18518518518518517
5 0.6294270833333333 0.7754629629629629 0.11302083333333333 0.17314814814814813
15 0.7151041666666667 0.7134259259259259 0.109375 0.1675925925925926
19 0.6919270833333333 0.6037037037037037 0.0734375 0.14629629629629629
5 0.6333333333333333 0.5796296296296296 0.04583333333333333 0.0962962962962963
19 0.37916666666666665 0.5462962962962963 0.06041666666666667 0.14444444444444443
9 0.47161458333333334 0.65 0.07760416666666667 0.15555555555555556
5 0.23567708333333334 0.6263888888888889 0.08177083333333333 0.13055555555555556
11 0.24609375 0.5087962962962963 0.06927083333333334 0.1398148148148148
11 0.3 0.4703703703703704 0.042708333333333334 0.07962962962962963
17 0.3098958333333333 0.5689814814814815 0.04375 0.10648148148148148
11 0.4395833333333333 0.425462962962963 0.05 0.13240740740740742
9 0.45208333333333334 0.5199074074074074 0.05520833333333333 0.1175925925925926
9 0.47161458333333334 0.5564814814814815 0.0734375 0.11481481481481481
17 0.5338541666666666 0.5541666666666667 0.04479166666666667 0.09907407407407408
5 0.5700520833333333 0.6800925925925926 0.08697916666666666 0.14722222222222223
17 0.6825520833333333 0.5125 0.0484375 0.04537037037037037
17 0.6565104166666667 0.48657407407407405 0.04114583333333333 0.058333333333333334
17 0.6151041666666667 0.47824074074074074 0.04583333333333333 0.06759259259259259
19 0.5278645833333333 0.48194444444444445 0.06302083333333333 0.11574074074074074
11 0.5401041666666667 0.5120370370370371 0.05 0.07222222222222222
5 0.5627604166666667 0.6018518518518519 0.08177083333333333 0.09259259259259259
5 0.6078125 0.537962962962963 0.06666666666666667 0.08888888888888889
15 0.5786458333333333 0.4736111111111111 0.03854166666666667 0.08425925925925926
19 0.49192708333333335 0.40324074074074073 0.043229166666666666 0.0824074074074074
17 0.4041666666666667 0.42407407407407405 0.025 0.06666666666666667
9 0.3734375 0.4671296296296296 0.057291666666666664 0.10648148148148148
7 0.36432291666666666 0.38981481481481484 0.0390625 0.06851851851851852
19 0.38307291666666665 0.3731481481481482 0.0359375 0.07037037037037037
9 0.3072916666666667 0.3837962962962963 0.042708333333333334 0.0712962962962963
5 0.2989583333333333 0.4305555555555556 0.04479166666666667 0.03333333333333333
5 0.296875 0.4310185185185185 0.040625 0.03425925925925926
5 0.32395833333333335 0.3712962962962963 0.03333333333333333 0.05555555555555555
9 0.3296875 0.3541666666666667 0.03333333333333333 0.04722222222222222
19 0.34765625 0.31666666666666665 0.03177083333333333 0.04259259259259259
5 0.08880208333333334 0.47175925925925927 0.06927083333333334 0.08055555555555556
19 0.41953125 0.3175925925925926 0.0296875 0.046296296296296294
4 0.48203125 0.30324074074074076 0.04739583333333333 0.08796296296296297
4 0.4739583333333333 0.25787037037037036 0.0375 0.10092592592592593
4 0.5177083333333333 0.2847222222222222 0.03854166666666667 0.08055555555555556
0 0.58125 0.39814814814814814 0.05 0.06851851851851852
5 0.578125 0.4726851851851852 0.04791666666666667 0.07685185185185185
15 0.6028645833333334 0.42777777777777776 0.0421875 0.03333333333333333
9 0.5458333333333333 0.36527777777777776 0.034375 0.03611111111111111
5 0.50390625 0.3592592592592593 0.03697916666666667 0.024074074074074074
19 0.52265625 0.32222222222222224 0.025520833333333333 0.046296296296296294
15 0.5268229166666667 0.3421296296296296 0.027604166666666666 0.032407407407407406
5 0.23515625 0.3347222222222222 0.027604166666666666 0.028703703703703703
4 0.42161458333333335 0.23472222222222222 0.0265625 0.04351851851851852
19 0.43020833333333336 0.30277777777777776 0.028125 0.03518518518518519
11 0.35703125 0.28564814814814815 0.024479166666666666 0.03611111111111111
11 0.39427083333333335 0.2722222222222222 0.025 0.03518518518518519
19 0.38515625 0.31342592592592594 0.025520833333333333 0.04537037037037037
9 0.42291666666666666 0.27546296296296297 0.023958333333333335 0.030555555555555555
4 0.37786458333333334 0.2273148148148148 0.024479166666666666 0.04351851851851852
5 0.013541666666666667 0.6217592592592592 0.025 0.10092592592592593
10 0.14739583333333334 0.3486111111111111 0.013541666666666667 0.058333333333333334
