4 0.109375 0.5523148148148148 0.215625 0.6972222222222222
5 0.38359375 0.7273148148148149 0.13072916666666667 0.13240740740740742
11 0.5153645833333333 0.7092592592592593 0.0640625 0.15
5 0.64140625 0.7328703703703704 0.10572916666666667 0.11388888888888889
5 0.7630208333333334 0.6976851851851852 0.10208333333333333 0.04722222222222222
9 0.4630208333333333 0.6884259259259259 0.03333333333333333 0.062037037037037036
11 0.56015625 0.674537037037037 0.06510416666666667 0.12685185185185185
4 0.4046875 0.6504629629629629 0.06354166666666666 0.08055555555555556
4 0.44921875 0.6689814814814815 0.025520833333333333 0.05462962962962963
4 0.9309895833333334 0.6476851851851851 0.13385416666666666 0.1712962962962963
4 0.8447916666666667 0.6824074074074075 0.04895833333333333 0.08148148148148149
17 0.7127604166666667 0.6930555555555555 0.030729166666666665 0.03981481481481482
