17 0.06875 0.7458333333333333 0.07291666666666667 0.14166666666666666
17 0.23723958333333334 0.7282407407407407 0.0609375 0.125
17 0.24947916666666667 0.649537037037037 0.042708333333333334 0.08425925925925926
17 0.2877604166666667 0.5722222222222222 0.030729166666666665 0.07222222222222222
17 0.1125 0.6412037037037037 0.0625 0.09351851851851851
17 0.17057291666666666 0.6791666666666667 0.058854166666666666 0.10648148148148148
5 0.40338541666666666 0.5995370370370371 0.04635416666666667 0.0787037037037037
5 0.46067708333333335 0.6046296296296296 0.04635416666666667 0.08518518518518518
15 0.5114583333333333 0.5981481481481481 0.04479166666666667 0.09074074074074075
19 0.47552083333333334 0.5217592592592593 0.035416666666666666 0.0712962962962963
5 0.45625 0.5615740740740741 0.036458333333333336 0.06388888888888888
5 0.41041666666666665 0.562962962962963 0.03958333333333333 0.06851851851851852
11 0.4125 0.5083333333333333 0.036458333333333336 0.07037037037037037
7 0.46536458333333336 0.44814814814814813 0.0171875 0.03888888888888889
11 0.5010416666666667 0.462037037037037 0.023958333333333335 0.05925925925925926
19 0.5252604166666667 0.44814814814814813 0.022395833333333334 0.037037037037037035
19 0.62421875 0.5458333333333333 0.03802083333333333 0.0824074074074074
15 0.6385416666666667 0.5939814814814814 0.058333333333333334 0.0824074074074074
5 0.6010416666666667 0.625462962962963 0.05625 0.08055555555555556
5 0.5684895833333333 0.5819444444444445 0.0453125 0.07314814814814814
9 0.5203125 0.5236111111111111 0.03958333333333333 0.05462962962962963
5 0.5208333333333334 0.5662037037037037 0.03958333333333333 0.0712962962962963
5 0.5630208333333333 0.5435185185185185 0.035416666666666666 0.046296296296296294
18 0.3953125 0.9185185185185185 0.3541666666666667 0.16296296296296298
13 0.6291666666666667 0.9324074074074075 0.10416666666666667 0.10740740740740741
17 0.2830729166666667 0.5356481481481481 0.030729166666666665 0.05648148148148148
4 0.19270833333333334 0.5657407407407408 0.10833333333333334 0.12777777777777777
15 0.21302083333333333 0.6166666666666667 0.090625 0.09074074074074075
17 0.6541666666666667 0.5393518518518519 0.029166666666666667 0.06574074074074074
17 0.6161458333333333 0.49675925925925923 0.023958333333333335 0.025
17 0.6026041666666667 0.48564814814814816 0.020833333333333332 0.030555555555555555
17 0.584375 0.47453703703703703 0.027083333333333334 0.023148148148148147
5 0.58125 0.5069444444444444 0.030208333333333334 0.041666666666666664
0 0.5627604166666667 0.44537037037037036 0.024479166666666666 0.040740740740740744
5 0.43776041666666665 0.48842592592592593 0.021354166666666667 0.03981481481481482
1 0.17552083333333332 0.5166666666666667 0.08958333333333333 0.0962962962962963
5 0.4359375 0.48842592592592593 0.022916666666666665 0.03981481481481482
9 0.4375 0.4476851851851852 0.021875 0.03425925925925926
9 0.43463541666666666 0.4652777777777778 0.0234375 0.017592592592592594
19 0.4734375 0.4388888888888889 0.019791666666666666 0.037037037037037035
17 0.48489583333333336 0.4648148148148148 0.015625 0.037037037037037035
19 0.5434895833333333 0.4842592592592593 0.0265625 0.05925925925925926
4 0.5174479166666667 0.40046296296296297 0.0234375 0.04351851851851852
19 0.48802083333333335 0.40879629629629627 0.015625 0.026851851851851852
19 0.47265625 0.4060185185185185 0.0109375 0.019444444444444445
19 0.4549479166666667 0.40925925925925927 0.015104166666666667 0.016666666666666666
5 0.44635416666666666 0.42685185185185187 0.015625 0.016666666666666666
4 0.5333333333333333 0.3851851851851852 0.017708333333333333 0.02962962962962963
4 0.5122395833333333 0.38287037037037036 0.019270833333333334 0.05277777777777778
4 0.30911458333333336 0.47129629629629627 0.0546875 0.06296296296296296
17 0.30182291666666666 0.5087962962962963 0.0234375 0.04537037037037037
5 0.33229166666666665 0.5402777777777777 0.040625 0.06018518518518518
5 0.353125 0.4810185185185185 0.034375 0.04351851851851852
9 0.4015625 0.4074074074074074 0.017708333333333333 0.022222222222222223
9 0.375 0.43148148148148147 0.019791666666666666 0.025925925925925925
11 0.4583333333333333 0.39490740740740743 0.0125 0.01574074074074074
9 0.4747395833333333 0.38981481481481484 0.009895833333333333 0.018518518518518517
19 0.4890625 0.38935185185185184 0.010416666666666666 0.019444444444444445
5 0.42239583333333336 0.4013888888888889 0.014583333333333334 0.021296296296296296
17 0.0890625 0.586574074074074 0.052083333333333336 0.0824074074074074
