3 0.43385416666666665 0.3675925925925926 0.065625 0.3425925925925926
5 0.7294270833333333 0.31296296296296294 0.1765625 0.20925925925925926
5 0.8333333333333334 0.24212962962962964 0.13125 0.09907407407407408
4 0.8138020833333334 0.2 0.17864583333333334 0.12222222222222222
13 0.6213541666666667 0.26296296296296295 0.04479166666666667 0.13148148148148148
13 0.5333333333333333 0.2722222222222222 0.046875 0.1037037037037037
13 0.58046875 0.25462962962962965 0.022395833333333334 0.06111111111111111
10 0.3216145833333333 0.3101851851851852 0.07447916666666667 0.13333333333333333
4 0.30963541666666666 0.25972222222222224 0.10260416666666666 0.14722222222222223
10 0.06927083333333334 0.350462962962963 0.1125 0.16203703703703703
13 0.20338541666666668 0.3162037037037037 0.027604166666666666 0.075
17 0.034895833333333334 0.34444444444444444 0.053125 0.1111111111111111
10 0.1328125 0.3365740740740741 0.035416666666666666 0.08055555555555556
4 0.45989583333333334 0.2439814814814815 0.04583333333333333 0.058333333333333334
16 0.49114583333333334 0.25601851851851853 0.014583333333333334 0.023148148148148147
