15 0.88984375 0.9157407407407407 0.18697916666666667 0.1685185185185185
5 0.6447916666666667 0.8967592592592593 0.15625 0.2064814814814815
5 0.7098958333333333 0.6842592592592592 0.103125 0.1925925925925926
17 0.8408854166666667 0.6277777777777778 0.09322916666666667 0.08703703703703704
17 0.7934895833333333 0.5995370370370371 0.0796875 0.14722222222222223
17 0.7223958333333333 0.5597222222222222 0.08020833333333334 0.125
17 0.5815104166666667 0.6981481481481482 0.07864583333333333 0.17592592592592593
17 0.3578125 0.4791666666666667 0.05625 0.14166666666666666
17 0.19505208333333332 0.7185185185185186 0.08177083333333333 0.1962962962962963
17 0.37578125 0.35555555555555557 0.04114583333333333 0.08703703703703704
17 0.15182291666666667 0.19583333333333333 0.0265625 0.06574074074074074
5 0.04895833333333333 0.9101851851851852 0.09375 0.17962962962962964
5 0.240625 0.9203703703703704 0.16041666666666668 0.15925925925925927
15 0.4265625 0.9074074074074074 0.159375 0.1814814814814815
9 0.4666666666666667 0.850462962962963 0.15729166666666666 0.25277777777777777
9 0.47161458333333334 0.7032407407407407 0.13697916666666668 0.20462962962962963
9 0.440625 0.6314814814814815 0.115625 0.2074074074074074
19 0.3111979166666667 0.6861111111111111 0.13489583333333333 0.26851851851851855
9 0.30416666666666664 0.5527777777777778 0.11041666666666666 0.20925925925925926
7 0.28932291666666665 0.4101851851851852 0.0765625 0.13148148148148148
0 0.6653645833333334 0.43287037037037035 0.08489583333333334 0.14722222222222223
19 0.5666666666666667 0.55 0.09791666666666667 0.1814814814814815
19 0.5114583333333333 0.4300925925925926 0.08333333333333333 0.14166666666666666
4 0.49453125 0.2625 0.07447916666666667 0.14722222222222223
4 0.5596354166666667 0.21851851851851853 0.0734375 0.14629629629629629
4 0.4817708333333333 0.1587962962962963 0.065625 0.14351851851851852
19 0.3841145833333333 0.2726851851851852 0.04635416666666667 0.07314814814814814
19 0.32109375 0.38101851851851853 0.06197916666666667 0.13796296296296295
19 0.3263020833333333 0.2726851851851852 0.0421875 0.08055555555555556
19 0.30390625 0.3101851851851852 0.05572916666666667 0.07962962962962963
18 0.4075520833333333 0.37175925925925923 0.07239583333333334 0.10462962962962963
11 0.4205729166666667 0.4532407407407407 0.0890625 0.18055555555555555
11 0.27421875 0.22777777777777777 0.043229166666666666 0.07777777777777778
15 0.22864583333333333 0.3365740740740741 0.05416666666666667 0.07685185185185185
19 0.19401041666666666 0.40046296296296297 0.06510416666666667 0.13425925925925927
5 0.21953125 0.37037037037037035 0.0578125 0.0962962962962963
5 0.17916666666666667 0.5523148148148148 0.07083333333333333 0.13055555555555556
5 0.17552083333333332 0.49166666666666664 0.08541666666666667 0.0962962962962963
5 0.17604166666666668 0.44675925925925924 0.084375 0.07314814814814814
11 0.07630208333333334 0.6162037037037037 0.1203125 0.2564814814814815
5 0.06666666666666667 0.8171296296296297 0.13229166666666667 0.22870370370370371
19 0.8596354166666667 0.7870370370370371 0.14114583333333333 0.2518518518518518
5 0.7596354166666667 0.7435185185185185 0.08385416666666666 0.17962962962962964
15 0.66015625 0.5550925925925926 0.0703125 0.14166666666666666
19 0.34010416666666665 0.19398148148148148 0.03229166666666667 0.03425925925925926
9 0.40390625 0.20694444444444443 0.03802083333333333 0.030555555555555555
4 0.38984375 0.13472222222222222 0.04739583333333333 0.0712962962962963
4 0.3145833333333333 0.11666666666666667 0.042708333333333334 0.07777777777777778
19 0.303125 0.18981481481481483 0.0375 0.05185185185185185
5 0.35546875 0.1597222222222222 0.0265625 0.028703703703703703
4 0.44114583333333335 0.1638888888888889 0.019791666666666666 0.06296296296296296
10 0.06536458333333334 0.24027777777777778 0.0203125 0.06388888888888888
10 0.058854166666666666 0.31851851851851853 0.051041666666666666 0.07777777777777778
5 0.17890625 0.2064814814814815 0.04114583333333333 0.044444444444444446
9 0.21692708333333333 0.09722222222222222 0.019270833333333334 0.040740740740740744
17 0.1859375 0.10138888888888889 0.016666666666666666 0.030555555555555555
4 0.396875 0.053703703703703705 0.03229166666666667 0.046296296296296294
4 0.35885416666666664 0.07824074074074074 0.03333333333333333 0.04537037037037037
4 0.3692708333333333 0.08564814814814815 0.036458333333333336 0.030555555555555555
4 0.40338541666666666 0.08472222222222223 0.03177083333333333 0.025
4 0.3059895833333333 0.058333333333333334 0.0265625 0.03333333333333333
