5 0.593584656084656 0.4572172619047619 0.15542328042328044 0.08258928571428571
10 0.7546296296296297 0.44928075396825395 0.056878306878306875 0.07366071428571429
5 0.42410714285714285 0.4428323412698413 0.11342592592592593 0.06225198412698413
5 0.12913359788359788 0.4254712301587302 0.08366402116402116 0.051835317460317464
11 0.2511574074074074 0.40773809523809523 0.09226190476190477 0.08779761904761904
4 0.17080026455026456 0.38070436507936506 0.0625 0.03819444444444445
3 0.062003968253968256 0.4243551587301587 0.030753968253968252 0.06349206349206349
5 0.3654100529100529 0.4339037698412698 0.07936507936507936 0.051835317460317464
5 0.31977513227513227 0.41902281746031744 0.04828042328042328 0.037450396825396824
5 0.4808201058201058 0.4350198412698413 0.061507936507936505 0.050595238095238096
4 0.9343584656084656 0.4089781746031746 0.13128306878306878 0.04513888888888889
4 0.8429232804232805 0.4071180555555556 0.06415343915343916 0.035962301587301584
5 0.18766534391534392 0.4165426587301587 0.04728835978835979 0.03794642857142857
9 0.39467592592592593 0.40302579365079366 0.04861111111111111 0.018353174603174604
9 0.3402777777777778 0.4027777777777778 0.0582010582010582 0.017361111111111112
