4 0.34846938775510206 0.727366255144033 0.6908163265306122 0.4403292181069959
17 0.7244897959183674 0.6502057613168725 0.15306122448979592 0.1646090534979424
13 0.9081632653061225 0.6152263374485597 0.1836734693877551 0.14609053497942387
17 0.6821428571428572 0.42386831275720166 0.07040816326530612 0.09053497942386832
5 0.7234693877551021 0.3636831275720165 0.09387755102040816 0.06275720164609054
1 0.561734693877551 0.32767489711934156 0.16428571428571428 0.12037037037037036
5 0.42551020408163265 0.3837448559670782 0.1 0.06584362139917696
17 0.30153061224489797 0.3775720164609053 0.10918367346938776 0.0720164609053498
5 0.4336734693877551 0.3420781893004115 0.10408163265306122 0.03189300411522634
5 0.9698979591836735 0.4166666666666667 0.05612244897959184 0.08024691358024691
11 0.9831632653061224 0.3153292181069959 0.03163265306122449 0.07510288065843622
5 0.8229591836734694 0.2674897119341564 0.06020408163265306 0.037037037037037035
