17 0.371875 0.8958333333333334 0.15625 0.20092592592592592
17 0.50234375 0.5981481481481481 0.10052083333333334 0.1259259259259259
17 0.20364583333333333 0.33425925925925926 0.01875 0.046296296296296294
17 0.44166666666666665 0.37037037037037035 0.025 0.053703703703703705
17 0.51171875 0.3449074074074074 0.0234375 0.021296296296296296
17 0.4979166666666667 0.33796296296296297 0.01875 0.037037037037037035
17 0.37473958333333335 0.30648148148148147 0.013020833333333334 0.03518518518518519
17 0.4786458333333333 0.325 0.021875 0.025925925925925925
17 0.33098958333333334 0.3768518518518518 0.022395833333333334 0.053703703703703705
5 0.13854166666666667 0.6958333333333333 0.20520833333333333 0.16203703703703703
11 0.6544270833333333 0.6226851851851852 0.18177083333333333 0.14537037037037037
15 0.6697916666666667 0.8796296296296297 0.265625 0.19074074074074074
5 0.41770833333333335 0.7541666666666667 0.20208333333333334 0.15833333333333333
13 0.46822916666666664 0.861574074074074 0.10729166666666666 0.23796296296296296
13 0.6028645833333334 0.5217592592592593 0.06822916666666666 0.11018518518518519
13 0.2078125 0.6097222222222223 0.04791666666666667 0.12314814814814815
13 0.029947916666666668 0.6078703703703704 0.0546875 0.10833333333333334
13 0.9494791666666667 0.6393518518518518 0.07916666666666666 0.11574074074074074
13 0.9572916666666667 0.5449074074074074 0.06041666666666667 0.05648148148148148
11 0.29609375 0.35 0.0359375 0.07037037037037037
12 0.040625 0.3648148148148148 0.08020833333333334 0.11666666666666667
15 0.96015625 0.39814814814814814 0.07447916666666667 0.1037037037037037
5 0.28203125 0.4425925925925926 0.04739583333333333 0.07407407407407407
5 0.34661458333333334 0.449537037037037 0.04635416666666667 0.0824074074074074
15 0.4 0.44537037037037036 0.042708333333333334 0.08888888888888889
5 0.4908854166666667 0.4736111111111111 0.05677083333333333 0.0824074074074074
15 0.528125 0.44212962962962965 0.05 0.08055555555555556
19 0.5166666666666667 0.39490740740740743 0.035416666666666666 0.0824074074074074
5 0.4596354166666667 0.42962962962962964 0.04114583333333333 0.07037037037037037
7 0.35442708333333334 0.28564814814814815 0.019270833333333334 0.030555555555555555
11 0.39296875 0.30648148148148147 0.024479166666666666 0.06481481481481481
19 0.3651041666666667 0.3675925925925926 0.034375 0.07592592592592592
9 0.2513020833333333 0.2773148148148148 0.024479166666666666 0.03981481481481482
10 0.2830729166666667 0.25046296296296294 0.0067708333333333336 0.019444444444444445
10 0.3028645833333333 0.23148148148148148 0.0046875 0.016666666666666666
15 0.43697916666666664 0.33055555555555555 0.029166666666666667 0.05740740740740741
9 0.4109375 0.37175925925925923 0.034375 0.058333333333333334
9 0.40078125 0.3523148148148148 0.028645833333333332 0.06388888888888888
5 0.29296875 0.4046296296296296 0.044270833333333336 0.05925925925925926
5 0.4546875 0.3939814814814815 0.03854166666666667 0.05648148148148148
5 0.48932291666666666 0.37916666666666665 0.021354166666666667 0.04537037037037037
5 0.47682291666666665 0.36018518518518516 0.030729166666666665 0.04814814814814815
0 0.46119791666666665 0.2884259259259259 0.0234375 0.03611111111111111
9 0.46067708333333335 0.32731481481481484 0.018229166666666668 0.03981481481481482
19 0.41822916666666665 0.29305555555555557 0.020833333333333332 0.041666666666666664
15 0.36015625 0.32592592592592595 0.027604166666666666 0.05
5 0.32317708333333334 0.3296296296296296 0.0234375 0.03518518518518519
5 0.3190104166666667 0.30694444444444446 0.0234375 0.017592592592592594
9 0.32369791666666664 0.2851851851851852 0.025520833333333333 0.03518518518518519
5 0.32135416666666666 0.2953703703703704 0.021875 0.011111111111111112
19 0.36380208333333336 0.27685185185185185 0.019270833333333334 0.03333333333333333
19 0.3578125 0.25925925925925924 0.015625 0.024074074074074074
4 0.4119791666666667 0.23935185185185184 0.021875 0.04537037037037037
4 0.4315104166666667 0.22777777777777777 0.016145833333333335 0.025925925925925925
19 0.43307291666666664 0.25324074074074077 0.013020833333333334 0.023148148148148147
8 0.38046875 0.24768518518518517 0.011979166666666667 0.01574074074074074
19 0.3450520833333333 0.24953703703703703 0.015104166666666667 0.023148148148148147
5 0.11692708333333333 0.5578703703703703 0.08489583333333334 0.13240740740740742
5 0.9208333333333333 0.9291666666666667 0.15104166666666666 0.13425925925925927
10 0.5872395833333334 0.9583333333333334 0.07760416666666667 0.07592592592592592
