5 0.3966145833333333 0.7388888888888889 0.21197916666666666 0.14444444444444443
4 0.665625 0.6356481481481482 0.2520833333333333 0.2657407407407407
5 0.8966145833333333 0.700925925925926 0.0328125 0.10740740740740741
4 0.95234375 0.6736111111111112 0.0953125 0.38796296296296295
17 0.8151041666666666 0.6648148148148149 0.027083333333333334 0.06111111111111111
5 0.85546875 0.6597222222222222 0.034895833333333334 0.041666666666666664
9 0.834375 0.6518518518518519 0.016666666666666666 0.040740740740740744
17 0.039322916666666666 0.7814814814814814 0.0765625 0.21296296296296297
17 0.2171875 0.7055555555555556 0.07291666666666667 0.10925925925925926
13 0.3268229166666667 0.6842592592592592 0.05677083333333333 0.08148148148148149
4 0.2703125 0.6550925925925926 0.18125 0.09537037037037037
13 0.5263020833333333 0.6620370370370371 0.021354166666666667 0.053703703703703705
13 0.49765625 0.6666666666666666 0.0171875 0.046296296296296294
13 0.471875 0.6638888888888889 0.03229166666666667 0.053703703703703705
