5 0.33430913348946134 0.81875 0.3337236533957845 0.3625
5 0.8752927400468384 0.7645833333333333 0.24941451990632318 0.22916666666666666
5 0.8594847775175644 0.640625 0.14988290398126464 0.09375
5 0.9262295081967213 0.6270833333333333 0.11475409836065574 0.08333333333333333
5 0.49063231850117095 0.7489583333333333 0.23653395784543327 0.24375
5 0.1885245901639344 0.6625 0.10070257611241218 0.1375
5 0.3372365339578454 0.6239583333333333 0.09601873536299765 0.05625
5 0.026346604215456676 0.6208333333333333 0.05035128805620609 0.1
9 0.5210772833723654 0.6447916666666667 0.1756440281030445 0.13125
5 0.3752927400468384 0.6020833333333333 0.05035128805620609 0.05
5 0.319672131147541 0.5916666666666667 0.03981264637002342 0.025
11 0.2775175644028103 0.5708333333333333 0.02576112412177986 0.029166666666666667
4 0.15163934426229508 0.5604166666666667 0.07377049180327869 0.11666666666666667
17 0.1211943793911007 0.60625 0.03864168618266979 0.1
10 0.04625292740046839 0.9125 0.07377049180327869 0.175
10 0.09894613583138173 0.696875 0.03395784543325527 0.10208333333333333
