4 0.3859375 0.5861111111111111 0.271875 0.5833333333333334
5 0.83984375 0.8458333333333333 0.3171875 0.30833333333333335
5 0.84765625 0.5777777777777777 0.2171875 0.20555555555555555
5 0.63046875 0.3597222222222222 0.0453125 0.03611111111111111
11 0.64609375 0.5208333333333334 0.1765625 0.2972222222222222
11 0.54375 0.41805555555555557 0.078125 0.18611111111111112
4 0.49921875 0.2972222222222222 0.0796875 0.06111111111111111
4 0.52890625 0.2708333333333333 0.0515625 0.05277777777777778
4 0.5875 0.2722222222222222 0.04375 0.05
11 0.725 0.4263888888888889 0.10625 0.16944444444444445
