9 0.8009367681498829 0.7510416666666667 0.3981264637002342 0.44375
10 0.5807962529274004 0.9135416666666667 0.15690866510538642 0.17291666666666666
10 0.3805620608899297 0.728125 0.09836065573770492 0.26458333333333334
10 0.04215456674473068 0.7520833333333333 0.08196721311475409 0.275
10 0.08723653395784543 0.65625 0.07845433255269321 0.125
5 0.13173302107728338 0.6020833333333333 0.09250585480093677 0.12083333333333333
5 0.5 0.6322916666666667 0.14285714285714285 0.13958333333333334
5 0.36533957845433257 0.6354166666666666 0.1358313817330211 0.15416666666666667
17 0.22950819672131148 0.6354166666666666 0.11007025761124122 0.21666666666666667
18 0.28805620608899296 0.534375 0.08196721311475409 0.16458333333333333
11 0.41920374707259955 0.565625 0.06088992974238876 0.07291666666666667
