5 0.3875878220140515 0.7083333333333334 0.13114754098360656 0.19166666666666668
3 0.7628805620608899 0.8385416666666666 0.16276346604215455 0.23541666666666666
3 0.17388758782201405 0.6510416666666666 0.03161592505854801 0.07708333333333334
3 0.2570257611241218 0.6739583333333333 0.02459016393442623 0.07708333333333334
19 0.42798594847775173 0.6291666666666667 0.06674473067915691 0.12083333333333333
11 0.31323185011709603 0.578125 0.05269320843091335 0.07291666666666667
5 0.889344262295082 0.6885416666666667 0.22131147540983606 0.15625
5 0.6937939110070258 0.6552083333333333 0.12060889929742388 0.10625
5 0.6165105386416861 0.6385416666666667 0.05737704918032787 0.07708333333333334
5 0.5702576112412178 0.6239583333333333 0.0468384074941452 0.05625
5 0.9537470725995316 0.6364583333333333 0.09250585480093677 0.06875
19 0.7265807962529274 0.6 0.06206088992974239 0.041666666666666664
