19 0.8811475409836066 0.565625 0.23770491803278687 0.24375
17 0.6844262295081968 0.5875 0.16978922716627634 0.25
17 0.3629976580796253 0.6854166666666667 0.25526932084309134 0.4625
17 0.18266978922716628 0.5354166666666667 0.08899297423887588 0.1875
17 0.13700234192037472 0.49166666666666664 0.03044496487119438 0.09583333333333334
4 0.8588992974238876 0.43020833333333336 0.10889929742388758 0.04375
4 0.718384074941452 0.44375 0.17681498829039813 0.0625
5 0.5281030444964872 0.6229166666666667 0.18501170960187355 0.2875
10 0.0895784543325527 0.521875 0.02927400468384075 0.08958333333333333
9 0.22072599531615925 0.475 0.05503512880562061 0.09583333333333334
4 0.13348946135831383 0.425 0.03044496487119438 0.03333333333333333
11 0.16217798594847777 0.4322916666666667 0.03395784543325527 0.022916666666666665
19 0.2962529274004684 0.4427083333333333 0.06557377049180328 0.027083333333333334
