3 0.8946135831381733 0.684375 0.03044496487119438 0.05625
3 0.8483606557377049 0.6822916666666666 0.03864168618266979 0.03958333333333333
10 0.8073770491803278 0.684375 0.03161592505854801 0.05625
17 0.7318501170960188 0.6729166666666667 0.0585480093676815 0.07916666666666666
10 0.6791569086651054 0.6864583333333333 0.0351288056206089 0.03958333333333333
10 0.6451990632318502 0.6833333333333333 0.03278688524590164 0.041666666666666664
10 0.6229508196721312 0.6833333333333333 0.01873536299765808 0.03333333333333333
5 0.5046838407494145 0.6645833333333333 0.0234192037470726 0.020833333333333332
10 0.5649882903981265 0.678125 0.01288056206088993 0.03125
5 0.23126463700234193 0.8760416666666667 0.3009367681498829 0.24791666666666667
5 0.07318501170960187 0.8510416666666667 0.14402810304449648 0.29375
5 0.27107728337236536 0.7239583333333334 0.09016393442622951 0.06458333333333334
15 0.057962529274004686 0.6802083333333333 0.06206088992974239 0.06041666666666667
15 0.14285714285714285 0.7104166666666667 0.117096018735363 0.15
19 0.2581967213114754 0.6833333333333333 0.07611241217798595 0.07916666666666666
5 0.1996487119437939 0.703125 0.02224824355971897 0.07708333333333334
