9 0.31030444964871196 0.6979166666666666 0.17330210772833723 0.25416666666666665
9 0.40749414519906324 0.659375 0.05620608899297424 0.15208333333333332
5 0.12939110070257612 0.6395833333333333 0.07611241217798595 0.11666666666666667
5 0.2224824355971897 0.6333333333333333 0.04449648711943794 0.09166666666666666
5 0.46955503512880564 0.6135416666666667 0.053864168618266976 0.04791666666666667
5 0.6627634660421545 0.6677083333333333 0.14988290398126464 0.10208333333333333
5 0.538056206088993 0.7208333333333333 0.2540983606557377 0.13333333333333333
5 0.6633489461358314 0.8666666666666667 0.6733021077283372 0.2625
4 0.18501170960187355 0.5541666666666667 0.04449648711943794 0.0625
10 0.17740046838407494 0.634375 0.01756440281030445 0.06458333333333334
10 0.1446135831381733 0.8020833333333334 0.05737704918032787 0.15416666666666667
10 0.04800936768149883 0.740625 0.0468384074941452 0.12291666666666666
3 0.7851288056206089 0.6635416666666667 0.040983606557377046 0.052083333333333336
15 0.9549180327868853 0.6427083333333333 0.08782201405152225 0.12291666666666666
