17 0.724824355971897 0.7875 0.550351288056206 0.42083333333333334
17 0.39344262295081966 0.5510416666666667 0.09601873536299765 0.18125
17 0.3073770491803279 0.5104166666666666 0.04800936768149883 0.1
9 0.6411007025761124 0.5958333333333333 0.41569086651053866 0.2708333333333333
3 0.19496487119437939 0.709375 0.026932084309133488 0.17291666666666666
10 0.26756440281030447 0.5791666666666667 0.03864168618266979 0.10416666666666667
10 0.2306791569086651 0.525 0.02576112412177986 0.0875
11 0.3085480093676815 0.44895833333333335 0.03395784543325527 0.03125
16 0.2734192037470726 0.4822916666666667 0.03161592505854801 0.04375
4 0.275175644028103 0.44166666666666665 0.0351288056206089 0.04583333333333333
19 0.40807962529274006 0.4791666666666667 0.059718969555035126 0.05416666666666667
5 0.9221311475409836 0.553125 0.14637002341920374 0.07708333333333334
