19 0.26346604215456676 0.50625 0.0351288056206089 0.05416666666666667
17 0.9297423887587822 0.69375 0.1405152224824356 0.2125
17 0.6961358313817331 0.6114583333333333 0.09250585480093677 0.12708333333333333
5 0.8167447306791569 0.653125 0.09016393442622951 0.11041666666666666
9 0.7927400468384075 0.5875 0.06557377049180328 0.05
9 0.5895784543325527 0.58125 0.10421545667447307 0.10833333333333334
5 0.509367681498829 0.5625 0.05620608899297424 0.06666666666666667
4 0.6446135831381733 0.540625 0.11826697892271663 0.07291666666666667
5 0.34660421545667447 0.5354166666666667 0.05152224824355972 0.06666666666666667
18 0.30327868852459017 0.4864583333333333 0.03278688524590164 0.052083333333333336
10 0.07903981264637003 0.565625 0.03395784543325527 0.07708333333333334
10 0.18266978922716628 0.5604166666666667 0.03278688524590164 0.09166666666666666
10 0.23185011709601874 0.5322916666666667 0.01639344262295082 0.06041666666666667
10 0.29098360655737704 0.5354166666666667 0.01522248243559719 0.04583333333333333
17 0.45901639344262296 0.5458333333333333 0.02810304449648712 0.07083333333333333
