11 0.08313817330210772 0.5322916666666667 0.16393442622950818 0.27291666666666664
10 0.1914519906323185 0.6791666666666667 0.05503512880562061 0.16666666666666666
5 0.31030444964871196 0.6614583333333334 0.1522248243559719 0.24375
11 0.917447306791569 0.7510416666666667 0.16510538641686182 0.3229166666666667
4 0.8337236533957846 0.53125 0.14988290398126464 0.10833333333333334
17 0.794496487119438 0.59375 0.06908665105386416 0.09166666666666666
5 0.5374707259953162 0.7041666666666667 0.2459016393442623 0.275
17 0.36768149882903983 0.5791666666666667 0.06791569086651054 0.1375
5 0.4297423887587822 0.5729166666666666 0.06323185011709602 0.08333333333333333
5 0.7312646370023419 0.5739583333333333 0.059718969555035126 0.05625
9 0.538056206088993 0.534375 0.059718969555035126 0.06041666666666667
5 0.5954332552693209 0.5541666666666667 0.07377049180327869 0.058333333333333334
5 0.49414519906323184 0.5333333333333333 0.03278688524590164 0.0375
