10 0.13934426229508196 0.6885416666666667 0.08665105386416862 0.18125
10 0.2927400468384075 0.5989583333333334 0.0234192037470726 0.07291666666666667
10 0.3477751756440281 0.6020833333333333 0.03044496487119438 0.0625
5 0.9004683840749415 0.796875 0.1990632318501171 0.31875
5 0.5199063231850117 0.6125 0.11241217798594848 0.14583333333333334
5 0.8255269320843092 0.5729166666666666 0.06088992974238876 0.07083333333333333
5 0.740632318501171 0.5708333333333333 0.09484777517564402 0.07916666666666666
5 0.4818501170960187 0.5541666666666667 0.040983606557377046 0.058333333333333334
9 0.4139344262295082 0.565625 0.07377049180327869 0.12708333333333333
19 0.6334894613583139 0.6020833333333333 0.14988290398126464 0.17083333333333334
19 0.9203747072599532 0.5895833333333333 0.1592505854800937 0.12916666666666668
19 0.8231850117096019 0.5427083333333333 0.1053864168618267 0.06875
4 0.6569086651053864 0.5010416666666667 0.07728337236533958 0.03958333333333333
