5 0.17857142857142858 0.6416666666666667 0.08782201405152225 0.125
5 0.7804449648711944 0.64375 0.1791569086651054 0.1125
5 0.6832552693208431 0.6177083333333333 0.07611241217798595 0.07291666666666667
5 0.21662763466042154 0.6041666666666666 0.0351288056206089 0.058333333333333334
17 0.06498829039812647 0.5822916666666667 0.02927400468384075 0.06458333333333334
3 0.0936768149882904 0.6041666666666666 0.01405152224824356 0.05
4 0.11651053864168619 0.55625 0.026932084309133488 0.0625
15 0.5181498829039812 0.61875 0.148711943793911 0.10833333333333334
9 0.3583138173302108 0.6645833333333333 0.17330210772833723 0.19166666666666668
9 0.8870023419203747 0.609375 0.14637002341920374 0.11041666666666666
9 0.9478922716627635 0.6447916666666667 0.10421545667447307 0.18958333333333333
