5 0.8296875 0.65625 0.340625 0.5875
17 0.110546875 0.6263888888888889 0.21953125 0.5444444444444444
13 0.81953125 0.44166666666666665 0.1109375 0.16111111111111112
13 0.755859375 0.4354166666666667 0.02890625 0.12916666666666668
13 0.719140625 0.43819444444444444 0.04453125 0.12638888888888888
9 0.378515625 0.4638888888888889 0.21171875 0.16944444444444445
19 0.246484375 0.4548611111111111 0.19609375 0.16527777777777777
5 0.61328125 0.43125 0.065625 0.059722222222222225
4 0.477734375 0.38680555555555557 0.11953125 0.11805555555555555
13 0.6140625 0.39166666666666666 0.0109375 0.019444444444444445
