9 0.84375 0.8513888888888889 0.3125 0.19722222222222222
5 0.8765625 0.5902777777777778 0.246875 0.275
5 0.6140625 0.44583333333333336 0.11875 0.1527777777777778
5 0.715625 0.38333333333333336 0.11875 0.12222222222222222
5 0.57890625 0.35694444444444445 0.0734375 0.08611111111111111
10 0.22734375 0.47638888888888886 0.0453125 0.1361111111111111
3 0.30390625 0.46805555555555556 0.0296875 0.09722222222222222
20 0.353125 0.425 0.0625 0.09444444444444444
13 0.36015625 0.30694444444444446 0.0296875 0.06388888888888888
4 0.43671875 0.30972222222222223 0.1015625 0.20833333333333334
4 0.8359375 0.2611111111111111 0.146875 0.15555555555555556
11 0.55546875 0.2916666666666667 0.0640625 0.1111111111111111
11 0.62421875 0.29305555555555557 0.0609375 0.11388888888888889
11 0.4953125 0.28888888888888886 0.028125 0.11666666666666667
4 0.5109375 0.20277777777777778 0.0375 0.05
