11 0.8625 0.9083333333333333 0.271875 0.18333333333333332
4 0.8703125 0.6416666666666667 0.259375 0.36666666666666664
5 0.6546875 0.7555555555555555 0.171875 0.21666666666666667
13 0.33125 0.575 0.05 0.1111111111111111
5 0.53671875 0.5694444444444444 0.0703125 0.08888888888888889
5 0.5078125 0.5055555555555555 0.040625 0.05
5 0.60390625 0.5166666666666667 0.0359375 0.05555555555555555
4 0.45234375 0.43333333333333335 0.0296875 0.05
10 0.43671875 0.4736111111111111 0.0078125 0.019444444444444445
10 0.4484375 0.4791666666666667 0.00625 0.019444444444444445
10 0.465625 0.4722222222222222 0.009375 0.022222222222222223
