5 0.8921875 0.6826388888888889 0.1 0.11527777777777778
5 0.95625 0.6534722222222222 0.0640625 0.07083333333333333
5 0.52890625 0.6868055555555556 0.103125 0.06805555555555555
13 0.858203125 0.6291666666666667 0.01953125 0.03888888888888889
13 0.824609375 0.6361111111111111 0.02890625 0.058333333333333334
13 0.67890625 0.6611111111111111 0.0625 0.08055555555555556
13 0.752734375 0.63125 0.01796875 0.034722222222222224
13 0.134765625 0.7465277777777778 0.05234375 0.12083333333333333
13 0.036328125 0.6805555555555556 0.01640625 0.03888888888888889
5 0.300390625 0.6722222222222223 0.03671875 0.041666666666666664
4 0.06953125 0.6708333333333333 0.0546875 0.08888888888888889
4 0.16484375 0.6465277777777778 0.053125 0.08194444444444444
4 0.93984375 0.6034722222222222 0.1203125 0.08472222222222223
16 0.219921875 0.6916666666666667 0.05078125 0.05555555555555555
