5 0.898046875 0.7208333333333333 0.20234375 0.5583333333333333
5 0.2671875 0.44583333333333336 0.0671875 0.10833333333333334
13 0.95 0.33611111111111114 0.1 0.2
13 0.887890625 0.3347222222222222 0.05078125 0.16666666666666666
13 0.8296875 0.3451388888888889 0.059375 0.1625
10 0.695703125 0.3763888888888889 0.03203125 0.07222222222222222
10 0.755078125 0.34375 0.01796875 0.04583333333333333
9 0.653125 0.3423611111111111 0.0640625 0.0763888888888889
17 0.080078125 0.6833333333333333 0.15859375 0.6277777777777778
17 0.355078125 0.44375 0.12734375 0.18194444444444444
17 0.587890625 0.38125 0.02421875 0.10694444444444444
4 0.09765625 0.40347222222222223 0.19375 0.25972222222222224
4 0.607421875 0.32916666666666666 0.06484375 0.05
