3 0.544496487119438 0.8052083333333333 0.06088992974238876 0.21458333333333332
9 0.5685011709601874 0.6166666666666667 0.1252927400468384 0.09583333333333334
5 0.2581967213114754 0.7395833333333334 0.2189695550351288 0.25833333333333336
5 0.42798594847775173 0.615625 0.04566744730679157 0.06458333333333334
5 0.48711943793911006 0.6166666666666667 0.0351288056206089 0.058333333333333334
5 0.38466042154566743 0.6072916666666667 0.03629976580796253 0.06041666666666667
5 0.16276346604215455 0.609375 0.08665105386416862 0.06041666666666667
10 0.06381733021077284 0.6239583333333333 0.03864168618266979 0.052083333333333336
19 0.2886416861826698 0.5791666666666667 0.02927400468384075 0.0375
10 0.22365339578454332 0.5979166666666667 0.01639344262295082 0.03333333333333333
