5 0.6569086651053864 0.8666666666666667 0.5807962529274004 0.26666666666666666
5 0.9104215456674473 0.8885416666666667 0.17681498829039813 0.22291666666666668
5 0.867096018735363 0.7666666666666667 0.24707259953161592 0.11666666666666667
5 0.8155737704918032 0.7239583333333334 0.16744730679156908 0.06875
5 0.9508196721311475 0.7364583333333333 0.09836065573770492 0.08541666666666667
5 0.734192037470726 0.6895833333333333 0.10070257611241218 0.075
5 0.6610070257611241 0.6958333333333333 0.12060889929742388 0.09583333333333334
15 0.43266978922716626 0.6916666666666667 0.202576112412178 0.19166666666666668
11 0.6059718969555035 0.6822916666666666 0.16510538641686182 0.15625
17 0.2933255269320843 0.69375 0.08313817330210772 0.1875
17 0.24707259953161592 0.6427083333333333 0.01639344262295082 0.09375
17 0.23302107728337237 0.6364583333333333 0.0117096018735363 0.08125
