10 0.05444964871194379 0.865625 0.10655737704918032 0.26875
10 0.11475409836065574 0.6729166666666667 0.0351288056206089 0.075
10 0.8220140515222483 0.6291666666666667 0.03747072599531616 0.058333333333333334
5 0.9022248243559718 0.6385416666666667 0.15339578454332553 0.09791666666666667
5 0.9490632318501171 0.8458333333333333 0.10187353629976581 0.22083333333333333
5 0.23185011709601874 0.721875 0.18266978922716628 0.2520833333333333
5 0.34660421545667447 0.678125 0.14285714285714285 0.16041666666666668
5 0.5046838407494145 0.6177083333333333 0.0585480093676815 0.06041666666666667
5 0.14929742388758782 0.6041666666666666 0.05035128805620609 0.08333333333333333
5 0.22365339578454332 0.58125 0.04215456674473068 0.029166666666666667
5 0.2716627634660422 0.5947916666666667 0.04918032786885246 0.03958333333333333
5 0.39637002341920374 0.5947916666666667 0.059718969555035126 0.04791666666666667
5 0.43676814988290397 0.5916666666666667 0.05152224824355972 0.041666666666666664
4 0.15807962529274006 0.5364583333333334 0.05152224824355972 0.07708333333333334
11 0.34543325526932084 0.5677083333333334 0.02810304449648712 0.03125
9 0.629976580796253 0.6927083333333334 0.2716627634660422 0.22291666666666668
