4 0.2515625 0.6819444444444445 0.5 0.6361111111111111
4 0.45703125 0.3388888888888889 0.0703125 0.07777777777777778
5 0.6296875 0.49444444444444446 0.1 0.12222222222222222
5 0.59375 0.41805555555555557 0.065625 0.08055555555555556
5 0.553125 0.38472222222222224 0.0375 0.05277777777777778
5 0.81015625 0.4097222222222222 0.0484375 0.041666666666666664
5 0.88671875 0.4388888888888889 0.0484375 0.05
5 0.7953125 0.4888888888888889 0.075 0.11666666666666667
11 0.93046875 0.4986111111111111 0.1390625 0.13055555555555556
15 0.53359375 0.3486111111111111 0.0328125 0.04722222222222222
17 0.7484375 0.40555555555555556 0.040625 0.05555555555555555
10 0.55390625 0.4666666666666667 0.0203125 0.06666666666666667
