17 0.15625 0.6305555555555555 0.2375 0.34444444444444444
19 0.23828125 0.5111111111111111 0.2265625 0.18333333333333332
11 0.3390625 0.44305555555555554 0.184375 0.1638888888888889
5 0.56484375 0.6652777777777777 0.2328125 0.325
5 0.70625 0.5430555555555555 0.125 0.11388888888888889
11 0.89140625 0.6208333333333333 0.2171875 0.30277777777777776
4 0.89765625 0.46805555555555556 0.2046875 0.18055555555555555
4 0.65703125 0.4583333333333333 0.0921875 0.09444444444444444
5 0.8640625 0.9388888888888889 0.271875 0.12222222222222222
11 0.04609375 0.5777777777777777 0.0890625 0.3111111111111111
