10 0.12353629976580796 0.8166666666666667 0.09250585480093677 0.32916666666666666
10 0.18384074941451992 0.6895833333333333 0.03981264637002342 0.10833333333333334
5 0.7166276346604216 0.8260416666666667 0.4496487119437939 0.34791666666666665
5 0.2892271662763466 0.6572916666666667 0.1053864168618267 0.15625
5 0.7347775175644028 0.6427083333333333 0.17447306791569087 0.11041666666666666
5 0.9549180327868853 0.6239583333333333 0.09016393442622951 0.10208333333333333
5 0.5983606557377049 0.6010416666666667 0.08665105386416862 0.06458333333333334
5 0.2459016393442623 0.596875 0.05620608899297424 0.07708333333333334
9 0.41861826697892274 0.625 0.09953161592505855 0.15
9 0.49355971896955503 0.5770833333333333 0.05503512880562061 0.0625
9 0.3665105386416862 0.603125 0.02810304449648712 0.06875
4 0.29859484777517564 0.5322916666666667 0.03044496487119438 0.03125
17 0.5386416861826698 0.5822916666666667 0.0351288056206089 0.052083333333333336
9 0.3190866510538642 0.5833333333333334 0.05035128805620609 0.075
