5 0.05625 0.7319444444444444 0.109375 0.24166666666666667
10 0.421875 0.5916666666666667 0.034375 0.09444444444444444
10 0.65703125 0.6125 0.0390625 0.11388888888888889
5 0.90234375 0.7597222222222222 0.1953125 0.3638888888888889
5 0.58125 0.5430555555555555 0.0875 0.13055555555555556
17 0.471875 0.5 0.053125 0.12222222222222222
4 0.56015625 0.4486111111111111 0.0734375 0.14722222222222223
4 0.7125 0.48055555555555557 0.15 0.22777777777777777
4 0.60625 0.43333333333333335 0.021875 0.09444444444444444
12 0.85390625 0.5208333333333334 0.1390625 0.19166666666666668
15 0.24140625 0.5611111111111111 0.2515625 0.24444444444444444
