5 0.26484375 0.5305555555555556 0.1890625 0.15
5 0.10390625 0.4708333333333333 0.0484375 0.058333333333333334
5 0.1921875 0.4666666666666667 0.05625 0.05555555555555555
5 0.91953125 0.7833333333333333 0.1578125 0.43333333333333335
5 0.55390625 0.5083333333333333 0.0671875 0.09444444444444444
5 0.88671875 0.55 0.0734375 0.1
10 0.615625 0.7375 0.065625 0.18055555555555555
10 0.64921875 0.575 0.0265625 0.07222222222222222
17 0.671875 0.5013888888888889 0.034375 0.08055555555555556
4 0.771875 0.4777777777777778 0.159375 0.3
4 0.86484375 0.4305555555555556 0.0328125 0.15555555555555556
4 0.96015625 0.48333333333333334 0.0796875 0.19444444444444445
