15 0.0778688524590164 0.7510416666666667 0.15339578454332553 0.45625
5 0.8337236533957846 0.6572916666666667 0.19437939110070257 0.17291666666666666
5 0.43559718969555034 0.5447916666666667 0.11943793911007025 0.12708333333333333
5 0.3741217798594848 0.4947916666666667 0.03161592505854801 0.06041666666666667
4 0.8214285714285714 0.546875 0.24473067915690866 0.15625
9 0.6293911007025761 0.54375 0.1323185011709602 0.1125
11 0.5064402810304449 0.5052083333333334 0.07377049180327869 0.11875
10 0.2968384074941452 0.6572916666666667 0.05503512880562061 0.18958333333333333
10 0.35714285714285715 0.6052083333333333 0.04918032786885246 0.12708333333333333
10 0.24414519906323184 0.56875 0.03161592505854801 0.0875
10 0.22189695550351288 0.5291666666666667 0.01756440281030445 0.0625
10 0.20199063231850117 0.5197916666666667 0.01522248243559719 0.052083333333333336
19 0.31088992974238877 0.4864583333333333 0.05737704918032787 0.10208333333333333
4 0.6018735362997658 0.48854166666666665 0.08665105386416862 0.035416666666666666
