16 0.452734375 0.6909722222222222 0.07734375 0.0875
17 0.873046875 0.7145833333333333 0.10859375 0.1625
17 0.683203125 0.6729166666666667 0.04765625 0.07916666666666666
17 0.6328125 0.6625 0.0375 0.06111111111111111
15 0.49609375 0.6722222222222223 0.0640625 0.09722222222222222
5 0.315625 0.8451388888888889 0.3515625 0.2986111111111111
5 0.066796875 0.7583333333333333 0.13203125 0.14166666666666666
5 0.337109375 0.7305555555555555 0.18671875 0.14444444444444443
5 0.387890625 0.7 0.09140625 0.08888888888888889
20 0.1609375 0.7159722222222222 0.103125 0.07361111111111111
13 0.123828125 0.6673611111111111 0.02578125 0.05694444444444444
13 0.16796875 0.6638888888888889 0.01875 0.03611111111111111
13 0.360546875 0.64375 0.02265625 0.03194444444444444
