5 0.531615925058548 0.8364583333333333 0.8782201405152225 0.3229166666666667
5 0.879976580796253 0.821875 0.24004683840749413 0.3020833333333333
5 0.547423887587822 0.6625 0.2681498829039813 0.17916666666666667
5 0.6165105386416861 0.6302083333333334 0.15105386416861827 0.13958333333333334
5 0.6873536299765808 0.625 0.09133489461358314 0.12083333333333333
19 0.6651053864168618 0.5802083333333333 0.1592505854800937 0.11875
15 0.28805620608899296 0.6 0.25995316159250587 0.23333333333333334
15 0.4689695550351288 0.5552083333333333 0.14637002341920374 0.08125
5 0.09894613583138173 0.615625 0.17681498829039813 0.24375
5 0.03278688524590164 0.5145833333333333 0.06323185011709602 0.10416666666666667
5 0.08021077283372366 0.47291666666666665 0.06440281030444965 0.04583333333333333
5 0.14344262295081966 0.5166666666666667 0.08548009367681499 0.06666666666666667
11 0.17330210772833723 0.453125 0.08665105386416862 0.07291666666666667
17 0.8372365339578455 0.6791666666666667 0.16627634660421545 0.175
5 0.5778688524590164 0.5395833333333333 0.03864168618266979 0.029166666666666667
