5 0.550351288056206 0.6125 0.08665105386416862 0.09583333333333334
5 0.3799765807962529 0.565625 0.05035128805620609 0.06041666666666667
5 0.4642857142857143 0.5760416666666667 0.03864168618266979 0.06041666666666667
5 0.48770491803278687 0.5614583333333333 0.01756440281030445 0.035416666666666666
5 0.9203747072599532 0.65625 0.1592505854800937 0.1375
10 0.8161592505854801 0.640625 0.0351288056206089 0.05625
5 0.813231850117096 0.59375 0.06908665105386416 0.05416666666666667
5 0.759367681498829 0.5875 0.04332552693208431 0.05
5 0.6955503512880562 0.5895833333333333 0.0468384074941452 0.05416666666666667
15 0.6492974238875878 0.5729166666666666 0.06674473067915691 0.05416666666666667
