5 0.0421875 0.5097222222222222 0.08125 0.09166666666666666
5 0.684375 0.6013888888888889 0.175 0.14722222222222223
5 0.15234375 0.5513888888888889 0.1140625 0.11944444444444445
5 0.36015625 0.5166666666666667 0.0546875 0.06666666666666667
11 0.24921875 0.5833333333333334 0.2296875 0.21666666666666667
11 0.5578125 0.5208333333333334 0.05625 0.08611111111111111
4 0.63203125 0.49166666666666664 0.0890625 0.11666666666666667
4 0.51875 0.4861111111111111 0.04375 0.08888888888888889
10 0.46328125 0.6180555555555556 0.0296875 0.09166666666666666
9 0.85546875 0.5875 0.1859375 0.175
