9 0.8179156908665105 0.6875 0.3594847775175644 0.30833333333333335
3 0.4677985948477752 0.8125 0.08313817330210772 0.20416666666666666
5 0.5544496487119438 0.6541666666666667 0.11124121779859485 0.14583333333333334
5 0.344847775175644 0.66875 0.14637002341920374 0.175
5 0.43676814988290397 0.6083333333333333 0.04918032786885246 0.07916666666666666
5 0.49882903981264637 0.60625 0.03278688524590164 0.06666666666666667
5 0.2792740046838407 0.5802083333333333 0.04332552693208431 0.03958333333333333
5 0.3202576112412178 0.5677083333333334 0.02459016393442623 0.027083333333333334
10 0.6024590163934426 0.6208333333333333 0.02459016393442623 0.03333333333333333
19 0.09016393442622951 0.58125 0.09601873536299765 0.0875
17 0.19672131147540983 0.5822916666666667 0.0351288056206089 0.06041666666666667
17 0.23185011709601874 0.5729166666666666 0.03044496487119438 0.04583333333333333
