4 0.1796875 0.6145833333333334 0.3328125 0.22916666666666666
4 0.562109375 0.5777777777777777 0.16796875 0.05555555555555555
5 0.3265625 0.8402777777777778 0.36875 0.3194444444444444
5 0.552734375 0.6638888888888889 0.16484375 0.10555555555555556
5 0.973046875 0.6083333333333333 0.05390625 0.06944444444444445
15 0.941796875 0.5854166666666667 0.03984375 0.05138888888888889
13 0.880078125 0.5868055555555556 0.01953125 0.05416666666666667
9 0.771875 0.5847222222222223 0.0203125 0.027777777777777776
16 0.727734375 0.6527777777777778 0.17109375 0.10555555555555556
17 0.640625 0.6319444444444444 0.06875 0.08611111111111111
13 0.493359375 0.63125 0.05078125 0.07361111111111111
10 0.442578125 0.6597222222222222 0.04453125 0.05555555555555555
5 0.00859375 0.6652777777777777 0.015625 0.058333333333333334
