5 0.104296875 0.5645833333333333 0.11640625 0.1763888888888889
13 0.137109375 0.4965277777777778 0.05703125 0.12916666666666668
10 0.428515625 0.5236111111111111 0.06484375 0.10833333333333334
13 0.46875 0.4534722222222222 0.0890625 0.10694444444444444
13 0.56875 0.4215277777777778 0.0296875 0.0625
13 0.772265625 0.41041666666666665 0.08203125 0.09861111111111111
13 0.619921875 0.3972222222222222 0.02109375 0.03333333333333333
5 0.294921875 0.4486111111111111 0.04453125 0.041666666666666664
4 0.3671875 0.4201388888888889 0.1046875 0.11527777777777778
4 0.121875 0.4326388888888889 0.025 0.04027777777777778
5 0.649609375 0.4861111111111111 0.19453125 0.14722222222222223
5 0.90078125 0.6395833333333333 0.1984375 0.4986111111111111
19 0.92734375 0.38472222222222224 0.1453125 0.16944444444444445
