4 0.11241217798594848 0.6041666666666666 0.2224824355971897 0.24166666666666667
11 0.29215456674473067 0.6416666666666667 0.09016393442622951 0.0875
5 0.16510538641686182 0.8822916666666667 0.32786885245901637 0.23541666666666666
5 0.2792740046838407 0.7833333333333333 0.2189695550351288 0.17916666666666667
5 0.6908665105386417 0.84375 0.1990632318501171 0.30416666666666664
5 0.5456674473067916 0.7072916666666667 0.08899297423887588 0.09791666666666667
5 0.6206088992974239 0.7104166666666667 0.08196721311475409 0.1125
5 0.6733021077283372 0.6604166666666667 0.03044496487119438 0.05
5 0.45550351288056207 0.6489583333333333 0.04215456674473068 0.03125
17 0.40456674473067916 0.65625 0.040983606557377046 0.05
17 0.7271662763466042 0.6625 0.0351288056206089 0.05
17 0.7008196721311475 0.6583333333333333 0.02459016393442623 0.05416666666666667
10 0.8454332552693209 0.7635416666666667 0.05152224824355972 0.15208333333333332
10 0.7927400468384075 0.7145833333333333 0.03044496487119438 0.08333333333333333
10 0.7781030444964872 0.6895833333333333 0.01990632318501171 0.075
