3 0.1879391100702576 0.75 0.06674473067915691 0.21666666666666667
5 0.6744730679156908 0.7791666666666667 0.5714285714285714 0.275
5 0.3911007025761124 0.6229166666666667 0.08430913348946135 0.1125
5 0.4894613583138173 0.625 0.08430913348946135 0.06666666666666667
5 0.6217798594847775 0.6375 0.20140515222482436 0.075
5 0.7681498829039812 0.6322916666666667 0.117096018735363 0.09375
5 0.9215456674473068 0.66875 0.15690866510538642 0.10416666666666667
5 0.34543325526932084 0.596875 0.04449648711943794 0.07291666666666667
5 0.4350117096018735 0.5989583333333334 0.03864168618266979 0.06875
9 0.46545667447306793 0.584375 0.04332552693208431 0.05625
5 0.6211943793911007 0.59375 0.05503512880562061 0.041666666666666664
