4 0.22265625 0.6847222222222222 0.4421875 0.6305555555555555
4 0.415625 0.3597222222222222 0.06875 0.10277777777777777
5 0.615625 0.4986111111111111 0.1 0.11944444444444445
5 0.53515625 0.4013888888888889 0.0421875 0.05277777777777778
5 0.46640625 0.3597222222222222 0.0296875 0.03611111111111111
5 0.4890625 0.35138888888888886 0.01875 0.030555555555555555
5 0.78515625 0.4666666666666667 0.0671875 0.06666666666666667
5 0.953125 0.5208333333333334 0.09375 0.10277777777777777
16 0.50546875 0.45694444444444443 0.0703125 0.09166666666666666
17 0.7109375 0.4263888888888889 0.05 0.058333333333333334
17 0.84609375 0.49722222222222223 0.0796875 0.07777777777777778
11 0.6453125 0.3972222222222222 0.05 0.044444444444444446
