11 0.91015625 0.9097222222222222 0.1796875 0.175
11 0.20234375 0.6902777777777778 0.1671875 0.2361111111111111
13 0.95390625 0.6208333333333333 0.0734375 0.13055555555555556
13 0.3140625 0.7055555555555556 0.05 0.17777777777777778
19 0.375 0.7972222222222223 0.16875 0.3333333333333333
15 0.77578125 0.5791666666666667 0.0953125 0.08055555555555556
5 0.56171875 0.8055555555555556 0.1546875 0.23333333333333334
5 0.7046875 0.7722222222222223 0.178125 0.2111111111111111
5 0.50078125 0.6611111111111111 0.0859375 0.12222222222222222
5 0.5875 0.625 0.0875 0.1
5 0.48046875 0.5902777777777778 0.0515625 0.075
15 0.54140625 0.5736111111111111 0.0640625 0.08611111111111111
17 0.41484375 0.5777777777777777 0.0390625 0.07777777777777778
17 0.3828125 0.5625 0.028125 0.06944444444444445
4 0.4125 0.49722222222222223 0.04375 0.044444444444444446
4 0.4390625 0.48055555555555557 0.025 0.03888888888888889
