5 0.36768149882903983 0.8052083333333333 0.5878220140515222 0.38958333333333334
5 0.813231850117096 0.76875 0.22131147540983606 0.35833333333333334
5 0.7201405152224825 0.6645833333333333 0.1451990632318501 0.19166666666666668
5 0.3003512880562061 0.665625 0.32201405152224827 0.20208333333333334
5 0.5017564402810304 0.5979166666666667 0.16042154566744732 0.09166666666666666
5 0.41569086651053866 0.5416666666666666 0.06088992974238876 0.0375
5 0.9004683840749415 0.609375 0.06791569086651054 0.09375
15 0.8161592505854801 0.56875 0.07494145199063232 0.058333333333333334
15 0.6018735362997658 0.5583333333333333 0.0936768149882904 0.058333333333333334
17 0.6375878220140515 0.60625 0.10421545667447307 0.12083333333333333
4 0.879976580796253 0.5333333333333333 0.03161592505854801 0.041666666666666664
10 0.9701405152224825 0.8125 0.05737704918032787 0.2125
17 0.039227166276346606 0.659375 0.07611241217798595 0.28541666666666665
11 0.17037470725995316 0.5197916666666667 0.33840749414519905 0.26458333333333334
