5 0.227734375 0.6923611111111111 0.24609375 0.15138888888888888
5 0.694140625 0.64375 0.08671875 0.10972222222222222
5 0.620703125 0.5875 0.03515625 0.044444444444444446
5 0.741015625 0.5756944444444444 0.04453125 0.043055555555555555
5 0.893359375 0.6097222222222223 0.08984375 0.06666666666666667
5 0.663671875 0.5625 0.01953125 0.022222222222222223
13 0.6046875 0.6291666666666667 0.0421875 0.10555555555555556
13 0.424609375 0.6076388888888888 0.06171875 0.08472222222222223
13 0.45546875 0.6048611111111111 0.0578125 0.07361111111111111
4 0.55 0.5569444444444445 0.0421875 0.07777777777777778
4 0.603125 0.5458333333333333 0.034375 0.05
16 0.640625 0.5694444444444444 0.0234375 0.03333333333333333
