16 0.07084309133489461 0.5739583333333333 0.13934426229508196 0.09375
17 0.1955503512880562 0.5760416666666667 0.08196721311475409 0.10208333333333333
17 0.27107728337236536 0.575 0.06440281030444965 0.0875
3 0.3114754098360656 0.64375 0.03278688524590164 0.0875
16 0.33430913348946134 0.5677083333333334 0.03864168618266979 0.06041666666666667
5 0.48243559718969553 0.5739583333333333 0.03278688524590164 0.04791666666666667
17 0.42096018735363 0.5583333333333333 0.026932084309133488 0.0375
5 0.8372365339578455 0.64375 0.15456674473067916 0.12083333333333333
5 0.7412177985948478 0.603125 0.0702576112412178 0.07291666666666667
5 0.6621779859484778 0.5864583333333333 0.04566744730679157 0.052083333333333336
5 0.6317330210772834 0.5760416666666667 0.02459016393442623 0.03958333333333333
19 0.5351288056206089 0.5739583333333333 0.03747072599531616 0.06041666666666667
4 0.9420374707259953 0.5020833333333333 0.11592505854800937 0.10416666666666667
9 0.8957845433255269 0.6177083333333333 0.13817330210772832 0.15208333333333332
