4 0.793359375 0.6069444444444444 0.41328125 0.2972222222222222
13 0.140234375 0.7125 0.07265625 0.09722222222222222
13 0.14375 0.7 0.0421875 0.08333333333333333
13 0.395703125 0.7305555555555555 0.06640625 0.18055555555555555
13 0.49921875 0.6666666666666666 0.05 0.08611111111111111
10 0.284375 0.6875 0.01875 0.04722222222222222
13 0.341015625 0.6513888888888889 0.02421875 0.05555555555555555
10 0.44296875 0.6576388888888889 0.015625 0.04861111111111111
5 0.309375 0.6458333333333334 0.01875 0.03333333333333333
4 0.355859375 0.6180555555555556 0.03203125 0.058333333333333334
4 0.575 0.5979166666666667 0.0515625 0.059722222222222225
