10 0.026346604215456676 0.7947916666666667 0.05035128805620609 0.16041666666666668
10 0.07377049180327869 0.6864583333333333 0.04449648711943794 0.11875
5 0.6358313817330211 0.665625 0.15690866510538642 0.10208333333333333
5 0.3114754098360656 0.7083333333333334 0.16393442622950818 0.18333333333333332
5 0.38114754098360654 0.6645833333333333 0.09250585480093677 0.1125
5 0.15105386416861827 0.6197916666666666 0.06088992974238876 0.09375
9 0.22775175644028103 0.6166666666666667 0.06908665105386416 0.10833333333333334
9 0.2892271662763466 0.5979166666666667 0.06088992974238876 0.058333333333333334
5 0.1873536299765808 0.5979166666666667 0.02107728337236534 0.05
19 0.40807962529274006 0.6020833333333333 0.06440281030444965 0.06666666666666667
4 0.16159250585480095 0.5510416666666667 0.03278688524590164 0.04791666666666667
15 0.5374707259953162 0.6104166666666667 0.07728337236533958 0.06666666666666667
