5 0.83828125 0.9493055555555555 0.3234375 0.09583333333333334
5 0.22421875 0.88125 0.390625 0.23472222222222222
5 0.026953125 0.8583333333333333 0.05234375 0.16944444444444445
5 0.12109375 0.7847222222222222 0.225 0.14444444444444443
15 0.4046875 0.7229166666666667 0.0703125 0.10138888888888889
5 0.17890625 0.7173611111111111 0.0859375 0.034722222222222224
13 0.05078125 0.7222222222222222 0.025 0.05555555555555555
13 0.017578125 0.7201388888888889 0.03359375 0.059722222222222225
10 0.445703125 0.73125 0.01328125 0.04861111111111111
17 0.44375 0.7097222222222223 0.03125 0.06388888888888888
16 0.2703125 0.7423611111111111 0.1234375 0.08472222222222223
16 0.30703125 0.7111111111111111 0.04375 0.05
13 0.8578125 0.7229166666666667 0.071875 0.09583333333333334
13 0.785546875 0.7229166666666667 0.04453125 0.09305555555555556
13 0.615625 0.8208333333333333 0.2046875 0.25555555555555554
20 0.431640625 0.84375 0.21484375 0.1486111111111111
