4 0.7927400468384075 0.6416666666666667 0.17330210772833723 0.1
5 0.9572599531615925 0.759375 0.08548009367681499 0.08541666666666667
5 0.8360655737704918 0.853125 0.32786885245901637 0.28958333333333336
17 0.5743559718969555 0.8458333333333333 0.6194379391100703 0.3
17 0.234192037470726 0.8104166666666667 0.12646370023419204 0.29583333333333334
17 0.297423887587822 0.6833333333333333 0.06088992974238876 0.06666666666666667
17 0.4502341920374707 0.6760416666666667 0.05737704918032787 0.04375
9 0.5708430913348946 0.690625 0.148711943793911 0.08541666666666667
5 0.7031615925058547 0.709375 0.1252927400468384 0.052083333333333336
17 0.7640515222482436 0.69375 0.07611241217798595 0.05
17 0.18559718969555036 0.684375 0.04566744730679157 0.07291666666666667
11 0.25585480093676816 0.6333333333333333 0.05269320843091335 0.058333333333333334
