11 0.8588992974238876 0.609375 0.2822014051522248 0.38125
10 0.1405152224824356 0.703125 0.09133489461358314 0.23958333333333334
10 0.3583138173302108 0.5645833333333333 0.02576112412177986 0.07916666666666666
10 0.2822014051522248 0.59375 0.03747072599531616 0.11666666666666667
10 0.2230679156908665 0.5864583333333333 0.03395784543325527 0.09791666666666667
13 0.08782201405152225 0.578125 0.05620608899297424 0.18541666666666667
5 0.03161592505854801 0.571875 0.06088992974238876 0.13541666666666666
5 0.6610070257611241 0.609375 0.12060889929742388 0.13125
5 0.5403981264637002 0.575 0.07611241217798595 0.075
5 0.585480093676815 0.584375 0.04215456674473068 0.06458333333333334
9 0.4847775175644028 0.5479166666666667 0.04449648711943794 0.06666666666666667
4 0.6633489461358314 0.5364583333333334 0.10655737704918032 0.04791666666666667
5 0.3770491803278688 0.5322916666666667 0.0234192037470726 0.04375
19 0.3237704918032787 0.528125 0.040983606557377046 0.06875
