10 0.5546875 0.9347222222222222 0.0625 0.13055555555555556
10 0.1671875 0.8902777777777777 0.034375 0.075
10 0.246875 0.8013888888888889 0.028125 0.06388888888888888
10 0.45703125 0.7958333333333333 0.0328125 0.09722222222222222
5 0.3265625 0.7222222222222222 0.059375 0.07222222222222222
5 0.50390625 0.6902777777777778 0.0453125 0.058333333333333334
13 0.87578125 0.7 0.0265625 0.044444444444444446
13 0.790625 0.7027777777777777 0.03125 0.06111111111111111
17 0.6796875 0.6805555555555556 0.0375 0.05555555555555555
17 0.72265625 0.6861111111111111 0.0359375 0.05555555555555555
17 0.4546875 0.6708333333333333 0.028125 0.04722222222222222
4 0.56875 0.6319444444444444 0.05 0.05277777777777778
