5 0.08255269320843091 0.6760416666666667 0.12295081967213115 0.07708333333333334
5 0.29859484777517564 0.7104166666666667 0.17330210772833723 0.1
5 0.1955503512880562 0.86875 0.38875878220140514 0.25
5 0.6522248243559718 0.8291666666666667 0.27634660421545665 0.2833333333333333
5 0.8284543325526932 0.678125 0.08548009367681499 0.08125
17 0.8711943793911007 0.8354166666666667 0.2576112412177986 0.325
15 0.5374707259953162 0.671875 0.0936768149882904 0.08958333333333333
8 0.7734192037470726 0.6229166666666667 0.09016393442622951 0.08333333333333333
15 0.6340749414519906 0.6760416666666667 0.12060889929742388 0.07708333333333334
5 0.8144028103044496 0.640625 0.05737704918032787 0.03958333333333333
5 0.9590163934426229 0.6364583333333333 0.05620608899297424 0.06875
17 0.90807962529274 0.6458333333333334 0.07377049180327869 0.058333333333333334
