5 0.7271662763466042 0.8177083333333334 0.5433255269320844 0.36041666666666666
5 0.40046838407494145 0.7260416666666667 0.2997658079625293 0.22291666666666668
5 0.6937939110070258 0.6083333333333333 0.13700234192037472 0.08333333333333333
5 0.13875878220140514 0.7145833333333333 0.20725995316159251 0.21666666666666667
5 0.29449648711943793 0.5916666666666667 0.06440281030444965 0.0375
5 0.3120608899297424 0.6197916666666666 0.09484777517564402 0.06041666666666667
5 0.07377049180327869 0.6145833333333334 0.0468384074941452 0.058333333333333334
9 0.02810304449648712 0.628125 0.053864168618266976 0.13958333333333334
19 0.19379391100702575 0.6375 0.14402810304449648 0.15416666666666667
15 0.43618266978922715 0.5989583333333334 0.14168618266978922 0.07708333333333334
15 0.8518735362997658 0.5833333333333334 0.13934426229508196 0.09166666666666666
