13 0.03359375 0.6722222222222223 0.0640625 0.2222222222222222
13 0.12421875 0.6222222222222222 0.1203125 0.2111111111111111
13 0.2328125 0.5263888888888889 0.084375 0.09722222222222222
3 0.0859375 0.8638888888888889 0.0625 0.21666666666666667
17 0.21875 0.7097222222222223 0.15 0.30833333333333335
4 0.4203125 0.6472222222222223 0.25625 0.5722222222222222
4 0.7984375 0.7152777777777778 0.403125 0.5638888888888889
4 0.821875 0.4083333333333333 0.35625 0.18333333333333332
4 0.5890625 0.36944444444444446 0.090625 0.15
4 0.540625 0.2972222222222222 0.059375 0.09444444444444444
5 0.5859375 0.6 0.06875 0.2
