4 0.925 0.3055555555555556 0.15 0.2111111111111111
4 0.4875 0.44722222222222224 0.228125 0.45
19 0.821875 0.7277777777777777 0.35625 0.5388888888888889
17 0.578125 0.7916666666666666 0.196875 0.4166666666666667
17 0.2734375 0.8 0.225 0.4
17 0.34296875 0.3958333333333333 0.0640625 0.11944444444444445
11 0.75 0.4041666666666667 0.15625 0.125
10 0.12265625 0.8472222222222222 0.1203125 0.3055555555555556
13 0.31640625 0.5263888888888889 0.0859375 0.1638888888888889
13 0.23125 0.5138888888888888 0.084375 0.17222222222222222
5 0.640625 0.3736111111111111 0.078125 0.10833333333333334
11 0.6859375 0.2611111111111111 0.078125 0.06666666666666667
