17 0.92265625 0.7486111111111111 0.1546875 0.46944444444444444
10 0.590625 0.9361111111111111 0.246875 0.12777777777777777
10 0.26484375 0.8347222222222223 0.0828125 0.20833333333333334
17 0.8171875 0.5805555555555556 0.1375 0.1388888888888889
17 0.66640625 0.6263888888888889 0.2046875 0.23055555555555557
5 0.421875 0.7041666666666667 0.2125 0.28055555555555556
5 0.3109375 0.5777777777777777 0.06875 0.1
4 0.8484375 0.4388888888888889 0.303125 0.21666666666666667
4 0.578125 0.4666666666666667 0.121875 0.10555555555555556
4 0.45859375 0.4930555555555556 0.1203125 0.13055555555555556
11 0.5359375 0.5972222222222222 0.140625 0.17777777777777778
5 0.09609375 0.5569444444444445 0.0546875 0.058333333333333334
5 0.15390625 0.5402777777777777 0.0421875 0.04722222222222222
