13 0.0984375 0.8458333333333333 0.184375 0.30833333333333335
13 0.184375 0.7333333333333333 0.090625 0.25555555555555554
13 0.3171875 0.49027777777777776 0.04375 0.06388888888888888
13 0.3 0.5222222222222223 0.0375 0.06111111111111111
17 0.3375 0.6402777777777777 0.115625 0.225
17 0.92890625 0.8513888888888889 0.1421875 0.2916666666666667
5 0.4171875 0.8222222222222222 0.253125 0.35555555555555557
11 0.78515625 0.6222222222222222 0.2171875 0.29444444444444445
5 0.825 0.4888888888888889 0.0875 0.1111111111111111
4 0.85703125 0.425 0.1546875 0.14444444444444443
4 0.465625 0.49583333333333335 0.134375 0.28055555555555556
4 0.58984375 0.4847222222222222 0.1421875 0.2638888888888889
5 0.66640625 0.4708333333333333 0.0140625 0.06388888888888888
4 0.9765625 0.42916666666666664 0.046875 0.19166666666666668
