5 0.42915690866510536 0.6125 0.09484777517564402 0.1375
3 0.32201405152224827 0.6177083333333333 0.0234192037470726 0.09791666666666667
10 0.08430913348946135 0.5916666666666667 0.06323185011709602 0.1
4 0.2980093676814988 0.49375 0.10889929742388758 0.14166666666666666
4 0.3659250585480094 0.509375 0.03161592505854801 0.09791666666666667
4 0.38934426229508196 0.5104166666666666 0.01990632318501171 0.07083333333333333
9 0.4408665105386417 0.5333333333333333 0.02459016393442623 0.03333333333333333
5 0.4642857142857143 0.5364583333333334 0.01756440281030445 0.01875
5 0.7956674473067916 0.66875 0.19789227166276346 0.15
5 0.8928571428571429 0.65625 0.09016393442622951 0.08333333333333333
15 0.6662763466042154 0.59375 0.0936768149882904 0.1
15 0.7652224824355972 0.58125 0.09953161592505855 0.05416666666666667
5 0.6059718969555035 0.58125 0.040983606557377046 0.05416666666666667
5 0.5714285714285714 0.5708333333333333 0.0351288056206089 0.041666666666666664
5 0.544496487119438 0.5552083333333333 0.0234192037470726 0.035416666666666666
