10 0.09484777517564402 0.671875 0.0468384074941452 0.11458333333333333
10 0.30620608899297425 0.653125 0.03629976580796253 0.08958333333333333
15 0.3126463700234192 0.5875 0.08899297423887588 0.10416666666666667
5 0.4502341920374707 0.5875 0.02927400468384075 0.0375
5 0.5573770491803278 0.6833333333333333 0.13817330210772832 0.175
5 0.8495316159250585 0.6677083333333333 0.18149882903981265 0.13958333333333334
15 0.7142857142857143 0.6208333333333333 0.10772833723653395 0.09583333333333334
5 0.6323185011709602 0.6083333333333333 0.0585480093676815 0.058333333333333334
4 0.4104215456674473 0.5572916666666666 0.02224824355971897 0.04375
19 0.4765807962529274 0.578125 0.0234192037470726 0.03958333333333333
17 0.03395784543325527 0.6447916666666667 0.06557377049180328 0.24791666666666667
