4 0.9180327868852459 0.5791666666666667 0.16393442622950818 0.2125
4 0.7295081967213115 0.509375 0.21311475409836064 0.13125
17 0.7622950819672131 0.7791666666666667 0.3231850117096019 0.44166666666666665
10 0.04918032786885246 0.7322916666666667 0.06557377049180328 0.17291666666666666
17 0.43618266978922715 0.6708333333333333 0.12763466042154567 0.2375
5 0.563231850117096 0.6197916666666666 0.11475409836065574 0.11458333333333333
5 0.3079625292740047 0.6010416666666667 0.05152224824355972 0.06875
5 0.3477751756440281 0.5885416666666666 0.03981264637002342 0.052083333333333336
9 0.2570257611241218 0.578125 0.05269320843091335 0.052083333333333336
4 0.5802107728337237 0.5520833333333334 0.08782201405152225 0.0375
4 0.4994145199063232 0.5364583333333334 0.06674473067915691 0.06041666666666667
