5 0.11640625 0.5895833333333333 0.1109375 0.10416666666666667
5 0.71171875 0.58125 0.125 0.1875
13 0.038671875 0.625 0.07578125 0.19166666666666668
13 0.43359375 0.5347222222222222 0.0671875 0.11666666666666667
10 0.37265625 0.7965277777777777 0.11875 0.3763888888888889
13 0.16328125 0.5597222222222222 0.0609375 0.10833333333333334
13 0.211328125 0.5256944444444445 0.02265625 0.04861111111111111
17 0.2484375 0.5166666666666667 0.0203125 0.03888888888888889
5 0.3703125 0.5152777777777777 0.034375 0.05
10 0.399609375 0.5138888888888888 0.00859375 0.027777777777777776
9 0.909375 0.7236111111111111 0.1796875 0.55
19 0.8421875 0.5291666666666667 0.1671875 0.18055555555555555
11 0.571484375 0.5625 0.21484375 0.36944444444444446
