5 0.25 0.6395833333333333 0.08782201405152225 0.10416666666666667
5 0.8296252927400468 0.690625 0.15807962529274006 0.11875
5 0.8864168618266979 0.6677083333333333 0.08899297423887588 0.09375
5 0.6727166276346604 0.646875 0.07611241217798595 0.06458333333333334
5 0.6141686182669789 0.6458333333333334 0.06908665105386416 0.058333333333333334
5 0.4174473067915691 0.6197916666666666 0.02927400468384075 0.03958333333333333
10 0.31733021077283374 0.715625 0.0468384074941452 0.14791666666666667
10 0.47950819672131145 0.8104166666666667 0.09016393442622951 0.25416666666666665
10 0.3875878220140515 0.6916666666666667 0.02576112412177986 0.07916666666666666
10 0.452576112412178 0.6333333333333333 0.01053864168618267 0.0375
