10 0.367096018735363 0.9364583333333333 0.07377049180327869 0.12708333333333333
10 0.430327868852459 0.7635416666666667 0.05035128805620609 0.14791666666666667
17 0.6118266978922716 0.825 0.1791569086651054 0.32916666666666666
5 0.8384074941451991 0.7552083333333334 0.1920374707259953 0.14791666666666667
5 0.7148711943793911 0.6635416666666667 0.05737704918032787 0.04791666666666667
5 0.5076112412177985 0.6760416666666667 0.03629976580796253 0.05625
5 0.48653395784543324 0.6583333333333333 0.03161592505854801 0.04583333333333333
5 0.4637002341920375 0.65 0.02576112412177986 0.0375
15 0.9121779859484778 0.6697916666666667 0.1288056206088993 0.09791666666666667
4 0.5585480093676815 0.6177083333333333 0.053864168618266976 0.03958333333333333
