5 0.16978922716627634 0.6979166666666666 0.3372365339578454 0.325
5 0.5081967213114754 0.5947916666666667 0.11241217798594848 0.11458333333333333
5 0.6621779859484778 0.6020833333333333 0.07845433255269321 0.10833333333333334
5 0.6206088992974239 0.56875 0.053864168618266976 0.075
5 0.5960187353629977 0.5572916666666666 0.03278688524590164 0.05625
5 0.398711943793911 0.5645833333333333 0.10655737704918032 0.07083333333333333
5 0.3167447306791569 0.540625 0.07611241217798595 0.06458333333333334
19 0.39285714285714285 0.5104166666666666 0.07377049180327869 0.041666666666666664
19 0.4596018735362998 0.5208333333333334 0.05269320843091335 0.04583333333333333
3 0.7394613583138173 0.6427083333333333 0.026932084309133488 0.10625
11 0.6627634660421545 0.528125 0.03044496487119438 0.035416666666666666
