4 0.96015625 0.49027777777777776 0.0796875 0.24166666666666667
5 0.8 0.5527777777777778 0.140625 0.125
13 0.88671875 0.4986111111111111 0.028125 0.075
5 0.9078125 0.4965277777777778 0.025 0.043055555555555555
13 0.45546875 0.6138888888888889 0.1703125 0.30277777777777776
13 0.69375 0.525 0.06875 0.10277777777777777
13 0.55 0.4673611111111111 0.0203125 0.0375
13 0.68046875 0.47708333333333336 0.0265625 0.043055555555555555
10 0.62421875 0.54375 0.0671875 0.07083333333333333
5 0.58671875 0.50625 0.0890625 0.07083333333333333
13 0.22578125 0.48541666666666666 0.03125 0.08194444444444444
13 0.273046875 0.4875 0.03359375 0.08055555555555556
13 0.130859375 0.475 0.02890625 0.06666666666666667
13 0.01484375 0.48819444444444443 0.028125 0.0763888888888889
5 0.18203125 0.48333333333333334 0.0515625 0.058333333333333334
4 0.210546875 0.42569444444444443 0.03671875 0.043055555555555555
4 0.25234375 0.4395833333333333 0.0453125 0.08472222222222223
5 0.17421875 0.43680555555555556 0.0125 0.018055555555555554
17 0.191015625 0.4444444444444444 0.01953125 0.03333333333333333
17 0.30703125 0.46875 0.028125 0.05694444444444444
17 0.52109375 0.49166666666666664 0.0390625 0.075
4 0.739453125 0.46111111111111114 0.13515625 0.06944444444444445
13 0.746875 0.49166666666666664 0.025 0.07222222222222222
13 0.859375 0.49722222222222223 0.034375 0.04722222222222222
