3 0.438671875 0.42986111111111114 0.05390625 0.20416666666666666
10 0.069140625 0.38472222222222224 0.11328125 0.09722222222222222
10 0.320703125 0.3368055555555556 0.07109375 0.08194444444444444
10 0.133203125 0.34375 0.03359375 0.05416666666666667
5 0.726171875 0.31527777777777777 0.17109375 0.19722222222222222
5 0.83203125 0.24513888888888888 0.1296875 0.09583333333333334
13 0.62421875 0.2638888888888889 0.0453125 0.125
13 0.533203125 0.2722222222222222 0.04609375 0.08888888888888889
13 0.579296875 0.25833333333333336 0.02109375 0.06388888888888888
4 0.8140625 0.18819444444444444 0.18125 0.09305555555555556
4 0.30703125 0.25625 0.103125 0.13194444444444445
4 0.458984375 0.24513888888888888 0.05078125 0.05694444444444444
