4 0.77109375 0.6583333333333333 0.4578125 0.6777777777777778
4 0.4390625 0.4083333333333333 0.08125 0.15555555555555556
4 0.48515625 0.35555555555555557 0.0265625 0.06666666666666667
5 0.2859375 0.5388888888888889 0.215625 0.12777777777777777
5 0.0953125 0.5569444444444445 0.171875 0.14722222222222223
13 0.05078125 0.7861111111111111 0.0984375 0.2833333333333333
13 0.0359375 0.6013888888888889 0.065625 0.09722222222222222
13 0.0640625 0.5972222222222222 0.059375 0.16111111111111112
17 0.36484375 0.46805555555555556 0.0640625 0.10833333333333334
17 0.54140625 0.4708333333333333 0.0234375 0.10277777777777777
17 0.52421875 0.4305555555555556 0.0265625 0.07777777777777778
17 0.50546875 0.4152777777777778 0.0234375 0.075
13 0.38125 0.4125 0.025 0.03611111111111111
