5 0.263671875 0.8534722222222222 0.52578125 0.29305555555555557
5 0.769140625 0.7 0.12421875 0.11666666666666667
17 0.853515625 0.6395833333333333 0.05390625 0.05694444444444444
17 0.94765625 0.6333333333333333 0.021875 0.04722222222222222
4 0.812890625 0.6048611111111111 0.16953125 0.08472222222222223
13 0.6359375 0.64375 0.059375 0.08194444444444444
13 0.08203125 0.6729166666666667 0.0484375 0.09305555555555556
10 0.2234375 0.6659722222222222 0.0171875 0.04583333333333333
4 0.171484375 0.5965277777777778 0.09296875 0.13194444444444445
4 0.023828125 0.6027777777777777 0.04609375 0.08611111111111111
16 0.34609375 0.6777777777777778 0.1453125 0.09722222222222222
5 0.285546875 0.6604166666666667 0.05546875 0.06805555555555555
