5 0.03571428571428571 0.6947916666666667 0.06908665105386416 0.23125
5 0.32669789227166274 0.5729166666666666 0.18266978922716628 0.12916666666666668
10 0.16276346604215455 0.5770833333333333 0.06791569086651054 0.0875
5 0.5685011709601874 0.6177083333333333 0.10889929742388758 0.14791666666666667
4 0.43266978922716626 0.5020833333333333 0.03395784543325527 0.07083333333333333
9 0.5005854800936768 0.5260416666666666 0.02459016393442623 0.04375
3 0.47950819672131145 0.5708333333333333 0.01288056206088993 0.05416666666666667
5 0.5181498829039812 0.5260416666666666 0.01053864168618267 0.027083333333333334
19 0.8706088992974239 0.6114583333333333 0.1955503512880562 0.17708333333333334
5 0.6902810304449649 0.565625 0.05503512880562061 0.05625
17 0.7482435597189696 0.5708333333333333 0.05620608899297424 0.07916666666666666
