18 0.8747072599531616 0.8333333333333334 0.2505854800936768 0.325
5 0.6943793911007026 0.725 0.18032786885245902 0.1375
5 0.5456674473067916 0.6885416666666667 0.12177985948477751 0.09375
5 0.11943793911007025 0.821875 0.23653395784543327 0.35208333333333336
5 0.28044496487119436 0.6520833333333333 0.05503512880562061 0.07916666666666666
5 0.05562060889929742 0.653125 0.08079625292740047 0.06875
10 0.31381733021077285 0.7208333333333333 0.053864168618266976 0.15
10 0.2101873536299766 0.63125 0.01053864168618267 0.029166666666666667
17 0.1557377049180328 0.6260416666666667 0.05620608899297424 0.05625
17 0.2189695550351288 0.6177083333333333 0.01639344262295082 0.035416666666666666
17 0.2529274004683841 0.6239583333333333 0.02107728337236534 0.04375
9 0.39637002341920374 0.65625 0.09484777517564402 0.13333333333333333
17 0.49063231850117095 0.6614583333333334 0.04215456674473068 0.06458333333333334
9 0.7476580796252927 0.6947916666666667 0.1323185011709602 0.10625
4 0.8963700234192038 0.64375 0.20725995316159251 0.09166666666666666
4 0.6779859484777517 0.6270833333333333 0.2107728337236534 0.07083333333333333
