11 0.2234375 0.4638888888888889 0.315625 0.3277777777777778
11 0.54765625 0.4861111111111111 0.2484375 0.17222222222222222
11 0.7359375 0.5666666666666667 0.1375 0.1388888888888889
10 0.815625 0.6680555555555555 0.1125 0.14722222222222223
17 0.9515625 0.6194444444444445 0.096875 0.26666666666666666
17 0.90546875 0.5902777777777778 0.0859375 0.1638888888888889
4 0.871875 0.45416666666666666 0.25625 0.11944444444444445
5 0.55234375 0.7583333333333333 0.3609375 0.4166666666666667
5 0.8921875 0.9152777777777777 0.215625 0.16944444444444445
19 0.11796875 0.6930555555555555 0.2328125 0.5916666666666667
