10 0.7289227166276346 0.8364583333333333 0.202576112412178 0.15625
10 0.4923887587822014 0.771875 0.10655737704918032 0.28125
10 0.4350117096018735 0.6302083333333334 0.05035128805620609 0.12291666666666666
5 0.202576112412178 0.7322916666666667 0.2997658079625293 0.36875
5 0.3366510538641686 0.5864583333333333 0.07611241217798595 0.12708333333333333
5 0.38583138173302106 0.553125 0.040983606557377046 0.07291666666666667
17 0.18208430913348947 0.546875 0.10187353629976581 0.08958333333333333
11 0.21604215456674472 0.49270833333333336 0.07377049180327869 0.06041666666666667
5 0.2687353629976581 0.5375 0.06440281030444965 0.05
10 0.04449648711943794 0.7166666666666667 0.08665105386416862 0.16666666666666666
