10 0.4894613583138173 0.8072916666666666 0.1990632318501171 0.3854166666666667
10 0.3237704918032787 0.6479166666666667 0.05269320843091335 0.14583333333333334
10 0.2810304449648712 0.553125 0.0234192037470726 0.07291666666666667
10 0.5421545667447307 0.6260416666666667 0.06791569086651054 0.15625
10 0.25995316159250587 0.525 0.01873536299765808 0.0625
4 0.34133489461358313 0.459375 0.11358313817330211 0.17708333333333334
17 0.42271662763466045 0.5489583333333333 0.08665105386416862 0.17291666666666666
5 0.5755269320843092 0.55625 0.13466042154566746 0.15
5 0.8717798594847775 0.6458333333333334 0.25644028103044497 0.20833333333333334
9 0.8946135831381733 0.8354166666666667 0.20843091334894615 0.32916666666666666
9 0.477751756440281 0.484375 0.06557377049180328 0.052083333333333336
5 0.7581967213114754 0.5322916666666667 0.10655737704918032 0.06875
5 0.8348946135831382 0.534375 0.09601873536299765 0.05625
