5 0.6346604215456675 0.6989583333333333 0.18969555035128804 0.28541666666666665
10 0.7634660421545667 0.6697916666666667 0.06088992974238876 0.12291666666666666
10 0.7049180327868853 0.5697916666666667 0.0351288056206089 0.04791666666666667
10 0.8015222482435597 0.603125 0.03395784543325527 0.07291666666666667
10 0.8395784543325527 0.6114583333333333 0.04215456674473068 0.07291666666666667
10 0.7336065573770492 0.5822916666666667 0.03864168618266979 0.052083333333333336
4 0.12295081967213115 0.46770833333333334 0.2224824355971897 0.27291666666666664
4 0.28454332552693207 0.4635416666666667 0.11943793911007025 0.10208333333333333
5 0.2101873536299766 0.578125 0.11826697892271663 0.12708333333333333
5 0.5187353629976581 0.55 0.04449648711943794 0.06666666666666667
5 0.4847775175644028 0.5333333333333333 0.03044496487119438 0.04583333333333333
9 0.5538641686182669 0.528125 0.02576112412177986 0.04375
