5 0.44320843091334894 0.6885416666666667 0.19789227166276346 0.2520833333333333
5 0.822599531615925 0.6854166666666667 0.17681498829039813 0.225
5 0.5796252927400468 0.571875 0.053864168618266976 0.07291666666666667
5 0.39227166276346603 0.609375 0.09133489461358314 0.11458333333333333
5 0.12295081967213115 0.5770833333333333 0.1358313817330211 0.125
5 0.36065573770491804 0.5458333333333333 0.05620608899297424 0.05416666666666667
5 0.42564402810304447 0.5395833333333333 0.04566744730679157 0.0375
5 0.3875878220140515 0.5375 0.02576112412177986 0.041666666666666664
15 0.24063231850117095 0.534375 0.10655737704918032 0.08958333333333333
17 0.6750585480093677 0.6916666666666667 0.12295081967213115 0.32083333333333336
