11 0.8734375 0.8805555555555555 0.253125 0.23333333333333334
11 0.92578125 0.5694444444444444 0.1484375 0.23333333333333334
18 0.784375 0.4222222222222222 0.153125 0.18888888888888888
5 0.6171875 0.4652777777777778 0.096875 0.11388888888888889
5 0.4515625 0.4652777777777778 0.075 0.11944444444444445
5 0.5625 0.3902777777777778 0.05625 0.06388888888888888
5 0.49375 0.37777777777777777 0.040625 0.06111111111111111
15 0.5265625 0.35 0.034375 0.05
5 0.478125 0.3486111111111111 0.028125 0.04722222222222222
4 0.4859375 0.2875 0.03125 0.04722222222222222
4 0.440625 0.2916666666666667 0.025 0.03888888888888889
5 0.3796875 0.35 0.034375 0.05
10 0.43359375 0.3402777777777778 0.0109375 0.025
10 0.303125 0.4486111111111111 0.0375 0.08055555555555556
10 0.3484375 0.6125 0.05625 0.16944444444444445
17 0.1546875 0.5833333333333334 0.128125 0.2222222222222222
3 0.21484375 0.6805555555555556 0.0640625 0.17222222222222222
4 0.62890625 0.3125 0.0453125 0.04722222222222222
