4 0.460546875 0.6020833333333333 0.08515625 0.2152777777777778
10 0.370703125 0.6548611111111111 0.02265625 0.07916666666666666
18 0.19296875 0.5375 0.21875 0.41944444444444445
18 0.0421875 0.6006944444444444 0.0828125 0.4625
18 0.345703125 0.6048611111111111 0.06640625 0.10416666666666667
18 0.408984375 0.6194444444444445 0.02734375 0.06111111111111111
18 0.6140625 0.6451388888888889 0.05 0.06805555555555555
18 0.566796875 0.6298611111111111 0.03359375 0.034722222222222224
18 0.546875 0.6375 0.0109375 0.027777777777777776
18 0.8734375 0.6673611111111111 0.1625 0.12638888888888888
