5 0.9590163934426229 0.7645833333333333 0.08196721311475409 0.26666666666666666
5 0.8530444964871194 0.6604166666666667 0.12763466042154567 0.125
4 0.7289227166276346 0.5885416666666666 0.08313817330210772 0.11458333333333333
3 0.6937939110070258 0.6416666666666667 0.01522248243559719 0.05
5 0.6481264637002342 0.6125 0.03395784543325527 0.04583333333333333
9 0.5509367681498829 0.6916666666666667 0.12997658079625293 0.24166666666666667
5 0.0585480093676815 0.7479166666666667 0.11475409836065574 0.15
15 0.1996487119437939 0.6208333333333333 0.13700234192037472 0.08333333333333333
5 0.2535128805620609 0.6875 0.18618266978922718 0.125
5 0.38466042154566743 0.6447916666666667 0.10187353629976581 0.06875
5 0.45550351288056207 0.615625 0.06791569086651054 0.052083333333333336
