4 0.8413348946135831 0.5947916666666667 0.275175644028103 0.5229166666666667
5 0.6153395784543325 0.6635416666666667 0.202576112412178 0.2520833333333333
5 0.3085480093676815 0.7822916666666667 0.6147540983606558 0.4354166666666667
5 0.12353629976580796 0.5229166666666667 0.10889929742388758 0.09583333333333334
5 0.5076112412177985 0.5635416666666667 0.17681498829039813 0.09375
5 0.4309133489461358 0.5395833333333333 0.08430913348946135 0.06666666666666667
17 0.6697892271662763 0.5260416666666666 0.07259953161592506 0.035416666666666666
17 0.28747072599531615 0.5229166666666667 0.21428571428571427 0.1
9 0.5884074941451991 0.5072916666666667 0.1252927400468384 0.04791666666666667
17 0.039227166276346606 0.5166666666666667 0.07611241217798595 0.1125
