15 0.2681498829039813 0.7572916666666667 0.3559718969555035 0.48541666666666666
10 0.772248243559719 0.90625 0.17447306791569087 0.1875
10 0.4724824355971897 0.7645833333333333 0.11592505854800937 0.2916666666666667
10 0.6733021077283372 0.7291666666666666 0.1522248243559719 0.2125
10 0.7412177985948478 0.6635416666666667 0.07259953161592506 0.11041666666666666
10 0.4268149882903981 0.6333333333333333 0.07611241217798595 0.1375
10 0.3788056206088993 0.5645833333333333 0.03161592505854801 0.058333333333333334
9 0.5409836065573771 0.6041666666666666 0.2107728337236534 0.2125
4 0.6949648711943794 0.546875 0.07142857142857142 0.07291666666666667
18 0.24004683840749413 0.4895833333333333 0.0585480093676815 0.06666666666666667
5 0.17505854800936768 0.509375 0.02224824355971897 0.03125
4 0.9209601873536299 0.5604166666666667 0.1557377049180328 0.08333333333333333
