5 0.8085480093676815 0.6635416666666667 0.059718969555035126 0.03958333333333333
10 0.9847775175644028 0.66875 0.03044496487119438 0.05
5 0.6024590163934426 0.8135416666666667 0.1955503512880562 0.22708333333333333
5 0.7968384074941453 0.9458333333333333 0.4063231850117096 0.1
5 0.26346604215456676 0.859375 0.35362997658079626 0.28125
5 0.06557377049180328 0.828125 0.1288056206088993 0.29791666666666666
15 0.234192037470726 0.725 0.17330210772833723 0.14583333333333334
5 0.07494145199063232 0.684375 0.1451990632318501 0.10208333333333333
15 0.4028103044496487 0.7541666666666667 0.1288056206088993 0.22916666666666666
19 0.5269320843091335 0.7145833333333333 0.11475409836065574 0.15
19 0.6071428571428571 0.6791666666666667 0.05737704918032787 0.058333333333333334
