10 0.582552693208431 0.865625 0.09250585480093677 0.26458333333333334
10 0.31791569086651056 0.65625 0.03161592505854801 0.041666666666666664
10 0.6990632318501171 0.6708333333333333 0.03044496487119438 0.08333333333333333
11 0.446135831381733 0.6135416666666667 0.06791569086651054 0.09375
5 0.515807962529274 0.6229166666666667 0.03395784543325527 0.0375
5 0.5749414519906323 0.6197916666666666 0.02576112412177986 0.022916666666666665
5 0.6235362997658079 0.696875 0.09484777517564402 0.12708333333333333
9 0.632903981264637 0.6197916666666666 0.03864168618266979 0.027083333333333334
5 0.6621779859484778 0.634375 0.02224824355971897 0.052083333333333336
4 0.7570257611241218 0.59375 0.05269320843091335 0.07916666666666666
17 0.8946135831381733 0.7864583333333334 0.2107728337236534 0.41458333333333336
