10 0.4408665105386417 0.7916666666666666 0.1252927400468384 0.24583333333333332
17 0.9537470725995316 0.659375 0.09250585480093677 0.13125
4 0.90807962529274 0.5833333333333334 0.09718969555035128 0.1875
5 0.7903981264637002 0.6125 0.08430913348946135 0.06666666666666667
5 0.6088992974238876 0.5833333333333334 0.11475409836065574 0.0875
9 0.5081967213114754 0.540625 0.08899297423887588 0.07708333333333334
5 0.14402810304449648 0.61875 0.13114754098360656 0.20833333333333334
5 0.32903981264637 0.6197916666666666 0.1522248243559719 0.16875
17 0.1955503512880562 0.5375 0.0468384074941452 0.1125
17 0.2576112412177986 0.5447916666666667 0.06323185011709602 0.07291666666666667
5 0.23243559718969556 0.521875 0.03161592505854801 0.06458333333333334
20 0.04625292740046839 0.5739583333333333 0.07611241217798595 0.09791666666666667
