5 0.0875 0.8277777777777777 0.171875 0.2833333333333333
5 0.63671875 0.7083333333333334 0.2046875 0.2777777777777778
15 0.74921875 0.6013888888888889 0.2109375 0.21388888888888888
5 0.61953125 0.4666666666666667 0.0609375 0.09444444444444444
5 0.4359375 0.49166666666666664 0.071875 0.10555555555555556
5 0.96640625 0.5611111111111111 0.0671875 0.12222222222222222
5 0.8328125 0.42083333333333334 0.05 0.058333333333333334
5 0.69921875 0.40555555555555556 0.0390625 0.044444444444444446
9 0.7640625 0.425 0.090625 0.08333333333333333
17 0.87109375 0.5402777777777777 0.1078125 0.16944444444444445
17 0.8734375 0.44305555555555554 0.06875 0.041666666666666664
17 0.5859375 0.49444444444444446 0.06875 0.1388888888888889
17 0.52578125 0.45694444444444443 0.0515625 0.10833333333333334
17 0.27578125 0.49027777777777776 0.0609375 0.125
17 0.40703125 0.39444444444444443 0.0234375 0.05555555555555555
3 0.221875 0.6861111111111111 0.0875 0.16666666666666666
13 0.32109375 0.5527777777777778 0.0609375 0.18333333333333332
4 0.50625 0.37916666666666665 0.078125 0.14722222222222223
4 0.43515625 0.35694444444444445 0.0484375 0.08611111111111111
13 0.23125 0.5513888888888889 0.09375 0.13055555555555556
