5 0.51953125 0.7743055555555556 0.9609375 0.4513888888888889
5 0.875 0.5986111111111111 0.25 0.325
5 0.044921875 0.5506944444444445 0.08828125 0.07916666666666666
4 0.191015625 0.49027777777777776 0.21796875 0.21388888888888888
13 0.417578125 0.4930555555555556 0.09609375 0.11388888888888889
13 0.322265625 0.5027777777777778 0.04921875 0.08055555555555556
13 0.605859375 0.44583333333333336 0.03671875 0.075
13 0.459765625 0.47638888888888886 0.06015625 0.08055555555555556
17 0.75625 0.4340277777777778 0.0515625 0.09583333333333334
13 0.955078125 0.39652777777777776 0.06953125 0.0763888888888889
10 0.57734375 0.4791666666666667 0.03125 0.04722222222222222
