5 0.7874707259953162 0.7979166666666667 0.42505854800936765 0.3958333333333333
5 0.6083138173302107 0.6229166666666667 0.18149882903981265 0.15833333333333333
5 0.4344262295081967 0.5697916666666667 0.07494145199063232 0.08958333333333333
5 0.7535128805620609 0.5666666666666667 0.16042154566744732 0.06666666666666667
5 0.5714285714285714 0.5229166666666667 0.03747072599531616 0.0375
5 0.538056206088993 0.53125 0.026932084309133488 0.04583333333333333
10 0.031030444964871194 0.640625 0.059718969555035126 0.13541666666666666
10 0.07611241217798595 0.6104166666666667 0.04918032786885246 0.1
10 0.15749414519906324 0.5989583333333334 0.04800936768149883 0.08125
10 0.3407494145199063 0.5927083333333333 0.02576112412177986 0.07708333333333334
10 0.30562060889929743 0.5666666666666667 0.01873536299765808 0.05416666666666667
17 0.23302107728337237 0.5645833333333333 0.06557377049180328 0.125
9 0.36065573770491804 0.5385416666666667 0.04449648711943794 0.08541666666666667
9 0.8905152224824356 0.5552083333333333 0.11826697892271663 0.10208333333333333
19 0.4959016393442623 0.553125 0.07611241217798595 0.09375
9 0.6241217798594848 0.53125 0.05620608899297424 0.05416666666666667
