5 0.753125 0.7986111111111112 0.49375 0.3972222222222222
5 0.26171875 0.5944444444444444 0.1984375 0.25
5 0.5046875 0.5333333333333333 0.1125 0.13333333333333333
5 0.6078125 0.5138888888888888 0.075 0.09444444444444444
5 0.1125 0.5277777777777778 0.178125 0.17777777777777778
9 0.11953125 0.8125 0.2359375 0.375
11 0.7390625 0.5305555555555556 0.246875 0.17222222222222222
5 0.84453125 0.5152777777777777 0.1140625 0.075
17 0.34140625 0.48055555555555557 0.0671875 0.1
4 0.89296875 0.44583333333333336 0.2140625 0.16944444444444445
4 0.66171875 0.41805555555555557 0.0578125 0.06944444444444445
11 0.378125 0.43472222222222223 0.109375 0.10277777777777777
