4 0.8957845433255269 0.6802083333333333 0.20843091334894615 0.23541666666666666
4 0.6323185011709602 0.65625 0.15690866510538642 0.07083333333333333
4 0.5181498829039812 0.6447916666666667 0.07845433255269321 0.03125
4 0.7540983606557377 0.66875 0.07494145199063232 0.04583333333333333
10 0.6112412177985949 0.8177083333333334 0.03981264637002342 0.12708333333333333
17 0.6053864168618267 0.71875 0.09133489461358314 0.15416666666666667
17 0.4607728337236534 0.8197916666666667 0.30562060889929743 0.35625
5 0.1288056206088993 0.8270833333333333 0.20140515222482436 0.30416666666666664
5 0.1955503512880562 0.675 0.0468384074941452 0.058333333333333334
15 0.2546838407494145 0.6927083333333334 0.06908665105386416 0.11458333333333333
17 0.297423887587822 0.671875 0.02576112412177986 0.06875
