11 0.8706088992974239 0.690625 0.25878220140515223 0.30625
4 0.9519906323185011 0.5604166666666667 0.09601873536299765 0.14583333333333334
4 0.7207259953161592 0.5510416666666667 0.16276346604215455 0.08125
5 0.6656908665105387 0.6322916666666667 0.15807962529274006 0.13125
5 0.40866510538641687 0.5458333333333333 0.053864168618266976 0.06666666666666667
5 0.8471896955503513 0.546875 0.1252927400468384 0.04791666666666667
10 0.35362997658079626 0.6697916666666667 0.04215456674473068 0.14791666666666667
10 0.23711943793911008 0.709375 0.07377049180327869 0.15625
10 0.1557377049180328 0.5927083333333333 0.04918032786885246 0.10625
10 0.2939110070257611 0.5802083333333333 0.02576112412177986 0.07291666666666667
19 0.32786885245901637 0.5260416666666666 0.05152224824355972 0.08541666666666667
