5 0.09192037470725996 0.69375 0.14637002341920374 0.10416666666666667
5 0.2687353629976581 0.709375 0.1955503512880562 0.10208333333333333
5 0.3407494145199063 0.675 0.1053864168618267 0.0625
5 0.3793911007025761 0.853125 0.45901639344262296 0.28541666666666665
5 0.8032786885245902 0.8447916666666667 0.2576112412177986 0.3104166666666667
5 0.7166276346604216 0.7041666666666667 0.0936768149882904 0.09583333333333334
5 0.7898126463700235 0.6864583333333333 0.06440281030444965 0.07708333333333334
5 0.5521077283372365 0.6604166666666667 0.05035128805620609 0.03333333333333333
10 0.9186182669789227 0.7604166666666666 0.05035128805620609 0.1375
10 0.9461358313817331 0.6895833333333333 0.03044496487119438 0.08333333333333333
17 0.8629976580796253 0.6614583333333334 0.0585480093676815 0.07291666666666667
5 0.5175644028103045 0.7427083333333333 0.14285714285714285 0.08958333333333333
4 0.7839578454332553 0.6291666666666667 0.026932084309133488 0.029166666666666667
