4 0.19296875 0.7944444444444444 0.3828125 0.4111111111111111
4 0.40625 0.6986111111111111 0.071875 0.23055555555555557
4 0.6890625 0.625 0.1625 0.15
4 0.4390625 0.5930555555555556 0.040625 0.075
11 0.8984375 0.9416666666666667 0.203125 0.11666666666666667
9 0.5234375 0.8263888888888888 0.128125 0.21388888888888888
5 0.86171875 0.7861111111111111 0.1296875 0.14444444444444443
15 0.82734375 0.6944444444444444 0.0921875 0.06666666666666667
5 0.69375 0.8611111111111112 0.18125 0.2111111111111111
5 0.59296875 0.7416666666666667 0.0859375 0.11666666666666667
5 0.53984375 0.6722222222222223 0.0484375 0.06666666666666667
5 0.87890625 0.7083333333333334 0.0515625 0.08333333333333333
