17 0.8073770491803278 0.6979166666666666 0.2306791569086651 0.4375
15 0.6920374707259953 0.5125 0.06323185011709602 0.08333333333333333
5 0.5538641686182669 0.5822916666666667 0.11943793911007025 0.17708333333333334
5 0.3700234192037471 0.6020833333333333 0.20140515222482436 0.2
5 0.23302107728337237 0.5145833333333333 0.13348946135831383 0.1
5 0.6001170960187353 0.5052083333333334 0.04332552693208431 0.06875
9 0.3524590163934426 0.48125 0.0585480093676815 0.06666666666666667
5 0.3167447306791569 0.48125 0.026932084309133488 0.05
9 0.4385245901639344 0.46875 0.03161592505854801 0.029166666666666667
5 0.4455503512880562 0.4895833333333333 0.04566744730679157 0.03333333333333333
5 0.477751756440281 0.48020833333333335 0.0234192037470726 0.03125
