5 0.544496487119438 0.6708333333333333 0.10772833723653395 0.0875
5 0.3126463700234192 0.6833333333333333 0.0936768149882904 0.10416666666666667
5 0.16920374707259953 0.6104166666666667 0.01990632318501171 0.029166666666666667
5 0.2581967213114754 0.6270833333333333 0.02459016393442623 0.04583333333333333
10 0.15398126463700235 0.6458333333333334 0.01522248243559719 0.04583333333333333
5 0.45784543325526933 0.6375 0.04918032786885246 0.04583333333333333
5 0.3951990632318501 0.6291666666666667 0.03161592505854801 0.025
11 0.5995316159250585 0.634375 0.09601873536299765 0.09375
11 0.4812646370023419 0.6177083333333333 0.0234192037470726 0.03125
4 0.20843091334894615 0.59375 0.01873536299765808 0.029166666666666667
5 0.20843091334894615 0.621875 0.01639344262295082 0.035416666666666666
9 0.2300936768149883 0.6270833333333333 0.03395784543325527 0.0625
19 0.34601873536299765 0.6166666666666667 0.03395784543325527 0.025
5 0.30971896955503514 0.621875 0.01756440281030445 0.01875
