5 0.2792740046838407 0.5552083333333333 0.10187353629976581 0.12291666666666666
5 0.04039812646370024 0.528125 0.06674473067915691 0.08958333333333333
5 0.13056206088992975 0.4864583333333333 0.02459016393442623 0.03125
5 0.892271662763466 0.6229166666666667 0.2154566744730679 0.15
5 0.6487119437939111 0.571875 0.1756440281030445 0.11041666666666666
17 0.7822014051522248 0.5625 0.08430913348946135 0.09583333333333334
9 0.6569086651053864 0.5322916666666667 0.14285714285714285 0.09375
5 0.7160421545667447 0.5354166666666667 0.05737704918032787 0.06666666666666667
15 0.47014051522248246 0.515625 0.10889929742388758 0.08125
5 0.5269320843091335 0.5270833333333333 0.06323185011709602 0.07083333333333333
5 0.5591334894613583 0.5145833333333333 0.040983606557377046 0.041666666666666664
15 0.38173302107728335 0.5020833333333333 0.06557377049180328 0.05416666666666667
9 0.33782201405152223 0.4947916666666667 0.03161592505854801 0.04791666666666667
5 0.28688524590163933 0.48854166666666665 0.02576112412177986 0.022916666666666665
5 0.31088992974238877 0.49375 0.02459016393442623 0.03333333333333333
