9 0.89921875 0.6625 0.1859375 0.21944444444444444
19 0.9515625 0.625 0.096875 0.15555555555555556
19 0.46875 0.5986111111111111 0.08125 0.14722222222222223
5 0.8421875 0.5444444444444444 0.090625 0.05555555555555555
5 0.565625 0.5833333333333334 0.06875 0.09444444444444444
5 0.48515625 0.5180555555555556 0.0390625 0.041666666666666664
11 0.715625 0.5388888888888889 0.084375 0.1111111111111111
11 0.33125 0.5527777777777778 0.06875 0.09444444444444444
11 0.54765625 0.5222222222222223 0.0515625 0.08333333333333333
17 0.4390625 0.4986111111111111 0.025 0.04722222222222222
10 0.3921875 0.5569444444444445 0.0125 0.030555555555555555
10 0.40703125 0.5430555555555555 0.0109375 0.030555555555555555
