5 0.20234375 0.9069444444444444 0.4015625 0.18611111111111112
5 0.953125 0.8388888888888889 0.09375 0.21666666666666667
13 0.1578125 0.6625 0.10625 0.24722222222222223
13 0.2390625 0.5888888888888889 0.096875 0.2
13 0.29375 0.5416666666666666 0.06875 0.15
13 0.315625 0.5041666666666667 0.053125 0.1527777777777778
13 0.33671875 0.46111111111111114 0.0421875 0.1
13 0.35625 0.41805555555555557 0.021875 0.041666666666666664
17 0.35546875 0.5166666666666667 0.0234375 0.1388888888888889
4 0.45546875 0.525 0.1796875 0.3888888888888889
4 0.70859375 0.6125 0.3203125 0.5583333333333333
4 0.9375 0.4097222222222222 0.125 0.175
4 0.73203125 0.3333333333333333 0.2453125 0.08333333333333333
