5 0.5796252927400468 0.8666666666666667 0.8384074941451991 0.2625
5 0.13875878220140514 0.63125 0.06908665105386416 0.08333333333333333
5 0.42096018735363 0.6520833333333333 0.10655737704918032 0.0875
5 0.5345433255269321 0.64375 0.10187353629976581 0.07083333333333333
10 0.031030444964871194 0.6145833333333334 0.01990632318501171 0.06666666666666667
4 0.2734192037470726 0.5927083333333333 0.10655737704918032 0.09375
5 0.1990632318501171 0.6020833333333333 0.03044496487119438 0.03333333333333333
9 0.07318501170960187 0.5927083333333333 0.03629976580796253 0.05625
4 0.03337236533957846 0.55625 0.01990632318501171 0.03333333333333333
9 0.7892271662763466 0.746875 0.4215456674473068 0.28125
