5 0.65 0.9472222222222222 0.15625 0.10555555555555556
5 0.54765625 0.8027777777777778 0.0640625 0.09444444444444444
5 0.51171875 0.7055555555555556 0.0296875 0.044444444444444446
5 0.5734375 0.7180555555555556 0.034375 0.05277777777777778
5 0.83828125 0.8194444444444444 0.0859375 0.12777777777777777
5 0.8453125 0.7527777777777778 0.071875 0.06111111111111111
17 0.78046875 0.7305555555555555 0.0484375 0.05
11 0.6609375 0.8097222222222222 0.109375 0.1638888888888889
9 0.55625 0.75 0.05625 0.09444444444444444
4 0.315625 0.8319444444444445 0.378125 0.33611111111111114
4 0.72890625 0.6736111111111112 0.0984375 0.09166666666666666
4 0.4921875 0.6486111111111111 0.040625 0.041666666666666664
4 0.63203125 0.6486111111111111 0.0359375 0.041666666666666664
