5 0.17857142857142858 0.59375 0.04800936768149883 0.075
5 0.3003512880562061 0.6177083333333333 0.08782201405152225 0.08958333333333333
5 0.45550351288056207 0.6291666666666667 0.10772833723653395 0.08333333333333333
10 0.5345433255269321 0.853125 0.11592505854800937 0.2604166666666667
10 0.5977751756440282 0.7052083333333333 0.03395784543325527 0.09375
10 0.6539812646370023 0.66875 0.01990632318501171 0.0625
9 0.3185011709601874 0.5979166666666667 0.12177985948477751 0.10833333333333334
19 0.7464871194379391 0.6458333333333334 0.09250585480093677 0.14166666666666666
5 0.6820843091334895 0.6177083333333333 0.03161592505854801 0.04375
5 0.9033957845433255 0.6177083333333333 0.04332552693208431 0.04375
17 0.6475409836065574 0.6166666666666667 0.0351288056206089 0.0625
