10 0.32786885245901637 0.6458333333333334 0.06088992974238876 0.14166666666666666
17 0.49004683840749413 0.7083333333333334 0.21428571428571427 0.36666666666666664
17 0.4162763466042155 0.5364583333333334 0.06206088992974239 0.07708333333333334
19 0.48653395784543324 0.5104166666666666 0.07845433255269321 0.04583333333333333
19 0.9402810304449649 0.5447916666666667 0.11943793911007025 0.07708333333333334
4 0.28395784543325525 0.46979166666666666 0.08548009367681499 0.09791666666666667
11 0.3483606557377049 0.5072916666666667 0.04566744730679157 0.08958333333333333
16 0.32494145199063235 0.575 0.09250585480093677 0.11666666666666667
5 0.3881733021077283 0.521875 0.03395784543325527 0.06875
5 0.6223653395784543 0.6489583333333333 0.11826697892271663 0.21041666666666667
5 0.6990632318501171 0.6260416666666667 0.17096018735362997 0.17291666666666666
5 0.9625292740046838 0.715625 0.07494145199063232 0.15208333333333332
