18 0.8916861826697893 0.6697916666666667 0.06674473067915691 0.12708333333333333
5 0.9736533957845434 0.7072916666666667 0.02927400468384075 0.04375
3 0.8272833723653396 0.721875 0.059718969555035126 0.06875
17 0.5521077283372365 0.7072916666666667 0.20491803278688525 0.23958333333333334
17 0.04039812646370024 0.7708333333333334 0.07845433255269321 0.42916666666666664
10 0.47365339578454335 0.6322916666666667 0.01990632318501171 0.03958333333333333
10 0.43266978922716626 0.625 0.01756440281030445 0.041666666666666664
10 0.4531615925058548 0.6302083333333334 0.02107728337236534 0.03958333333333333
5 0.3905152224824356 0.6114583333333333 0.059718969555035126 0.06041666666666667
15 0.34660421545667447 0.5989583333333334 0.04918032786885246 0.06875
5 0.234192037470726 0.7052083333333333 0.2857142857142857 0.26875
5 0.036885245901639344 0.6020833333333333 0.03629976580796253 0.08333333333333333
15 0.09543325526932084 0.5697916666666667 0.03629976580796253 0.06458333333333334
10 0.10245901639344263 0.6260416666666667 0.02224824355971897 0.06041666666666667
15 0.052107728337236536 0.5604166666666667 0.02224824355971897 0.041666666666666664
