5 0.09543325526932084 0.5395833333333333 0.14168618266978922 0.0875
5 0.24355971896955503 0.6354166666666666 0.26697892271662765 0.25
5 0.45784543325526933 0.5677083333333334 0.09836065573770492 0.10208333333333333
10 0.544496487119438 0.859375 0.22482435597189696 0.12708333333333333
5 0.6124121779859485 0.575 0.05620608899297424 0.1
5 0.5573770491803278 0.55 0.04918032786885246 0.07083333333333333
11 0.5925058548009368 0.5104166666666666 0.03044496487119438 0.0375
5 0.6469555035128806 0.540625 0.01288056206088993 0.04375
3 0.6592505854800936 0.584375 0.01405152224824356 0.07291666666666667
19 0.21721311475409835 0.5177083333333333 0.11358313817330211 0.09375
19 0.3149882903981265 0.4947916666666667 0.07494145199063232 0.035416666666666666
