5 0.74921875 0.6375 0.2328125 0.2361111111111111
5 0.625 0.41944444444444445 0.084375 0.10555555555555556
5 0.94296875 0.5444444444444444 0.1140625 0.18333333333333332
11 0.83046875 0.43333333333333335 0.1046875 0.1388888888888889
5 0.371875 0.36666666666666664 0.053125 0.06111111111111111
10 0.159375 0.6416666666666667 0.08125 0.17222222222222222
20 0.2890625 0.7375 0.159375 0.25833333333333336
10 0.4390625 0.3194444444444444 0.0125 0.027777777777777776
5 0.45546875 0.2986111111111111 0.0203125 0.025
11 0.484375 0.3375 0.040625 0.08055555555555556
11 0.54140625 0.41388888888888886 0.0890625 0.18333333333333332
4 0.7859375 0.31527777777777777 0.140625 0.10833333333333334
10 0.26171875 0.45416666666666666 0.0328125 0.10833333333333334
