9 0.8044496487119438 0.8145833333333333 0.3911007025761124 0.36666666666666664
4 0.7628805620608899 0.5958333333333333 0.29156908665105385 0.17916666666666667
5 0.6381733021077284 0.6458333333333334 0.13114754098360656 0.09166666666666666
5 0.4596018735362998 0.6697916666666667 0.16042154566744732 0.13958333333333334
5 0.28688524590163933 0.625 0.08196721311475409 0.10833333333333334
5 0.3337236533957845 0.6041666666666666 0.02576112412177986 0.06666666666666667
5 0.2107728337236534 0.6302083333333334 0.08196721311475409 0.13541666666666666
5 0.06206088992974239 0.5666666666666667 0.06557377049180328 0.07083333333333333
10 0.0977751756440281 0.6583333333333333 0.026932084309133488 0.08333333333333333
4 0.18969555035128804 0.5270833333333333 0.05152224824355972 0.07083333333333333
11 0.47599531615925056 0.5739583333333333 0.040983606557377046 0.04791666666666667
10 0.16744730679156908 0.8645833333333334 0.1405152224824356 0.2708333333333333
