17 0.6563231850117096 0.646875 0.23302107728337237 0.38125
10 0.3992974238875878 0.615625 0.09133489461358314 0.23125
10 0.29508196721311475 0.5895833333333333 0.0702576112412178 0.19583333333333333
10 0.2189695550351288 0.5239583333333333 0.03981264637002342 0.13125
10 0.45140515222482436 0.5364583333333334 0.02224824355971897 0.07708333333333334
10 0.24765807962529274 0.4895833333333333 0.02224824355971897 0.06666666666666667
5 0.9309133489461359 0.559375 0.13817330210772832 0.08958333333333333
5 0.7693208430913349 0.5635416666666667 0.03981264637002342 0.12291666666666666
5 0.800351288056206 0.5197916666666667 0.09953161592505855 0.07708333333333334
5 0.8928571428571429 0.5302083333333333 0.08548009367681499 0.06875
9 0.4959016393442623 0.475 0.08079625292740047 0.09166666666666666
4 0.34660421545667447 0.415625 0.11943793911007025 0.20208333333333334
10 0.0702576112412178 0.4625 0.0702576112412178 0.08333333333333333
5 0.5304449648711944 0.5229166666666667 0.06791569086651054 0.1375
