4 0.2109375 0.8208333333333333 0.41875 0.35833333333333334
4 0.8625 0.7111111111111111 0.275 0.2833333333333333
4 0.40859375 0.7444444444444445 0.1015625 0.2611111111111111
4 0.471875 0.6208333333333333 0.040625 0.075
4 0.60390625 0.6027777777777777 0.0671875 0.05555555555555555
5 0.90078125 0.9458333333333333 0.1984375 0.10833333333333334
5 0.56796875 0.9 0.1296875 0.2
5 0.71953125 0.8263888888888888 0.1453125 0.15833333333333333
5 0.63828125 0.7361111111111112 0.0796875 0.09444444444444444
5 0.47734375 0.6958333333333333 0.0421875 0.06388888888888888
5 0.51640625 0.6652777777777777 0.0265625 0.04722222222222222
9 0.56796875 0.7611111111111111 0.0921875 0.12222222222222222
