11 0.11241217798594848 0.5708333333333333 0.1920374707259953 0.25833333333333336
3 0.2300936768149883 0.771875 0.06908665105386416 0.18541666666666667
5 0.2775175644028103 0.6239583333333333 0.07728337236533958 0.09791666666666667
5 0.3957845433255269 0.6354166666666666 0.06791569086651054 0.09583333333333334
5 0.7043325526932084 0.64375 0.11826697892271663 0.0875
5 0.563231850117096 0.6104166666666667 0.04449648711943794 0.041666666666666664
5 0.5175644028103045 0.6 0.01873536299765808 0.03333333333333333
11 0.550351288056206 0.571875 0.03278688524590164 0.027083333333333334
4 0.5860655737704918 0.5625 0.06674473067915691 0.041666666666666664
5 0.832552693208431 0.6260416666666667 0.06791569086651054 0.08125
9 0.7634660421545667 0.61875 0.12412177985948478 0.10833333333333334
9 0.6223653395784543 0.60625 0.07377049180327869 0.06666666666666667
19 0.4771662763466042 0.615625 0.06674473067915691 0.10208333333333333
15 0.4314988290398126 0.6052083333333333 0.02927400468384075 0.052083333333333336
