10 0.0895784543325527 0.73125 0.10187353629976581 0.1875
10 0.2792740046838407 0.8739583333333333 0.08548009367681499 0.2520833333333333
10 0.4314988290398126 0.7677083333333333 0.06908665105386416 0.18541666666666667
10 0.21721311475409835 0.753125 0.05269320843091335 0.14791666666666667
10 0.3471896955503513 0.6895833333333333 0.04800936768149883 0.12916666666666668
5 0.22014051522248243 0.5958333333333333 0.053864168618266976 0.06666666666666667
5 0.2857142857142857 0.61875 0.07259953161592506 0.08333333333333333
5 0.9455503512880562 0.6583333333333333 0.10889929742388758 0.14583333333333334
5 0.8302107728337237 0.6416666666666667 0.11241217798594848 0.09583333333333334
5 0.5895784543325527 0.6270833333333333 0.09484777517564402 0.06666666666666667
5 0.5140515222482436 0.6072916666666667 0.06088992974238876 0.04791666666666667
5 0.4637002341920375 0.5958333333333333 0.04215456674473068 0.041666666666666664
10 0.3916861826697892 0.6354166666666666 0.03161592505854801 0.07083333333333333
5 0.6211943793911007 0.6083333333333333 0.04566744730679157 0.05
15 0.7347775175644028 0.6541666666666667 0.1885245901639344 0.15
