5 0.303125 0.8854166666666666 0.55625 0.21805555555555556
17 0.82265625 0.7743055555555556 0.1234375 0.1625
17 0.285546875 0.7319444444444444 0.05078125 0.08611111111111111
13 0.068359375 0.7458333333333333 0.08984375 0.11944444444444445
13 0.1640625 0.7833333333333333 0.19375 0.17222222222222222
10 0.305078125 0.75625 0.04609375 0.059722222222222225
10 0.5984375 0.7583333333333333 0.0328125 0.06944444444444445
13 0.719921875 0.7326388888888888 0.04609375 0.09305555555555556
13 0.52109375 0.7506944444444444 0.05 0.11805555555555555
16 0.149609375 0.7541666666666667 0.08984375 0.1
15 0.441015625 0.775 0.15859375 0.20277777777777778
15 0.33828125 0.7222222222222222 0.0453125 0.08333333333333333
5 0.009765625 0.7784722222222222 0.01796875 0.06805555555555555
