17 0.2265625 0.6368055555555555 0.1296875 0.22361111111111112
17 0.36484375 0.5965277777777778 0.071875 0.14305555555555555
17 0.43828125 0.5777777777777777 0.0578125 0.11388888888888889
13 0.53125 0.5826388888888889 0.13125 0.19027777777777777
13 0.6296875 0.5576388888888889 0.04375 0.12916666666666668
13 0.69609375 0.5458333333333333 0.0609375 0.14166666666666666
3 0.090234375 0.6354166666666666 0.03046875 0.059722222222222225
5 0.1359375 0.6215277777777778 0.0578125 0.1125
5 0.471875 0.5583333333333333 0.021875 0.05277777777777778
5 0.312109375 0.5743055555555555 0.02734375 0.043055555555555555
4 0.221484375 0.5486111111111112 0.13984375 0.1
