5 0.7236533957845434 0.8364583333333333 0.5526932084309133 0.3229166666666667
5 0.23946135831381732 0.6791666666666667 0.2962529274004684 0.44166666666666665
5 0.5591334894613583 0.6427083333333333 0.4203747072599532 0.31875
17 0.9098360655737705 0.6145833333333334 0.18032786885245902 0.2125
17 0.12704918032786885 0.49375 0.09250585480093677 0.1875
17 0.0702576112412178 0.46770833333333334 0.03044496487119438 0.13541666666666666
19 0.06440281030444965 0.4395833333333333 0.06557377049180328 0.1125
19 0.2611241217798595 0.475 0.18501170960187355 0.17916666666666667
11 0.9115925058548009 0.5020833333333333 0.17681498829039813 0.2125
4 0.5245901639344263 0.3958333333333333 0.477751756440281 0.26666666666666666
