10 0.82734375 0.8375 0.3421875 0.325
10 0.27265625 0.6777777777777778 0.0515625 0.12777777777777777
17 0.8296875 0.6833333333333333 0.340625 0.40555555555555556
4 0.8640625 0.49027777777777776 0.271875 0.3138888888888889
4 0.625 0.42777777777777776 0.159375 0.12222222222222222
4 0.48359375 0.44027777777777777 0.1140625 0.125
11 0.6234375 0.5680555555555555 0.209375 0.20277777777777778
5 0.48125 0.7111111111111111 0.28125 0.37222222222222223
5 0.340625 0.55 0.09375 0.1388888888888889
5 0.05234375 0.5180555555555556 0.0921875 0.08611111111111111
5 0.1203125 0.5013888888888889 0.053125 0.058333333333333334
5 0.16015625 0.4875 0.0421875 0.05277777777777778
5 0.23125 0.49166666666666664 0.040625 0.044444444444444446
11 0.41796875 0.4597222222222222 0.0453125 0.058333333333333334
11 0.34765625 0.45555555555555555 0.0390625 0.05555555555555555
