5 0.09016393442622951 0.771875 0.17798594847775176 0.34375
5 0.9332552693208431 0.8875 0.13348946135831383 0.21666666666666667
5 0.8062060889929742 0.6229166666666667 0.1323185011709602 0.09583333333333334
5 0.525175644028103 0.6541666666666667 0.1252927400468384 0.1125
5 0.3881733021077283 0.6166666666666667 0.06206088992974239 0.07916666666666666
5 0.3155737704918033 0.5947916666666667 0.040983606557377046 0.052083333333333336
5 0.5421545667447307 0.5916666666666667 0.0468384074941452 0.0375
10 0.5368852459016393 0.8375 0.12060889929742388 0.25
10 0.32435597189695553 0.8552083333333333 0.1288056206088993 0.28958333333333336
10 0.22423887587822014 0.7875 0.07845433255269321 0.2625
10 0.265807962529274 0.6322916666666667 0.03278688524590164 0.08125
9 0.43266978922716626 0.596875 0.04800936768149883 0.07708333333333334
4 0.367096018735363 0.55625 0.02459016393442623 0.041666666666666664
17 0.9098360655737705 0.6072916666666667 0.07259953161592506 0.08958333333333333
9 0.3524590163934426 0.5802083333333333 0.03278688524590164 0.052083333333333336
