10 0.58046875 0.8236111111111111 0.1765625 0.3527777777777778
10 0.775 0.8319444444444445 0.159375 0.33611111111111114
10 0.403125 0.8194444444444444 0.071875 0.18888888888888888
13 0.04453125 0.7583333333333333 0.0859375 0.40555555555555556
17 0.14453125 0.5791666666666667 0.1015625 0.14166666666666666
5 0.21640625 0.5583333333333333 0.0640625 0.08888888888888889
5 0.26640625 0.5472222222222223 0.0546875 0.06111111111111111
17 0.9328125 0.8125 0.134375 0.375
17 0.7515625 0.6444444444444445 0.16875 0.2833333333333333
17 0.859375 0.6277777777777778 0.109375 0.2388888888888889
4 0.95703125 0.48333333333333334 0.0859375 0.3055555555555556
5 0.54921875 0.6680555555555555 0.1703125 0.23055555555555557
5 0.459375 0.5597222222222222 0.05625 0.08055555555555556
11 0.63125 0.5791666666666667 0.09375 0.1527777777777778
11 0.77734375 0.49027777777777776 0.1453125 0.058333333333333334
4 0.628125 0.4652777777777778 0.14375 0.11388888888888889
4 0.80625 0.44583333333333336 0.2125 0.11388888888888889
