17 0.8384074941451991 0.8072916666666666 0.3231850117096019 0.38125
17 0.6276346604215457 0.68125 0.20608899297423888 0.3333333333333333
17 0.474824355971897 0.553125 0.04332552693208431 0.10208333333333333
3 0.2066744730679157 0.86875 0.04332552693208431 0.24583333333333332
10 0.3659250585480094 0.81875 0.11358313817330211 0.35833333333333334
10 0.27634660421545665 0.7197916666666667 0.04918032786885246 0.13958333333333334
19 0.8501170960187353 0.58125 0.2505854800936768 0.19583333333333333
4 0.6885245901639344 0.4875 0.18266978922716628 0.08333333333333333
5 0.7552693208430913 0.640625 0.10070257611241218 0.19375
16 0.303864168618267 0.5635416666666667 0.05503512880562061 0.09791666666666667
4 0.3337236533957845 0.49895833333333334 0.07259953161592506 0.12708333333333333
17 0.382903981264637 0.5802083333333333 0.08196721311475409 0.13958333333333334
11 0.41159250585480095 0.5208333333333334 0.09250585480093677 0.14166666666666666
9 0.5450819672131147 0.5416666666666666 0.10889929742388758 0.10416666666666667
