4 0.937890625 0.6548611111111111 0.12265625 0.12916666666666668
4 0.802734375 0.6479166666666667 0.08359375 0.0763888888888889
4 0.744140625 0.6451388888888889 0.03984375 0.059722222222222225
4 0.701171875 0.64375 0.03359375 0.05138888888888889
4 0.673046875 0.6423611111111112 0.02265625 0.0375
4 0.650390625 0.6388888888888888 0.02265625 0.03611111111111111
18 0.614453125 0.6333333333333333 0.04140625 0.05277777777777778
11 0.350390625 0.5951388888888889 0.07890625 0.13472222222222222
13 0.41875 0.6333333333333333 0.0125 0.030555555555555555
10 0.21796875 0.6145833333333334 0.0265625 0.0375
