9 0.8618266978922716 0.6635416666666667 0.2576112412177986 0.3104166666666667
5 0.4484777517564403 0.5541666666666667 0.07962529274004684 0.08333333333333333
10 0.6510538641686182 0.6104166666666667 0.03278688524590164 0.0875
10 0.6001170960187353 0.5854166666666667 0.02224824355971897 0.07916666666666666
10 0.572599531615925 0.5802083333333333 0.02107728337236534 0.05625
4 0.5169789227166276 0.5125 0.04566744730679157 0.075
5 0.5591334894613583 0.5354166666666667 0.01522248243559719 0.0375
17 0.6176814988290398 0.546875 0.02224824355971897 0.06458333333333334
5 0.6990632318501171 0.5375 0.0234192037470726 0.025
5 0.7704918032786885 0.5541666666666667 0.04918032786885246 0.0375
5 0.5843091334894613 0.525 0.01639344262295082 0.025
