9 0.7224824355971897 0.7729166666666667 0.5550351288056206 0.45
10 0.3009367681498829 0.8208333333333333 0.10304449648711944 0.25416666666666665
10 0.040983606557377046 0.846875 0.07962529274004684 0.3020833333333333
10 0.18266978922716628 0.8416666666666667 0.0585480093676815 0.16666666666666666
5 0.48711943793911006 0.6864583333333333 0.15456674473067916 0.13958333333333334
5 0.19730679156908665 0.665625 0.09718969555035128 0.13958333333333334
5 0.26756440281030447 0.6375 0.06908665105386416 0.09166666666666666
5 0.32201405152224827 0.63125 0.05620608899297424 0.07083333333333333
5 0.3395784543325527 0.6010416666666667 0.04215456674473068 0.035416666666666666
5 0.3870023419203747 0.5927083333333333 0.03161592505854801 0.03125
5 0.17388758782201405 0.6052083333333333 0.04800936768149883 0.04791666666666667
4 0.16920374707259953 0.5552083333333333 0.04800936768149883 0.05625
19 0.4502341920374707 0.590625 0.05503512880562061 0.03958333333333333
5 0.5556206088992974 0.6135416666666667 0.05269320843091335 0.04791666666666667
