18 0.61171875 0.6361111111111111 0.040625 0.041666666666666664
18 0.567578125 0.6368055555555555 0.02265625 0.029166666666666667
18 0.926953125 0.6347222222222222 0.11015625 0.11388888888888889
4 0.74765625 0.6395833333333333 0.0953125 0.07361111111111111
5 0.040234375 0.6194444444444445 0.07890625 0.09722222222222222
11 0.143359375 0.6111111111111112 0.08046875 0.09166666666666666
11 0.219140625 0.6131944444444445 0.07109375 0.07361111111111111
11 0.274609375 0.6118055555555556 0.04296875 0.06527777777777778
9 0.3125 0.6194444444444445 0.0296875 0.03888888888888889
18 0.3484375 0.6166666666666667 0.0375 0.044444444444444446
4 0.414453125 0.6166666666666667 0.01171875 0.022222222222222223
18 0.495703125 0.6236111111111111 0.02109375 0.025
19 0.5296875 0.6381944444444444 0.015625 0.0125
