0 0.81556 0.787868 0.117843 0.422191
2 0.170426 0.630702 0.340549 0.281496
0 0.922028 0.605557 0.0648117 0.305358
0 0.0851085 0.71869 0.135592 0.49055
0 0.835636 0.579279 0.0641964 0.220778
0 0.365316 0.768777 0.111726 0.458371
2 0.672051 0.526226 0.157796 0.146306
1 0.664982 0.688173 0.101684 0.17403
2 0.731536 0.487106 0.0878683 0.122853
2 0.527465 0.475554 0.0953474 0.113447
1 0.569194 0.636826 0.0971553 0.170162
0 0.95765 0.565838 0.0440599 0.220883
0 0.678714 0.598372 0.0668696 0.255273
2 0.789631 0.464587 0.0475387 0.0808533
2 0.598757 0.480464 0.147511 0.126442
2 0.829855 0.48332 0.0737368 0.0896341
0 0.578467 0.574825 0.0538372 0.222425
2 0.194796 0.45737 0.296741 0.177962
1 0.12276 0.829302 0.244883 0.313755
3 0.427188 0.687074 0.0866897 0.191758
