0 0.783231 0.636183 0.0737383 0.340386
0 0.949873 0.768612 0.0995766 0.459273
2 0.65356 0.489873 0.10484 0.14318
0 0.655177 0.75543 0.0972124 0.486281
0 0.0497796 0.654373 0.0992675 0.377529
2 0.804477 0.483698 0.111545 0.105167
1 0.412136 0.769772 0.20077 0.319567
0 0.425217 0.646796 0.109567 0.3488
0 0.946754 0.541067 0.0535656 0.213666
0 0.90595 0.521766 0.0363804 0.204854
2 0.724822 0.464911 0.0649001 0.102928
2 0.437257 0.459691 0.217043 0.127918
2 0.431554 0.563305 0.307722 0.201237
2 0.0188257 0.474288 0.0375112 0.233372
3 0.077073 0.773751 0.153426 0.229241
1 0.102637 0.50498 0.0596809 0.0995447
1 0.355475 0.696967 0.0980296 0.208645
