1 0.389397 0.826452 0.194385 0.296255
2 0.238555 0.577093 0.338363 0.312842
0 0.814099 0.659033 0.0770475 0.311352
2 0.42798 0.587443 0.199372 0.263137
0 0.581163 0.759201 0.0952675 0.481599
0 0.396511 0.683238 0.106789 0.36697
0 0.907526 0.580515 0.0427084 0.21032
2 0.594905 0.473894 0.13302 0.14278
0 0.736046 0.562188 0.0547587 0.235417
0 0.641061 0.56397 0.0559887 0.220757
1 0.731997 0.645616 0.0700703 0.162359
1 0.0524006 0.879691 0.104138 0.233937
2 0.975112 0.473183 0.0490065 0.0808553
0 0.470199 0.578116 0.0381479 0.164877
0 0.869489 0.539267 0.0368942 0.217917
3 0.0452067 0.501586 0.0886693 0.084915
1 0.644033 0.63016 0.0692125 0.135548
2 0.701265 0.470385 0.0481155 0.0745466
2 0.924675 0.46019 0.0378857 0.0568117
