1 0.158625 0.799046 0.282212 0.293296
0 0.859783 0.659353 0.077644 0.361439
0 0.542114 0.79762 0.11059 0.399655
2 0.461264 0.566557 0.244155 0.200836
0 0.183574 0.662625 0.107495 0.357156
0 0.930368 0.596526 0.0577591 0.248267
0 0.46198 0.63921 0.0919203 0.375978
1 0.764201 0.613166 0.0461924 0.157322
1 0.444106 0.781202 0.163931 0.284867
2 0.398328 0.473438 0.207633 0.189435
1 0.665913 0.604392 0.0738211 0.131367
3 0.13034 0.475257 0.0654478 0.0781649
0 0.672688 0.540121 0.0507397 0.17582
0 0.768565 0.552302 0.0495632 0.207744
1 0.589376 0.624539 0.0653343 0.166207
2 0.775451 0.510593 0.149415 0.112058
2 0.682332 0.479716 0.121193 0.111731
2 0.207327 0.436188 0.0685168 0.0725763
2 0.659914 0.48153 0.0763612 0.116608
2 0.813694 0.50917 0.0705376 0.107306
1 0.269791 0.511096 0.0509479 0.0899389
