0 0.77276 0.709079 0.0977564 0.449395
0 0.126418 0.825487 0.111939 0.348809
0 0.888048 0.615732 0.0589729 0.28574
0 0.205229 0.616153 0.0632076 0.232851
0 0.499734 0.600693 0.0743311 0.278888
2 0.162225 0.62781 0.296688 0.329192
1 0.492276 0.700066 0.137215 0.20254
1 0.613243 0.687629 0.129021 0.175378
2 0.536052 0.472083 0.16298 0.171621
0 0.627568 0.590125 0.0731602 0.285122
2 0.739933 0.459858 0.0950987 0.0840062
0 0.959311 0.556461 0.0419838 0.189286
0 0.827518 0.514936 0.0556194 0.154238
0 0.915064 0.507843 0.0418703 0.132744
7 0.115712 0.428458 0.227897 0.153447
1 0.831634 0.570151 0.0438705 0.124201
