0 0.650529 0.724607 0.18357 0.544388
2 0.379702 0.608378 0.500031 0.431901
2 0.123098 0.44734 0.24532 0.237178
2 0.622895 0.382372 0.170654 0.153178
2 0.821191 0.611786 0.315911 0.469485
2 0.942223 0.406218 0.114434 0.257927
2 0.737339 0.411716 0.189352 0.171513
2 0.358725 0.456978 0.364209 0.223028
2 0.867847 0.349732 0.09543 0.0824403
2 0.821667 0.315794 0.103387 0.062075
2 0.692119 0.304519 0.120994 0.0838353
2 0.249721 0.32964 0.136257 0.0886994
0 0.0461284 0.300347 0.0229782 0.0806714
2 0.370768 0.339304 0.150253 0.116062
2 0.542089 0.346679 0.11777 0.0890866
