2 0.769867 0.668357 0.458218 0.636517
2 0.400427 0.343959 0.145573 0.220203
2 0.46758 0.248589 0.0594603 0.0851589
2 0.943102 0.309838 0.112775 0.10337
0 0.589207 0.336653 0.0398244 0.245895
0 0.659961 0.267153 0.035005 0.153977
7 0.122697 0.330757 0.245034 0.258314
0 0.855693 0.279395 0.0479301 0.153764
0 0.518578 0.309693 0.0302712 0.192197
0 0.540422 0.309692 0.0293301 0.208406
2 0.354561 0.257339 0.0943793 0.111484
0 0.759268 0.280837 0.0465422 0.183972
0 0.639624 0.251895 0.0288408 0.173885
0 0.559975 0.321807 0.0262571 0.224517
