2 0.417526 0.649572 0.820089 0.686169
2 0.142843 0.572939 0.2848 0.449031
2 0.282076 0.256632 0.161275 0.12084
2 0.392634 0.24177 0.0548023 0.0810531
0 0.1831 0.217391 0.0251176 0.118133
2 0.741786 0.396187 0.187933 0.26742
2 0.51915 0.305078 0.207053 0.0825865
2 0.627093 0.285965 0.0946341 0.0653068
2 0.837614 0.288009 0.0746967 0.122117
0 0.516978 0.229586 0.0210174 0.0796312
3 0.97438 0.336581 0.03228 0.0776156
0 0.445701 0.242187 0.020409 0.0850749
0 0.164854 0.214617 0.0184839 0.118263
7 0.535068 0.196151 0.10391 0.105113
5 0.533019 0.195951 0.105942 0.105753
