2 0.919233 0.369982 0.160569 0.243304
2 0.207431 0.385894 0.280335 0.32731
0 0.63931 0.438229 0.102914 0.393879
2 0.413419 0.277534 0.0937601 0.147429
0 0.3708 0.394403 0.107766 0.332007
1 0.613325 0.526816 0.111105 0.29092
7 0.103415 0.281407 0.20656 0.328427
0 0.729503 0.300356 0.0411904 0.246461
0 0.509179 0.276305 0.0300154 0.178863
0 0.640524 0.225977 0.0564732 0.149848
0 0.489543 0.265189 0.0231085 0.156809
2 0.464828 0.221905 0.0440959 0.0727818
0 0.818646 0.32297 0.0383049 0.250638
3 0.77704 0.414021 0.0490015 0.186419
