0 0.444833 0.683277 0.277909 0.622648
2 0.936707 0.372724 0.125529 0.242818
2 0.516036 0.44608 0.325724 0.377311
7 0.0996493 0.287011 0.197914 0.566424
0 0.642726 0.250743 0.0336136 0.181581
2 0.383078 0.244828 0.0808004 0.0985249
1 0.39242 0.876529 0.186273 0.234479
2 0.483932 0.22969 0.0533781 0.0650072
0 0.721633 0.272122 0.0360367 0.179013
3 0.808437 0.418484 0.0550312 0.203851
0 0.591155 0.278113 0.0371862 0.136547
0 0.759247 0.311598 0.0473873 0.249547
2 0.261061 0.285589 0.146988 0.184584
