2 0.928086 0.36675 0.143001 0.238222
2 0.107708 0.52661 0.214313 0.512524
0 0.337931 0.489107 0.184255 0.460613
2 0.403082 0.302443 0.118114 0.189089
0 0.666515 0.505734 0.126959 0.475594
7 0.145056 0.244819 0.289367 0.294708
1 0.641973 0.620549 0.0827501 0.356833
2 0.467659 0.221606 0.0583541 0.0744513
3 0.327754 0.604991 0.141856 0.386347
3 0.790229 0.41214 0.0536064 0.189337
0 0.745494 0.297772 0.0459124 0.243616
0 0.52557 0.274138 0.0266254 0.177029
0 0.569575 0.338288 0.0461571 0.294783
0 0.631872 0.242931 0.0383879 0.184908
