0 0.624674 0.643638 0.1785 0.680737
2 0.933314 0.375958 0.132365 0.23759
2 0.411168 0.363549 0.162204 0.257303
0 0.0696178 0.669232 0.13904 0.640736
1 0.568456 0.768411 0.137619 0.454852
2 0.318466 0.261776 0.118808 0.152612
0 0.179829 0.643778 0.133884 0.601295
7 0.13433 0.294245 0.267892 0.39012
0 0.753752 0.311851 0.0453835 0.25022
0 0.576782 0.347405 0.0518711 0.287272
2 0.469209 0.272647 0.0787203 0.133139
0 0.633018 0.251178 0.0435081 0.177944
0 0.538195 0.284627 0.0287566 0.184164
2 0.555623 0.210645 0.0394583 0.0664328
2 0.402949 0.216298 0.0581112 0.0477523
