2 0.738371 0.288034 0.420542 0.463395
0 0.248851 0.590412 0.139413 0.591538
2 0.457902 0.0742789 0.157293 0.11788
0 0.968019 0.158616 0.063446 0.228983
0 0.542345 0.0690636 0.0248661 0.122884
2 0.230164 0.564757 0.458637 0.834249
2 0.207393 0.0741828 0.0867494 0.142809
0 0.351246 0.0468835 0.022367 0.093767
3 0.0552582 0.0976577 0.0883969 0.0989608
0 0.209734 0.0795185 0.0301977 0.140371
2 0.639919 0.0533794 0.0595967 0.100998
7 0.232949 0.563976 0.46357 0.841836
0 0.139672 0.0843443 0.0386591 0.151665
