2 0.667639 0.698929 0.545291 0.581157
2 0.154364 0.733656 0.307201 0.480864
2 0.166451 0.489533 0.332699 0.198959
2 0.937484 0.404239 0.123946 0.245772
2 0.569267 0.405863 0.213334 0.173398
2 0.759797 0.384407 0.171966 0.0994241
2 0.866383 0.376252 0.10535 0.127788
2 0.326861 0.391487 0.162205 0.181481
2 0.446438 0.323672 0.0745821 0.0929942
0 0.0440362 0.340527 0.0306177 0.0937168
2 0.213489 0.295295 0.0422253 0.0675643
2 0.0292743 0.401561 0.0583571 0.0816488
2 0.690984 0.333439 0.125001 0.125072
