2 0.912018 0.397453 0.138766 0.177241
2 0.953904 0.494355 0.0921032 0.207899
0 0.618972 0.79721 0.105965 0.402976
0 0.722629 0.650322 0.0891967 0.407674
0 0.823746 0.480498 0.042263 0.218578
0 0.777023 0.509904 0.0623419 0.243788
0 0.220465 0.514872 0.0646199 0.121638
5 0.729112 0.312818 0.170978 0.168846
2 0.842646 0.354443 0.0643143 0.0910032
2 0.97625 0.342645 0.0466671 0.10357
0 0.727214 0.409962 0.0390406 0.0893099
3 0.786771 0.572376 0.0476377 0.135758
2 0.669131 0.414433 0.0821171 0.102783
