5 0.734104 0.31522 0.169031 0.191985
0 0.725708 0.656966 0.0971384 0.426384
0 0.859209 0.773359 0.0923245 0.448521
2 0.91941 0.390446 0.148236 0.174992
0 0.127307 0.795281 0.082016 0.404944
0 0.823953 0.444535 0.0380955 0.189624
2 0.983189 0.503608 0.033165 0.156256
0 0.781553 0.494463 0.0648619 0.222568
0 0.860164 0.462711 0.0455107 0.186231
2 0.846589 0.342906 0.0639744 0.0778269
3 0.783311 0.558867 0.061471 0.140604
0 0.315602 0.653726 0.0769409 0.405541
2 0.67085 0.413678 0.0811623 0.107855
2 0.978208 0.3309 0.0433182 0.10562
