0 0.749903 0.716855 0.107226 0.488671
0 0.952892 0.528581 0.0685349 0.273706
5 0.73883 0.337226 0.174422 0.213814
0 0.174226 0.820424 0.124251 0.356405
2 0.924788 0.400244 0.137575 0.176357
0 0.479371 0.777318 0.0918017 0.440775
0 0.842402 0.478244 0.0509403 0.221856
3 0.788192 0.557695 0.0520012 0.131147
0 0.431573 0.818601 0.090136 0.359646
0 0.782397 0.481981 0.0595636 0.19875
2 0.981007 0.347203 0.0372496 0.106534
2 0.852874 0.349228 0.0607628 0.0805313
0 0.70912 0.511539 0.0447161 0.199076
0 0.713737 0.418984 0.049999 0.107979
