0 0.749912 0.718316 0.106912 0.479143
0 0.950634 0.529021 0.0693371 0.272607
5 0.738286 0.335669 0.174514 0.210717
2 0.924994 0.400599 0.138592 0.176084
0 0.475248 0.777071 0.0943201 0.442627
0 0.173923 0.822069 0.0990858 0.35361
0 0.840258 0.47785 0.0515966 0.223954
3 0.788343 0.557882 0.0509123 0.131763
0 0.427642 0.821176 0.0818981 0.355068
0 0.781759 0.484441 0.0599204 0.199606
0 0.71392 0.420359 0.0500116 0.110654
2 0.980568 0.346016 0.0382168 0.106312
2 0.852551 0.350241 0.0608044 0.0779098
0 0.708856 0.502276 0.0442392 0.182176
