2 0.931579 0.48029 0.136333 0.214419
5 0.725588 0.316896 0.172191 0.189881
0 0.383464 0.802266 0.110772 0.391794
2 0.904765 0.38532 0.136456 0.156945
0 0.7149 0.633684 0.0827437 0.397951
0 0.769602 0.500642 0.062321 0.225128
2 0.840141 0.353695 0.061668 0.0974235
0 0.656854 0.536878 0.0456978 0.245631
0 0.299308 0.488146 0.0567773 0.131586
2 0.973346 0.326788 0.052751 0.0942003
0 0.792781 0.428653 0.0351611 0.12988
2 0.664269 0.41333 0.0820028 0.111067
26 0.699357 0.576433 0.0569678 0.158675
0 0.190234 0.513642 0.0639379 0.13282
0 0.0563428 0.536276 0.0509906 0.134752
