5 0.736864 0.329623 0.173832 0.197994
0 0.747053 0.701106 0.0908291 0.469606
0 0.320731 0.831455 0.0913396 0.333332
0 0.102178 0.821704 0.110407 0.35537
2 0.922456 0.399394 0.136806 0.175705
0 0.830343 0.471235 0.0386116 0.214579
0 0.398283 0.768228 0.0945778 0.420613
0 0.936939 0.51335 0.0434479 0.267277
3 0.789181 0.560516 0.0527429 0.128233
2 0.85177 0.353851 0.0610451 0.0852739
0 0.0270196 0.556656 0.0533662 0.147562
0 0.784868 0.498079 0.0617716 0.222899
0 0.710962 0.414638 0.0445904 0.102954
0 0.970385 0.479183 0.039591 0.21191
0 0.708713 0.525671 0.0471438 0.232176
2 0.98018 0.341151 0.0388222 0.101089
