2 0.235122 0.736461 0.469132 0.503261
2 0.792116 0.43638 0.104977 0.118697
2 0.654091 0.493283 0.14511 0.208108
2 0.354948 0.534629 0.313806 0.304668
0 0.97159 0.546291 0.0561825 0.28754
2 0.860188 0.412633 0.052162 0.101536
2 0.225769 0.368074 0.0939937 0.0940759
0 0.0602307 0.359644 0.0190766 0.118248
0 0.238805 0.394916 0.029541 0.117606
2 0.897812 0.398102 0.0327328 0.0603256
0 0.742327 0.413567 0.0278522 0.134736
2 0.597331 0.382055 0.0442346 0.0635453
0 0.921896 0.411103 0.04098 0.114822
0 0.17689 0.361553 0.0266791 0.105242
0 0.493086 0.36057 0.0192251 0.072628
0 0.0895884 0.361746 0.0183232 0.0905771
2 0.984894 0.405719 0.0294102 0.0670965
