2 0.642567 0.582001 0.354775 0.375064
2 0.910457 0.449571 0.122711 0.23003
7 0.0533443 0.454784 0.105924 0.280283
9 0.19947 0.105564 0.0351997 0.173785
2 0.253716 0.494553 0.104475 0.146164
7 0.429808 0.462412 0.263716 0.33842
2 0.309016 0.312271 0.044665 0.0590012
2 0.635115 0.312461 0.080641 0.0716287
2 0.983969 0.379152 0.0314747 0.0857133
2 0.845726 0.365389 0.127485 0.142693
0 0.518388 0.368843 0.0380762 0.0735201
0 0.764015 0.355806 0.0320328 0.110544
2 0.794685 0.316014 0.0514286 0.0634457
2 0.263945 0.316615 0.0579022 0.0569951
