2 0.921374 0.473974 0.155278 0.210392
0 0.722909 0.63444 0.0820288 0.390997
0 0.969037 0.686671 0.0613688 0.457258
5 0.725677 0.317196 0.17501 0.1882
0 0.31529 0.807997 0.110048 0.380913
2 0.90332 0.383953 0.13947 0.157927
0 0.653683 0.539773 0.0427603 0.248421
0 0.770691 0.507268 0.0622075 0.232886
2 0.83868 0.354189 0.0620125 0.0977014
2 0.972751 0.326019 0.0539095 0.0915276
2 0.663547 0.412663 0.0822212 0.107637
0 0.69037 0.4948 0.0386168 0.174791
0 0.186793 0.516904 0.0646283 0.132423
0 0.285598 0.496631 0.0595726 0.132236
