2 0.209406 0.773522 0.416138 0.433849
2 0.139424 0.505562 0.278655 0.223026
0 0.916186 0.703939 0.165433 0.576788
2 0.503102 0.505484 0.24659 0.22322
2 0.269398 0.448265 0.190305 0.162558
2 0.946746 0.431606 0.106432 0.139532
0 0.0699801 0.360834 0.0368758 0.0791764
2 0.635116 0.334721 0.0778921 0.0738456
2 0.762939 0.565692 0.199982 0.357432
9 0.196382 0.125394 0.0350668 0.171573
5 0.968406 0.243011 0.0620081 0.128689
2 0.927124 0.335517 0.0783413 0.0744488
2 0.875601 0.390464 0.0629307 0.0868683
