2 0.897828 0.448545 0.20358 0.18411
5 0.725936 0.316057 0.17551 0.205695
0 0.732279 0.61109 0.0895729 0.382286
0 0.815187 0.73072 0.0797691 0.517966
0 0.983933 0.745383 0.0315243 0.395334
0 0.313319 0.458549 0.0589323 0.15448
2 0.837073 0.342323 0.0585508 0.0944031
0 0.690569 0.551852 0.0471039 0.308735
2 0.97324 0.342182 0.0528585 0.137069
2 0.910532 0.343013 0.133453 0.0890052
0 0.259925 0.479428 0.054116 0.128584
0 0.723846 0.391521 0.035317 0.0885158
28 0.838796 0.838908 0.0611629 0.136807
0 0.139749 0.507435 0.0749355 0.132932
0 0.653597 0.532243 0.0384221 0.256929
0 0.773924 0.446504 0.0505341 0.129814
2 0.664233 0.402178 0.0769775 0.104828
