0 0.249726 0.783624 0.0869273 0.425744
5 0.735502 0.335165 0.174111 0.223709
0 0.722429 0.664219 0.0942291 0.433183
0 0.886237 0.494135 0.0451046 0.242278
2 0.918882 0.392466 0.152465 0.176789
0 0.0615516 0.86336 0.0892974 0.270882
0 0.781653 0.497588 0.06096 0.228895
2 0.849146 0.354434 0.0614342 0.0954232
0 0.802247 0.417437 0.033956 0.116996
0 0.861755 0.453092 0.0414963 0.201839
3 0.786623 0.559559 0.0450247 0.136957
26 0.709108 0.617411 0.0661943 0.183919
2 0.674266 0.41126 0.0805738 0.0954979
2 0.97941 0.336617 0.0402969 0.107251
