0 0.846166 0.682909 0.233694 0.627099
2 0.272266 0.681009 0.542367 0.555237
2 0.611125 0.387717 0.193485 0.159461
2 0.759878 0.644024 0.450627 0.523108
2 0.0993639 0.446869 0.197939 0.223443
2 0.735668 0.409208 0.193446 0.163586
2 0.530306 0.369151 0.129673 0.128304
2 0.946603 0.40395 0.105706 0.239367
0 0.306834 0.551544 0.0600575 0.117975
2 0.824692 0.317203 0.107717 0.0624908
2 0.339704 0.414039 0.292444 0.122537
2 0.695922 0.307319 0.118732 0.0941784
0 0.0717257 0.300787 0.0214123 0.0750479
2 0.873354 0.353217 0.100286 0.096622
0 0.0530043 0.298087 0.0188944 0.0772068
2 0.211811 0.284464 0.0426887 0.0678271
0 0.0163154 0.407748 0.0315125 0.0425461
