2 0.497279 0.553072 0.401249 0.347183
2 0.828129 0.591827 0.339797 0.414848
2 0.741504 0.427919 0.182377 0.174024
0 0.478429 0.648662 0.11186 0.54387
2 0.188153 0.434335 0.211632 0.193185
2 0.0734188 0.496316 0.146552 0.273706
2 0.646334 0.376869 0.151332 0.122229
2 0.943235 0.423757 0.112574 0.2723
2 0.262857 0.328022 0.133542 0.106663
2 0.690617 0.316369 0.121164 0.0822141
2 0.362476 0.375636 0.162805 0.155118
9 0.243045 0.089272 0.036611 0.164975
2 0.825224 0.331481 0.10092 0.0646449
2 0.869402 0.349928 0.096973 0.0648384
2 0.779006 0.286923 0.0582073 0.0603367
