2 0.919479 0.470631 0.160241 0.205831
0 0.298819 0.813182 0.132409 0.371929
0 0.725513 0.630728 0.0803778 0.386253
2 0.902361 0.381971 0.14089 0.151374
0 0.957294 0.689741 0.0849438 0.474745
5 0.725273 0.31966 0.176887 0.194
0 0.7715 0.507286 0.062276 0.232727
0 0.652862 0.539803 0.0415513 0.248447
2 0.837786 0.354115 0.0614941 0.0965379
3 0.787515 0.577864 0.0449873 0.139782
2 0.972688 0.326955 0.0538197 0.0898132
0 0.689719 0.497285 0.041637 0.18176
0 0.28156 0.496653 0.0630089 0.134422
2 0.66382 0.41256 0.0833753 0.107237
0 0.722959 0.405013 0.0369523 0.0848559
0 0.746702 0.378086 0.0271609 0.0912116
