5 0.734499 0.306948 0.175877 0.199463
2 0.896303 0.438908 0.1971 0.179927
0 0.967082 0.751555 0.0650661 0.4892
0 0.718678 0.735006 0.176357 0.506747
2 0.925005 0.348034 0.133946 0.108166
0 0.235655 0.474421 0.0845679 0.127857
0 0.78701 0.481727 0.0559317 0.22196
2 0.844858 0.328522 0.0558697 0.0764187
2 0.979323 0.326168 0.0413538 0.105561
0 0.754927 0.734536 0.101129 0.50183
2 0.673933 0.387321 0.0786261 0.0948908
0 0.733352 0.387627 0.0366831 0.0881873
0 0.344646 0.591213 0.0921507 0.454644
0 0.698213 0.491569 0.0509354 0.20169
