2 0.291385 0.71817 0.582771 0.539273
2 0.666277 0.494799 0.138118 0.183352
2 0.803474 0.449353 0.100315 0.113258
0 0.969885 0.5637 0.0591213 0.284164
2 0.581147 0.399222 0.0715916 0.0783696
2 0.458866 0.479153 0.223103 0.175139
2 0.872609 0.425861 0.0528465 0.0987932
0 0.261016 0.4104 0.0249926 0.106759
2 0.906933 0.416682 0.0270906 0.0604589
0 0.743625 0.431244 0.0263906 0.121598
2 0.234393 0.384456 0.109046 0.0961656
0 0.173608 0.378652 0.0251243 0.103828
0 0.279325 0.387285 0.0188898 0.0913228
