2 0.193295 0.815488 0.385396 0.349232
2 0.490319 0.510339 0.137296 0.156046
2 0.909133 0.486534 0.119542 0.152905
2 0.779507 0.518816 0.0724619 0.164618
2 0.619098 0.559476 0.293369 0.317291
2 0.268976 0.441984 0.109377 0.0954562
3 0.661505 0.865838 0.148653 0.263762
2 0.836723 0.443877 0.056427 0.0918187
0 0.984324 0.56045 0.0307613 0.237051
0 0.66458 0.75897 0.147794 0.460159
2 0.408196 0.422709 0.10673 0.108265
0 0.202706 0.438705 0.0227629 0.112626
2 0.085128 0.531977 0.169635 0.19713
0 0.392471 0.466831 0.0297639 0.121222
