0 0.936314 0.712953 0.123703 0.487601
2 0.915812 0.467979 0.167568 0.202566
0 0.734684 0.625063 0.0854341 0.379701
2 0.902624 0.370555 0.138183 0.127777
0 0.214076 0.820883 0.104078 0.354903
5 0.72493 0.316747 0.175055 0.190904
2 0.837356 0.353339 0.0610905 0.0959268
26 0.967743 0.808445 0.0626894 0.124964
3 0.783056 0.577694 0.0536129 0.145456
0 0.773558 0.511954 0.0637403 0.244229
0 0.653746 0.538643 0.0418356 0.248419
0 0.690725 0.504397 0.0394778 0.193526
0 0.275354 0.494068 0.059222 0.135006
2 0.972616 0.32874 0.0538576 0.0948069
2 0.662584 0.413455 0.0815006 0.110414
0 0.722206 0.407605 0.0364695 0.0913033
0 0.749645 0.392647 0.0278568 0.112551
0 0.340987 0.465767 0.0718084 0.159235
