0 0.742 0.744752 0.09767 0.494776
0 0.0625523 0.821422 0.104781 0.355611
0 0.282272 0.807709 0.0922792 0.379943
5 0.741991 0.329048 0.179634 0.197453
0 0.55807 0.812088 0.087487 0.372288
2 0.927491 0.403389 0.135268 0.177282
0 0.856367 0.490081 0.0419691 0.217771
0 0.783393 0.48535 0.0591295 0.202692
2 0.855578 0.360964 0.0606125 0.0929277
0 0.979293 0.536281 0.0409126 0.274253
26 0.743113 0.677434 0.074311 0.222982
3 0.788699 0.558434 0.0512684 0.13245
0 0.15554 0.529665 0.0700592 0.143281
0 0.709579 0.5091 0.0405628 0.178679
0 0.51786 0.765231 0.0455456 0.449376
0 0.714821 0.415487 0.042637 0.0945207
