2 0.897118 0.446002 0.205095 0.184285
5 0.725405 0.312345 0.174136 0.201224
0 0.795364 0.737781 0.109447 0.512812
0 0.731294 0.610844 0.0861974 0.378714
0 0.690035 0.55043 0.0483273 0.307324
0 0.982374 0.713139 0.0346205 0.331045
0 0.307666 0.457257 0.0514599 0.15688
2 0.836705 0.341229 0.0575447 0.0933016
2 0.911723 0.344655 0.135074 0.0897272
26 0.821131 0.855479 0.0666559 0.13627
2 0.973008 0.346104 0.0532911 0.146807
0 0.354908 0.456161 0.0533145 0.159803
0 0.724028 0.391837 0.0356514 0.0907054
0 0.773678 0.474505 0.0503324 0.185219
0 0.256241 0.479799 0.0537108 0.128201
0 0.0742323 0.519472 0.0817776 0.164983
0 0.354651 0.605102 0.0571352 0.458683
2 0.665916 0.401539 0.0794933 0.104072
0 0.655241 0.525039 0.0379109 0.245817
0 0.135784 0.505627 0.071805 0.126237
