2 0.573126 0.631598 0.41527 0.443188
2 0.890796 0.455985 0.131099 0.245803
2 0.977045 0.380253 0.045023 0.101816
0 0.0805899 0.396812 0.0435919 0.19407
2 0.631919 0.315383 0.0734043 0.070957
7 0.358359 0.48849 0.379634 0.377018
9 0.197831 0.11211 0.0342339 0.168666
7 0.0426316 0.392283 0.0846678 0.360634
0 0.44541 0.380878 0.042271 0.0799164
2 0.164495 0.324928 0.0390599 0.0674887
2 0.816487 0.370294 0.106651 0.146376
0 0.568998 0.314202 0.0155116 0.0718829
2 0.649965 0.386043 0.13622 0.0790329
0 0.339927 0.404325 0.0425729 0.101044
