2 0.770526 0.625505 0.406615 0.491576
2 0.320507 0.62107 0.552039 0.492074
2 0.619791 0.382919 0.184477 0.156048
2 0.942512 0.40272 0.114294 0.246317
0 0.74719 0.734009 0.133596 0.528089
2 0.738416 0.418412 0.196193 0.190008
2 0.530821 0.368145 0.138706 0.136547
2 0.870958 0.349039 0.0994448 0.0884028
0 0.0577617 0.296114 0.0226024 0.0757095
2 0.824661 0.312645 0.105481 0.0602743
2 0.113277 0.442691 0.225718 0.226239
0 0.399002 0.517578 0.0566951 0.109139
24 0.708534 0.661495 0.0912207 0.184759
7 0.0722319 0.250159 0.106936 0.160916
