2 0.801603 0.607708 0.363651 0.44169
2 0.133163 0.45595 0.265578 0.240452
2 0.441809 0.589472 0.448928 0.393839
2 0.938027 0.417319 0.122881 0.266416
2 0.738411 0.433321 0.18434 0.196707
0 0.557635 0.689281 0.114078 0.579453
2 0.633356 0.386994 0.159259 0.145851
2 0.36865 0.464774 0.31225 0.237112
2 0.375296 0.518443 0.323685 0.346421
9 0.239225 0.0859107 0.0348025 0.158778
2 0.686811 0.313896 0.125595 0.0855053
2 0.866395 0.352242 0.0954889 0.0761948
2 0.819687 0.328526 0.101745 0.0628554
2 0.369607 0.365145 0.141252 0.14476
