0 0.0490625 0.803947 0.0978853 0.388203
2 0.917452 0.397731 0.142043 0.17616
0 0.739429 0.790504 0.12498 0.416299
2 0.969857 0.49544 0.058852 0.184708
5 0.733375 0.319908 0.167154 0.189701
0 0.841045 0.485124 0.0478249 0.218912
0 0.278037 0.507916 0.0644035 0.127047
2 0.846232 0.350693 0.0629768 0.0851405
0 0.720814 0.634822 0.082221 0.381401
0 0.7774 0.497273 0.0583498 0.220627
3 0.78432 0.566857 0.0562334 0.141213
0 0.728307 0.407309 0.0365074 0.093383
2 0.977449 0.344746 0.0442261 0.11216
0 0.806955 0.444944 0.0341411 0.169029
2 0.669193 0.41728 0.0793043 0.107981
