0 0.640763 0.719821 0.171497 0.552921
2 0.12559 0.450352 0.250435 0.241847
2 0.388533 0.604381 0.488308 0.419906
2 0.813624 0.610541 0.331052 0.468159
2 0.625092 0.382777 0.172593 0.152985
2 0.941953 0.407157 0.114967 0.254899
2 0.736107 0.403562 0.182788 0.154847
2 0.341351 0.454563 0.32683 0.225563
2 0.866254 0.350206 0.0934353 0.0803897
2 0.821228 0.31549 0.103308 0.0591797
0 0.0447962 0.302658 0.0230479 0.0815221
2 0.691199 0.305662 0.121229 0.0825814
2 0.234973 0.328489 0.16585 0.0892857
2 0.543583 0.348669 0.124326 0.0895448
