2 0.807513 0.610468 0.341868 0.463584
0 0.62971 0.71186 0.150298 0.570434
2 0.126744 0.452454 0.252749 0.245233
2 0.388772 0.600574 0.464521 0.41607
2 0.623462 0.385232 0.16611 0.150675
2 0.941487 0.409537 0.115906 0.251801
2 0.739244 0.402331 0.175792 0.1463
2 0.356185 0.456869 0.335669 0.226971
2 0.68741 0.308398 0.125777 0.0837697
2 0.866008 0.350447 0.0939999 0.0812989
2 0.818724 0.318694 0.103156 0.0583505
9 0.240047 0.0809432 0.0327224 0.157921
0 0.0417471 0.305587 0.0205977 0.0816541
2 0.538993 0.347302 0.111229 0.0863572
2 0.229875 0.32665 0.177272 0.089133
