0 0.749257 0.716275 0.108383 0.487074
0 0.954718 0.529268 0.0665981 0.278294
5 0.738642 0.334792 0.175211 0.208242
2 0.924617 0.40113 0.138732 0.175515
0 0.441035 0.82261 0.0835535 0.351114
0 0.182809 0.819203 0.119906 0.359006
0 0.48547 0.774551 0.0813068 0.443995
0 0.842591 0.477577 0.0515183 0.224353
3 0.788349 0.55711 0.0505581 0.133542
0 0.782162 0.480271 0.0593027 0.194409
2 0.853471 0.352543 0.0606571 0.0812522
2 0.980695 0.347458 0.0379524 0.105856
0 0.714008 0.419808 0.0513862 0.107056
0 0.709045 0.50164 0.0444774 0.178717
0 0.0948075 0.707943 0.096652 0.494446
