2 0.918185 0.397469 0.146901 0.175733
0 0.699 0.785016 0.0881842 0.424536
0 0.0245788 0.810467 0.0487167 0.373308
2 0.964107 0.497139 0.0707453 0.194812
0 0.256726 0.513724 0.0601616 0.124012
3 0.782268 0.568879 0.0594368 0.138653
0 0.724275 0.591254 0.0781994 0.287423
5 0.731099 0.321279 0.172119 0.183242
0 0.83584 0.479382 0.0417307 0.216035
0 0.780925 0.501644 0.0636757 0.221356
2 0.844793 0.350815 0.0632866 0.086501
0 0.727755 0.405729 0.0376163 0.0924391
2 0.977005 0.344931 0.045142 0.110496
2 0.668474 0.416994 0.0780493 0.1064
0 0.695026 0.490883 0.0385139 0.16348
