2 0.928557 0.476849 0.141731 0.210509
2 0.905698 0.385293 0.138678 0.158602
5 0.724841 0.313385 0.171225 0.185228
0 0.368355 0.802208 0.0940464 0.390546
0 0.717898 0.631977 0.0865444 0.39538
0 0.769519 0.497748 0.0637766 0.221598
2 0.838983 0.353219 0.0626665 0.0968356
0 0.656462 0.537182 0.0461791 0.247276
0 0.789885 0.419883 0.0331011 0.120834
2 0.972967 0.327 0.0534918 0.090293
2 0.663282 0.412419 0.0799417 0.110223
0 0.295313 0.488519 0.0552633 0.134352
0 0.72497 0.406979 0.036731 0.0915546
0 0.975202 0.715939 0.0488777 0.39504
