2 0.797955 0.610176 0.362195 0.453349
2 0.392103 0.589073 0.42123 0.407944
2 0.129247 0.4541 0.25775 0.2449
0 0.604264 0.700422 0.121802 0.591556
2 0.937925 0.412937 0.123308 0.259257
2 0.627639 0.378652 0.162737 0.136613
2 0.350976 0.46087 0.313003 0.235668
2 0.740971 0.432772 0.175712 0.206489
9 0.238346 0.0827968 0.034625 0.159169
2 0.864105 0.353275 0.0937967 0.0811996
2 0.686882 0.309404 0.124537 0.0832727
2 0.546264 0.351226 0.108908 0.0823498
2 0.818228 0.32192 0.102985 0.059342
0 0.0355687 0.309738 0.0271949 0.0908655
