2 0.184664 0.821495 0.368369 0.337291
2 0.484954 0.509847 0.139725 0.157199
2 0.907967 0.485765 0.119362 0.153996
2 0.616017 0.560132 0.296871 0.319332
2 0.778185 0.518248 0.0738605 0.1644
0 0.651582 0.760023 0.157448 0.465334
3 0.64882 0.849102 0.161107 0.291156
0 0.983576 0.557705 0.0322701 0.241112
2 0.266907 0.440073 0.104679 0.0958282
2 0.835446 0.44291 0.0563978 0.091585
2 0.408316 0.421173 0.105353 0.108295
0 0.202785 0.43736 0.0221481 0.113289
2 0.0817869 0.540118 0.163043 0.214459
0 0.39282 0.466391 0.0298859 0.120137
