0 0.844837 0.769379 0.0986969 0.461241
0 0.725898 0.657313 0.0966993 0.426328
0 0.114781 0.79785 0.0920311 0.402736
5 0.734337 0.318409 0.169022 0.197605
2 0.921543 0.390201 0.142939 0.17395
0 0.857951 0.472401 0.049597 0.224024
2 0.981913 0.505448 0.0357048 0.150483
0 0.821656 0.443853 0.0377129 0.186843
2 0.847185 0.343849 0.0635719 0.0788311
3 0.781108 0.558362 0.0594696 0.14372
0 0.776307 0.489665 0.0576991 0.214705
2 0.670395 0.413493 0.0808446 0.107866
2 0.978066 0.332507 0.0435623 0.107919
