2 0.296004 0.718248 0.592007 0.539173
2 0.668301 0.495151 0.136575 0.18299
2 0.804582 0.450633 0.100866 0.112936
2 0.0594192 0.542948 0.117913 0.40534
0 0.969918 0.564565 0.0591335 0.285012
2 0.5788 0.401553 0.0701066 0.0793645
2 0.465181 0.473484 0.219098 0.165241
2 0.873823 0.426573 0.0545647 0.0963843
0 0.263451 0.411685 0.0247657 0.112504
2 0.908072 0.416958 0.0261509 0.0606009
2 0.22991 0.385907 0.101391 0.0949404
0 0.173524 0.37969 0.0243162 0.103765
0 0.743842 0.431538 0.0262602 0.124961
0 0.280356 0.387225 0.0189442 0.0926734
2 0.988358 0.428449 0.0224697 0.0844479
