2 0.908862 0.459815 0.180789 0.190142
0 0.893834 0.711492 0.123514 0.483296
0 0.111556 0.812877 0.155626 0.374245
0 0.742184 0.621787 0.0967197 0.379482
5 0.725801 0.317037 0.175754 0.192344
2 0.838414 0.351846 0.0611935 0.0941129
2 0.903593 0.363026 0.139001 0.113467
0 0.336017 0.46217 0.0666044 0.16385
0 0.721928 0.418804 0.0379023 0.120539
2 0.972923 0.332481 0.0535099 0.105512
0 0.655251 0.532516 0.0428854 0.247948
3 0.783479 0.575031 0.0537899 0.141554
26 0.935845 0.81411 0.0625675 0.133538
2 0.661747 0.411288 0.0779966 0.109423
