0 0.738059 0.742925 0.0977582 0.501714
0 0.117714 0.818965 0.107493 0.360111
2 0.929338 0.403402 0.136465 0.176975
0 0.32002 0.785198 0.108729 0.425943
0 0.862829 0.489719 0.0469214 0.224307
0 0.590848 0.806492 0.117058 0.385798
5 0.742027 0.335812 0.179136 0.211201
2 0.855534 0.361832 0.0607693 0.0989047
0 0.781069 0.486568 0.0606762 0.206229
0 0.535229 0.744068 0.0854866 0.433534
0 0.988876 0.558058 0.021693 0.257433
0 0.709454 0.500144 0.0421566 0.177323
0 0.182235 0.511004 0.0646748 0.165117
3 0.788935 0.556535 0.0499167 0.132506
26 0.742689 0.676752 0.0734012 0.232487
