2 0.213439 0.743653 0.424775 0.485674
2 0.790157 0.434487 0.106978 0.118999
2 0.650598 0.497204 0.151648 0.219991
0 0.97211 0.543093 0.055365 0.283577
2 0.858486 0.408124 0.0526062 0.109656
0 0.494305 0.35711 0.0176575 0.0771639
0 0.0610551 0.357289 0.0206554 0.118531
2 0.616536 0.375771 0.0610189 0.0685479
2 0.221873 0.36341 0.0855 0.094443
2 0.31264 0.540043 0.355902 0.3202
0 0.739297 0.405512 0.023142 0.129617
2 0.895867 0.396883 0.0333813 0.0619434
0 0.177924 0.357248 0.024691 0.105352
2 0.381035 0.341669 0.093473 0.0820541
0 0.090255 0.358149 0.0177824 0.0946709
2 0.672732 0.414148 0.089141 0.0877268
