2 0.905224 0.454165 0.189321 0.192593
0 0.0553604 0.823857 0.110621 0.349351
5 0.725139 0.313649 0.17603 0.193734
0 0.871235 0.718403 0.128666 0.483354
0 0.736637 0.61712 0.0891985 0.381919
2 0.836771 0.34638 0.0605549 0.0931229
0 0.332117 0.458881 0.0680134 0.163217
26 0.912187 0.825801 0.0663227 0.136039
0 0.773863 0.510265 0.0619425 0.248032
0 0.692859 0.55624 0.040493 0.314929
0 0.72205 0.402417 0.0363255 0.0940296
0 0.756506 0.396857 0.0408368 0.1286
0 0.251492 0.489758 0.0885234 0.138739
2 0.973089 0.329393 0.0531784 0.111056
2 0.905512 0.357532 0.14917 0.112286
0 0.174716 0.510695 0.0771305 0.125732
0 0.654218 0.527341 0.0437023 0.244858
2 0.909545 0.345924 0.129924 0.0869709
0 0.0387969 0.53877 0.0775565 0.141682
