2 0.888413 0.437271 0.197521 0.181881
5 0.723816 0.309383 0.176561 0.207024
0 0.76901 0.74244 0.0827177 0.505407
0 0.974241 0.746206 0.0506783 0.495677
0 0.716489 0.604246 0.0744555 0.377223
2 0.911827 0.34199 0.13428 0.104634
0 0.239491 0.486392 0.0522696 0.130829
2 0.972809 0.324561 0.0537487 0.11351
0 0.341058 0.604406 0.084405 0.467077
0 0.779051 0.483871 0.060948 0.218802
26 0.792831 0.873381 0.0556431 0.147571
2 0.83353 0.332797 0.056226 0.0861017
0 0.687059 0.546696 0.0524468 0.316904
0 0.723513 0.387823 0.0375746 0.0915183
0 0.687635 0.487143 0.0502779 0.201376
