2 0.392914 0.716484 0.608972 0.550095
2 0.963278 0.394636 0.0723595 0.116236
2 0.619017 0.437368 0.146617 0.150029
2 0.854292 0.479897 0.150389 0.266152
7 0.506355 0.320272 0.0808943 0.0895061
2 0.810741 0.378087 0.140479 0.159338
7 0.221668 0.541593 0.443153 0.468946
9 0.196574 0.118573 0.0364059 0.171938
0 0.275667 0.407608 0.0475235 0.104402
2 0.723917 0.313535 0.0809813 0.066426
0 0.235405 0.413639 0.0351412 0.104476
0 0.568614 0.568869 0.0386568 0.096756
2 0.629546 0.321368 0.0840096 0.0733994
