0 0.735107 0.740907 0.0957906 0.511472
0 0.863387 0.492152 0.0532713 0.230546
0 0.161223 0.808917 0.101741 0.37994
2 0.933674 0.399804 0.130441 0.178722
0 0.547647 0.699939 0.105603 0.373299
0 0.780556 0.490903 0.0635312 0.216457
0 0.346825 0.790981 0.0925262 0.415675
3 0.789068 0.555373 0.0484121 0.132334
5 0.777424 0.334058 0.108875 0.212414
0 0.708059 0.495146 0.0401261 0.184819
2 0.854378 0.360359 0.0579254 0.0973794
0 0.672316 0.543538 0.0477499 0.252393
26 0.7426 0.679139 0.0701487 0.236616
0 0.204039 0.51249 0.0688283 0.148868
