2 0.922715 0.47456 0.152844 0.211737
0 0.32347 0.802556 0.0998234 0.393394
0 0.722241 0.63457 0.0822967 0.3914
2 0.904407 0.385636 0.13987 0.158638
0 0.973996 0.68765 0.0514727 0.456395
5 0.725123 0.314327 0.174203 0.186591
0 0.654149 0.538922 0.0434395 0.247725
0 0.77036 0.507046 0.0607853 0.23447
2 0.83821 0.353928 0.0629028 0.0979418
2 0.97255 0.327297 0.0540234 0.0881264
0 0.78779 0.409587 0.0287519 0.102197
0 0.186946 0.516965 0.0642147 0.130343
0 0.690747 0.493811 0.0362781 0.178087
2 0.662907 0.412586 0.0807179 0.10849
3 0.782899 0.575844 0.0548597 0.140654
0 0.285657 0.496479 0.0641811 0.132669
0 0.724364 0.406862 0.0381629 0.0929755
