2 0.701102 0.696123 0.503927 0.584499
2 0.19861 0.465829 0.386283 0.175847
2 0.940094 0.407419 0.118703 0.253382
2 0.586652 0.400623 0.205132 0.168946
2 0.198235 0.697995 0.39584 0.477979
2 0.0533427 0.420831 0.106685 0.13355
2 0.34232 0.38139 0.150959 0.187983
2 0.870416 0.371346 0.104214 0.123835
2 0.827215 0.317048 0.107541 0.0578768
2 0.69705 0.323079 0.120626 0.115902
0 0.041689 0.324914 0.0292336 0.0655273
2 0.770637 0.381676 0.164842 0.0987306
2 0.214868 0.292799 0.0407079 0.0681002
0 0.0883706 0.316619 0.0315221 0.0827375
0 0.366399 0.363803 0.0211966 0.0592784
