2 0.345617 0.528696 0.417124 0.317306
2 0.188491 0.421719 0.326308 0.268585
2 0.168424 0.816345 0.335543 0.347697
0 0.763838 0.536319 0.0852091 0.317981
2 0.833636 0.466349 0.21592 0.23393
9 0.210563 0.0890728 0.035299 0.171192
2 0.518382 0.403258 0.145274 0.154617
0 0.0371907 0.32467 0.0241977 0.106455
0 0.0826519 0.335104 0.0285663 0.108509
2 0.975045 0.394512 0.0487659 0.166879
2 0.906968 0.34655 0.0990944 0.108165
7 0.669114 0.396469 0.179749 0.239524
0 0.393229 0.448586 0.0351199 0.0687742
