2 0.821496 0.599299 0.349078 0.42309
0 0.511896 0.674806 0.176888 0.550802
2 0.737992 0.430514 0.189247 0.171635
2 0.477127 0.563478 0.435583 0.375034
2 0.166789 0.442247 0.239811 0.195933
2 0.943052 0.428373 0.113041 0.264397
2 0.645088 0.386477 0.157859 0.13419
2 0.393205 0.470004 0.292285 0.234024
2 0.267926 0.322571 0.122951 0.0991188
3 0.0524889 0.561058 0.104337 0.386771
2 0.825401 0.333966 0.100358 0.0620099
7 0.0732727 0.273682 0.107859 0.174306
2 0.692645 0.317439 0.11673 0.0779992
2 0.361753 0.374106 0.166193 0.155646
