2 0.355307 0.69839 0.407841 0.42125
2 0.746138 0.54696 0.210603 0.240643
2 0.648603 0.467054 0.0779428 0.128656
2 0.878181 0.456639 0.0844873 0.0868902
2 0.199248 0.458705 0.112689 0.111278
2 0.35589 0.495156 0.371052 0.229006
2 0.258771 0.411886 0.10891 0.0726
0 0.977008 0.582168 0.045433 0.283292
2 0.577372 0.432302 0.075582 0.110708
2 0.377858 0.395714 0.0796662 0.0746177
0 0.0434474 0.42655 0.0253276 0.124732
2 0.936082 0.442718 0.0325134 0.0532827
0 0.063794 0.439105 0.0336329 0.11455
2 0.694129 0.492335 0.123635 0.16045
