0 0.749894 0.719932 0.10579 0.477556
0 0.94688 0.525793 0.0658085 0.273573
5 0.737956 0.33247 0.173886 0.203758
2 0.927087 0.40091 0.14315 0.177345
0 0.1568 0.821868 0.108999 0.356205
0 0.468052 0.781738 0.103179 0.432396
0 0.837638 0.476397 0.0495703 0.22213
0 0.0655931 0.547436 0.0855151 0.144095
3 0.78991 0.560288 0.0480124 0.130108
0 0.779932 0.474157 0.056566 0.176739
2 0.852394 0.353892 0.0604389 0.0835613
0 0.386203 0.830016 0.139012 0.336555
2 0.980419 0.344306 0.038526 0.103093
0 0.708979 0.503002 0.0452471 0.187385
2 0.670788 0.424105 0.0657633 0.11202
