0 0.748346 0.717354 0.108036 0.484387
5 0.739264 0.328013 0.176762 0.194251
0 0.968142 0.528385 0.0529369 0.284504
2 0.926418 0.401107 0.1406 0.175862
0 0.487064 0.820971 0.0821718 0.355589
0 0.224658 0.812861 0.102092 0.372739
0 0.845408 0.481666 0.0462761 0.217807
0 0.0225663 0.877119 0.0446204 0.237624
3 0.789685 0.557379 0.0468061 0.132148
2 0.853576 0.35481 0.0606533 0.0877559
0 0.782064 0.482035 0.0589058 0.200261
2 0.981368 0.347299 0.0366096 0.105252
0 0.500584 0.712937 0.0663714 0.357625
0 0.108879 0.536419 0.0811535 0.145298
0 0.709474 0.498955 0.0419155 0.174915
