2 0.894054 0.443555 0.207946 0.183371
5 0.72394 0.309318 0.174097 0.200811
0 0.726442 0.610545 0.0836603 0.38238
0 0.784807 0.746635 0.0851221 0.504293
0 0.689065 0.54896 0.0499731 0.306086
0 0.249099 0.481693 0.05365 0.127045
2 0.911063 0.347624 0.140078 0.0992106
2 0.834462 0.340501 0.0555515 0.092227
0 0.978345 0.674873 0.0428335 0.39707
0 0.349306 0.453419 0.0638935 0.160723
2 0.972321 0.333048 0.0546909 0.116098
28 0.804905 0.87677 0.0647373 0.151258
0 0.975739 0.73448 0.047879 0.515319
0 0.775891 0.447699 0.0575218 0.134289
0 0.304643 0.45553 0.0471914 0.15958
0 0.775899 0.475359 0.057423 0.192001
0 0.723038 0.390678 0.0363818 0.0898158
0 0.349912 0.602342 0.0652044 0.456284
0 0.653663 0.533155 0.0356768 0.263323
2 0.660799 0.400644 0.0722931 0.105343
