2 0.248148 0.731207 0.495196 0.51235
2 0.794878 0.439068 0.10267 0.119528
2 0.656202 0.491658 0.143785 0.204292
0 0.971694 0.549986 0.0557245 0.285158
2 0.862575 0.415364 0.0533566 0.101745
2 0.375059 0.531475 0.291113 0.29902
2 0.222506 0.37212 0.0869441 0.0949919
2 0.595562 0.386947 0.0519175 0.0727158
0 0.0603886 0.366718 0.0182666 0.11297
0 0.74326 0.417313 0.0275297 0.136121
0 0.24335 0.395025 0.0306583 0.114057
2 0.565673 0.359112 0.0317516 0.056273
0 0.176376 0.364656 0.0268921 0.105998
2 0.898608 0.40178 0.0301695 0.0606661
