2 0.368959 0.609064 0.510056 0.442858
0 0.665507 0.726252 0.189807 0.54041
2 0.121938 0.443802 0.243063 0.231889
2 0.623652 0.381762 0.17565 0.154752
2 0.942582 0.405065 0.11417 0.251134
2 0.737078 0.414248 0.186797 0.177965
2 0.808998 0.614059 0.337844 0.471779
2 0.868246 0.349719 0.0961893 0.0815727
2 0.821914 0.314724 0.1025 0.0594324
0 0.0484017 0.297879 0.022725 0.0771463
2 0.243073 0.328515 0.153714 0.0954719
2 0.540659 0.349922 0.120968 0.0971191
2 0.351259 0.457561 0.362279 0.219811
2 0.681959 0.303828 0.140196 0.0843232
