0 0.943883 0.705266 0.110923 0.481437
2 0.916705 0.468572 0.164852 0.206256
0 0.251504 0.817577 0.12169 0.359342
0 0.730598 0.62779 0.0844934 0.385727
5 0.725138 0.317855 0.17784 0.19133
2 0.902816 0.373289 0.138667 0.132954
0 0.771639 0.513546 0.0641941 0.245343
2 0.837074 0.352641 0.0612852 0.0951081
3 0.783004 0.578584 0.0542057 0.14608
0 0.652811 0.540445 0.0414413 0.250691
2 0.972706 0.327169 0.0537983 0.0914292
0 0.690067 0.501194 0.0414604 0.189356
0 0.722295 0.407106 0.0368467 0.0840953
2 0.662899 0.412623 0.0821758 0.10808
0 0.2765 0.497731 0.0621497 0.136159
0 0.748259 0.384768 0.0285906 0.100082
