0 0.744144 0.683151 0.0873781 0.453326
0 0.0515433 0.839169 0.102968 0.318246
5 0.7343 0.325541 0.17192 0.192242
0 0.365623 0.790017 0.0944493 0.416285
0 0.929936 0.51624 0.0539196 0.253808
2 0.924101 0.395402 0.145564 0.172911
0 0.785891 0.504841 0.0608804 0.238885
0 0.257581 0.844991 0.0999652 0.308925
0 0.82299 0.473325 0.0383327 0.207537
2 0.851265 0.354523 0.0612415 0.0879369
26 0.746631 0.62975 0.0659082 0.190765
0 0.712868 0.414994 0.0471703 0.104478
2 0.979671 0.33748 0.0400473 0.107329
0 0.667413 0.547582 0.0434877 0.252725
