5 0.734238 0.334206 0.173202 0.221392
0 0.261553 0.78336 0.0789163 0.432888
0 0.725015 0.665609 0.0985111 0.438143
0 0.889135 0.498067 0.0510443 0.241304
2 0.922259 0.393307 0.148068 0.175657
0 0.0861888 0.858573 0.0950929 0.279231
0 0.781694 0.496564 0.0575325 0.227833
26 0.709747 0.621286 0.0658235 0.190084
2 0.848633 0.352748 0.0614323 0.0906036
0 0.80391 0.422319 0.0347416 0.119383
2 0.673045 0.414108 0.0782543 0.0999035
2 0.979388 0.335815 0.0403194 0.105499
0 0.727417 0.4116 0.0379148 0.0879919
3 0.786687 0.560304 0.0399023 0.135518
