0 0.745959 0.720541 0.103041 0.484449
0 0.0338756 0.827827 0.0674512 0.336611
5 0.741533 0.327492 0.175173 0.193367
0 0.504161 0.819722 0.0870407 0.359753
0 0.976984 0.533947 0.0455753 0.276797
2 0.923298 0.401451 0.133649 0.176377
0 0.242014 0.811366 0.0981434 0.376534
0 0.848656 0.482049 0.0453304 0.217096
3 0.787832 0.556981 0.0508448 0.131218
2 0.853702 0.354616 0.060183 0.0879589
0 0.783794 0.486136 0.0573662 0.20741
0 0.501736 0.649943 0.0771353 0.249586
2 0.981639 0.348114 0.0360783 0.106607
0 0.120651 0.533661 0.082359 0.143234
0 0.711364 0.499262 0.0450861 0.174494
