5 0.725165 0.309858 0.177331 0.191385
2 0.902971 0.451763 0.193493 0.189392
0 0.0294069 0.811878 0.058298 0.36742
0 0.735062 0.615543 0.0915686 0.38114
2 0.836422 0.345625 0.0598484 0.0947722
0 0.777751 0.512712 0.0581148 0.254635
0 0.843416 0.727064 0.13475 0.489851
2 0.973195 0.328745 0.0529766 0.110704
0 0.722633 0.399339 0.0366919 0.0910865
28 0.889625 0.83853 0.0709324 0.140976
0 0.265494 0.481866 0.0553649 0.128604
2 0.906913 0.343064 0.142252 0.0838462
0 0.654282 0.530154 0.042617 0.252442
0 0.165918 0.510629 0.0740357 0.120212
0 0.692637 0.55612 0.0413208 0.316092
0 0.0456654 0.531023 0.090975 0.165238
2 0.664951 0.405156 0.0789368 0.105486
0 0.754461 0.394441 0.0362696 0.125049
