5 0.734242 0.33664 0.172502 0.220337
0 0.734592 0.675549 0.100084 0.447785
2 0.921874 0.395181 0.14962 0.174771
0 0.291259 0.785936 0.0729017 0.428128
0 0.89486 0.502455 0.0543465 0.242447
0 0.130844 0.845267 0.100044 0.308781
2 0.849553 0.356158 0.0607822 0.0933839
0 0.781163 0.491456 0.0543768 0.216429
26 0.718682 0.627227 0.071412 0.194005
0 0.724521 0.410938 0.0378807 0.100419
3 0.787627 0.55947 0.0513687 0.135814
2 0.672493 0.416902 0.0782353 0.10351
2 0.979157 0.337482 0.0408173 0.107622
0 0.808275 0.461239 0.0406792 0.196365
0 0.700276 0.482663 0.0340405 0.143609
0 0.665211 0.540996 0.0442686 0.242264
