0 0.739619 0.742824 0.0992149 0.488372
0 0.291145 0.805669 0.0947708 0.386165
0 0.071266 0.822693 0.102199 0.351979
2 0.929357 0.403447 0.130753 0.176415
5 0.742426 0.328998 0.17825 0.197735
0 0.858065 0.489068 0.0409729 0.223744
0 0.56483 0.809027 0.0884693 0.37582
0 0.980496 0.538066 0.0385563 0.272164
0 0.783101 0.486073 0.0591667 0.203836
2 0.856212 0.362129 0.0610004 0.0955548
3 0.788884 0.558094 0.0508673 0.135456
26 0.744786 0.675542 0.0764343 0.222309
0 0.709564 0.509294 0.0405491 0.18269
0 0.52733 0.762544 0.0604004 0.464718
2 0.982504 0.349795 0.0343182 0.108531
