2 0.913761 0.397797 0.140386 0.174884
2 0.956883 0.493478 0.0853172 0.201349
0 0.721742 0.650068 0.0849954 0.406933
0 0.645986 0.789238 0.107887 0.419735
0 0.777157 0.505679 0.062072 0.229917
0 0.826303 0.479881 0.0401646 0.219395
2 0.843448 0.352734 0.0636566 0.0892056
3 0.785111 0.567418 0.0526591 0.148069
2 0.976677 0.3436 0.0458515 0.104807
0 0.727527 0.408607 0.0392583 0.0876864
2 0.668479 0.418622 0.0808462 0.110568
0 0.229145 0.51823 0.0659681 0.118009
5 0.730268 0.317508 0.173106 0.175488
5 0.763903 0.315841 0.109568 0.178111
