2 0.164458 0.581527 0.327242 0.362922
2 0.777145 0.493975 0.251084 0.269038
0 0.921628 0.541757 0.0964718 0.317221
9 0.207452 0.0904072 0.0352108 0.176993
2 0.136244 0.380618 0.272488 0.173376
7 0.60037 0.409092 0.200766 0.269737
0 0.0430589 0.518884 0.063655 0.100494
2 0.879833 0.351095 0.103352 0.123465
2 0.427408 0.423571 0.192034 0.206566
2 0.738693 0.352938 0.0836987 0.0719048
2 0.96128 0.405857 0.0772934 0.179656
2 0.275702 0.332227 0.0592885 0.0891617
7 0.362987 0.297673 0.0824979 0.0955195
