2 0.919989 0.472793 0.157849 0.208117
0 0.308102 0.810237 0.121818 0.37611
0 0.724576 0.633077 0.0808252 0.389853
2 0.902525 0.38399 0.139962 0.155401
5 0.725748 0.32059 0.175271 0.194262
0 0.962472 0.691824 0.0739395 0.467957
0 0.770983 0.505784 0.0615906 0.229572
0 0.653295 0.539894 0.0421566 0.248694
2 0.83833 0.354329 0.062265 0.0964747
3 0.787453 0.577886 0.044648 0.139854
2 0.972492 0.326046 0.0544025 0.0914383
0 0.689636 0.495485 0.0401139 0.177298
2 0.663866 0.412903 0.0824544 0.107919
0 0.285004 0.496943 0.0609331 0.132858
0 0.187701 0.517104 0.0624953 0.12848
0 0.745914 0.378277 0.0270278 0.0925737
