2 0.853973 0.499491 0.290706 0.391697
2 0.704068 0.446888 0.176171 0.19265
0 0.102815 0.376584 0.0343036 0.181664
0 0.17917 0.430401 0.0409529 0.19602
0 0.0167499 0.359645 0.0281148 0.12885
7 0.0729692 0.284727 0.106962 0.172499
2 0.330319 0.598183 0.50641 0.381399
2 0.322481 0.329131 0.109699 0.116125
2 0.630336 0.363456 0.149844 0.147665
2 0.43998 0.385739 0.171072 0.10486
9 0.241006 0.101067 0.0328958 0.162521
0 0.467919 0.475224 0.0290871 0.0565009
7 0.330595 0.598128 0.50675 0.378697
2 0.209117 0.309954 0.0436435 0.0663931
2 0.559012 0.333652 0.0631401 0.0732648
