2 0.718573 0.67714 0.458231 0.559101
2 0.233271 0.708149 0.465735 0.539922
2 0.0785528 0.433352 0.157106 0.172223
2 0.600672 0.394686 0.203262 0.167957
2 0.740628 0.402651 0.204534 0.144681
2 0.87152 0.362315 0.104709 0.107991
0 0.9683 0.667348 0.0625797 0.608309
2 0.824914 0.317243 0.110186 0.0621422
2 0.935695 0.381669 0.127874 0.202688
24 0.924484 0.655653 0.066783 0.238723
2 0.215652 0.290307 0.04291 0.0694937
2 0.523359 0.374717 0.107318 0.125268
2 0.288489 0.442485 0.28846 0.15642
0 0.0844609 0.314261 0.0328576 0.0910234
0 0.152242 0.606251 0.115316 0.139867
