2 0.260546 0.728438 0.518988 0.52067
2 0.796949 0.441204 0.101083 0.1182
2 0.658413 0.492206 0.141772 0.201233
0 0.97109 0.552658 0.0571915 0.283929
2 0.86549 0.416561 0.0554972 0.102667
2 0.602986 0.38854 0.0793547 0.0766515
0 0.247383 0.399213 0.0291526 0.113349
2 0.223636 0.374982 0.0882215 0.0970017
2 0.899914 0.405246 0.0288273 0.0607786
0 0.743165 0.420189 0.0295191 0.138494
0 0.925926 0.415362 0.0396915 0.115552
0 0.0600091 0.373919 0.0185349 0.110208
2 0.398653 0.528702 0.270396 0.286852
