2 0.825776 0.596028 0.343998 0.417078
2 0.74151 0.429468 0.184543 0.170722
2 0.491556 0.560791 0.404294 0.357852
0 0.495258 0.657272 0.141831 0.549428
2 0.183878 0.435106 0.217335 0.190823
2 0.647299 0.380904 0.156464 0.128212
2 0.943526 0.427138 0.112016 0.270902
7 0.0726188 0.270748 0.106934 0.164613
2 0.261969 0.328035 0.13365 0.109195
2 0.362496 0.376341 0.16576 0.155183
2 0.689695 0.31719 0.123097 0.0817754
2 0.825057 0.332664 0.10041 0.0629127
2 0.869443 0.352737 0.097023 0.0638227
9 0.242977 0.0914436 0.0362889 0.161194
2 0.356465 0.470971 0.201869 0.219917
2 0.0655705 0.501233 0.130818 0.287849
