2 0.241346 0.734348 0.481208 0.506655
2 0.65509 0.492893 0.143564 0.206849
2 0.794152 0.437948 0.10348 0.119566
2 0.363742 0.532638 0.303824 0.303484
0 0.971868 0.548471 0.0556324 0.285782
2 0.860641 0.414345 0.0554935 0.102931
2 0.225154 0.370367 0.0921661 0.0938256
2 0.596065 0.382747 0.0493657 0.0650194
0 0.0606152 0.36463 0.0182671 0.114308
0 0.742885 0.415761 0.0278013 0.136101
0 0.242174 0.396464 0.028982 0.118129
2 0.898463 0.399583 0.0319418 0.0603139
0 0.176782 0.362945 0.0270061 0.1043
0 0.089866 0.362796 0.0182643 0.0870083
