0 0.750971 0.716464 0.102096 0.483474
5 0.738002 0.331138 0.173248 0.201612
0 0.354759 0.830374 0.155226 0.335033
2 0.921719 0.399994 0.134343 0.176242
0 0.942407 0.520891 0.0586163 0.263738
0 0.134848 0.822184 0.0934347 0.351743
0 0.83389 0.473666 0.0482403 0.222097
3 0.789058 0.56058 0.0526754 0.131334
2 0.852008 0.353666 0.0601973 0.0824224
0 0.984649 0.477797 0.0302099 0.227014
0 0.428101 0.742557 0.0817543 0.335616
0 0.0483654 0.552403 0.0852854 0.143547
0 0.71055 0.420335 0.0443844 0.10994
2 0.980204 0.338572 0.0388096 0.090902
0 0.779829 0.469582 0.0574015 0.163407
