0 0.939636 0.70592 0.117762 0.484185
2 0.916302 0.468537 0.166641 0.20488
0 0.732742 0.626554 0.0850026 0.382862
0 0.236673 0.820016 0.111636 0.357138
2 0.902581 0.371901 0.138643 0.129827
5 0.725291 0.318846 0.178159 0.193165
2 0.837459 0.35273 0.0613556 0.0951911
0 0.772657 0.514626 0.0643189 0.247551
0 0.653044 0.539606 0.0418051 0.250606
3 0.783116 0.577998 0.0542011 0.145544
0 0.690557 0.500473 0.0407703 0.187804
2 0.972712 0.32805 0.0537285 0.0942073
0 0.722155 0.407833 0.0360648 0.083728
0 0.27635 0.496029 0.0596888 0.138148
2 0.663013 0.412542 0.0820364 0.108142
0 0.749066 0.385395 0.0286478 0.101582
