2 0.792303 0.436152 0.106342 0.118503
2 0.230005 0.742171 0.456356 0.496014
2 0.653123 0.493429 0.147412 0.211786
2 0.342993 0.535633 0.321416 0.309237
0 0.971896 0.54445 0.055571 0.286029
2 0.860245 0.411938 0.0516964 0.101496
0 0.0610573 0.358749 0.0209687 0.119981
2 0.222424 0.366969 0.0868636 0.092405
2 0.897563 0.397948 0.0337421 0.0618675
0 0.494295 0.360265 0.0174496 0.0749442
0 0.239807 0.383154 0.0331136 0.118185
0 0.74199 0.411792 0.0271101 0.132181
0 0.178069 0.360203 0.0259017 0.105823
0 0.0901803 0.361537 0.0175151 0.0938454
