5 0.734932 0.331306 0.17324 0.216881
0 0.721936 0.663703 0.0921216 0.433627
0 0.242576 0.785575 0.0912005 0.424824
0 0.884631 0.490834 0.0411676 0.244077
0 0.0466679 0.864453 0.0904103 0.271093
2 0.921284 0.392355 0.146663 0.176892
0 0.782233 0.498959 0.0624703 0.22866
2 0.848779 0.354527 0.0618944 0.0949179
0 0.857672 0.451019 0.0386154 0.200711
3 0.787613 0.559876 0.0465231 0.138264
0 0.728711 0.425871 0.0399277 0.127232
26 0.710933 0.617924 0.0700306 0.186355
2 0.979471 0.336373 0.0401798 0.106381
