0 0.74725 0.696209 0.0907486 0.456706
5 0.736993 0.330797 0.173172 0.200395
0 0.0971524 0.823514 0.109223 0.351735
0 0.310204 0.832367 0.0904624 0.331743
2 0.923526 0.399399 0.13909 0.175407
0 0.829025 0.471761 0.0381214 0.213532
0 0.393015 0.782965 0.095927 0.43407
0 0.933314 0.515306 0.0452072 0.265052
0 0.026023 0.560455 0.0518435 0.139436
3 0.789175 0.560751 0.0529827 0.126974
0 0.784909 0.503743 0.0609791 0.233905
2 0.852601 0.350828 0.0620621 0.0776466
0 0.707498 0.52929 0.0453824 0.239798
2 0.98019 0.340726 0.0387943 0.100301
0 0.967247 0.478935 0.0383593 0.210634
0 0.711322 0.415249 0.0438424 0.10206
