2 0.775132 0.49688 0.256239 0.269368
2 0.152636 0.582384 0.303924 0.359762
0 0.929616 0.539505 0.0965 0.318627
2 0.133259 0.384737 0.265482 0.179372
9 0.207483 0.0904136 0.0352343 0.176829
7 0.595697 0.410276 0.202039 0.270027
2 0.276669 0.327945 0.0661966 0.0972658
2 0.420656 0.426025 0.187523 0.207575
0 0.0214627 0.520558 0.0425479 0.0997018
2 0.96032 0.405367 0.0782228 0.178701
2 0.737175 0.353087 0.0876771 0.0739298
2 0.878416 0.353266 0.100674 0.127203
7 0.366434 0.29753 0.0851303 0.0951723
