2 0.925997 0.475223 0.146743 0.211672
5 0.725048 0.313506 0.174892 0.187505
2 0.905351 0.384794 0.138889 0.158321
0 0.721254 0.632829 0.0861673 0.391565
0 0.344769 0.799911 0.0932888 0.397371
0 0.976755 0.686241 0.0457157 0.457199
0 0.76801 0.500523 0.0610464 0.226747
0 0.655517 0.538078 0.0459972 0.247875
0 0.788443 0.409155 0.0303501 0.102334
2 0.838535 0.352559 0.0622066 0.0958956
2 0.973122 0.326576 0.0527454 0.0889847
0 0.0755333 0.525548 0.0539733 0.150882
0 0.186737 0.517269 0.0658048 0.130461
2 0.662889 0.412739 0.0801363 0.110595
0 0.725866 0.407178 0.0384237 0.094504
3 0.785783 0.574868 0.0485489 0.140385
