2 0.171741 0.828679 0.342465 0.326799
2 0.478181 0.508869 0.138964 0.159942
2 0.906719 0.486131 0.121219 0.154906
2 0.612257 0.559225 0.299421 0.321982
2 0.775595 0.51733 0.0760641 0.164511
2 0.269452 0.438509 0.109762 0.0946291
2 0.83392 0.443937 0.0566507 0.091658
0 0.641878 0.763563 0.162936 0.463163
0 0.982785 0.558471 0.0338552 0.237696
3 0.638113 0.852512 0.164922 0.281751
2 0.406668 0.41996 0.101771 0.108306
0 0.202473 0.433343 0.0216601 0.107746
0 0.393323 0.467052 0.0284657 0.116004
2 0.96191 0.446175 0.0750526 0.0940965
2 0.0760403 0.54561 0.1506 0.224426
