2 0.905778 0.452468 0.187712 0.187522
5 0.72519 0.315237 0.175326 0.194818
0 0.06275 0.821692 0.124455 0.351825
0 0.87229 0.716073 0.125784 0.483881
0 0.737078 0.618468 0.091736 0.380595
2 0.837685 0.348713 0.0611607 0.0950797
0 0.77554 0.512613 0.0649239 0.251613
0 0.722147 0.403014 0.0367616 0.0948627
0 0.333394 0.459289 0.0675349 0.162491
2 0.904484 0.357375 0.142421 0.109285
26 0.916589 0.821671 0.0662189 0.128628
0 0.756243 0.395641 0.041983 0.124025
2 0.972872 0.330005 0.0536125 0.109967
0 0.255225 0.489922 0.0841105 0.135704
0 0.180882 0.51107 0.0707061 0.125225
0 0.654333 0.528645 0.0430968 0.241815
0 0.692455 0.555359 0.0400664 0.312777
2 0.662144 0.408337 0.0808043 0.110235
