2 0.592703 0.615852 0.400135 0.420487
2 0.978571 0.378357 0.0419228 0.0991558
2 0.896992 0.448457 0.129955 0.238284
0 0.0781904 0.396475 0.0391991 0.19528
2 0.836236 0.368201 0.134004 0.149214
9 0.198476 0.109659 0.0346976 0.171814
2 0.0248331 0.45847 0.0493765 0.258927
2 0.632425 0.314293 0.0776451 0.0721698
7 0.369531 0.481989 0.290119 0.36915
0 0.468605 0.377123 0.0346053 0.0785808
2 0.201523 0.511874 0.0672685 0.141276
2 0.163507 0.325004 0.0368183 0.0630848
7 0.0402904 0.286525 0.0802577 0.146859
