2 0.218609 0.588672 0.437198 0.393116
2 0.801714 0.479228 0.23804 0.249063
2 0.151276 0.401247 0.30224 0.226241
2 0.893374 0.352285 0.102323 0.121765
2 0.458662 0.422904 0.182103 0.199033
7 0.628713 0.404419 0.188544 0.258805
0 0.207516 0.484919 0.0642739 0.0929038
2 0.965936 0.399707 0.0669636 0.181676
0 0.0126225 0.317321 0.0200313 0.103517
9 0.208902 0.0900487 0.0345404 0.172195
0 0.0477267 0.311711 0.0221705 0.0733094
0 0.86579 0.486943 0.0403122 0.193476
0 0.110543 0.371738 0.0379941 0.0638109
