2 0.339942 0.726553 0.676486 0.530057
2 0.873948 0.456393 0.191774 0.207152
2 0.262159 0.414327 0.298384 0.240007
2 0.508721 0.470381 0.292547 0.191363
9 0.212876 0.0939782 0.0341908 0.171157
0 0.670212 0.532178 0.0517939 0.295047
0 0.0865771 0.380954 0.0315307 0.191121
0 0.0232194 0.331085 0.0218431 0.105064
7 0.722513 0.396812 0.190233 0.21985
2 0.985454 0.395358 0.0283533 0.139781
2 0.848606 0.333746 0.0575634 0.0622644
2 0.181372 0.305469 0.0438263 0.0653968
2 0.922954 0.345422 0.102714 0.103845
