0 0.937851 0.768356 0.123763 0.458092
5 0.734022 0.316942 0.171281 0.191049
0 0.722801 0.664592 0.0969341 0.42221
2 0.923695 0.393005 0.14118 0.176777
0 0.174475 0.79666 0.079591 0.40668
0 0.783255 0.500178 0.0691889 0.231953
0 0.871208 0.488041 0.0428432 0.23013
0 0.836683 0.449024 0.0419294 0.191241
2 0.991011 0.519825 0.0171478 0.139563
2 0.847808 0.340851 0.0631992 0.0719482
3 0.77769 0.557858 0.0528549 0.142569
2 0.97871 0.332669 0.0424292 0.102233
0 0.729857 0.446052 0.0353716 0.173367
0 0.337448 0.498489 0.0675839 0.12261
