0 0.899421 0.703368 0.180076 0.579502
2 0.11209 0.520621 0.223524 0.253118
2 0.445321 0.52888 0.294289 0.251949
2 0.118295 0.832106 0.234777 0.312016
2 0.239212 0.459754 0.209647 0.163891
2 0.938208 0.442777 0.123434 0.145821
0 0.0697952 0.363863 0.0357916 0.0771595
2 0.3032 0.336152 0.0467939 0.0590674
9 0.196669 0.127906 0.0336754 0.170553
2 0.937614 0.333958 0.0628136 0.0667405
7 0.718821 0.621129 0.223149 0.458137
2 0.162569 0.341795 0.0358417 0.0655436
2 0.642177 0.337479 0.0516426 0.0695399
