2 0.909302 0.459697 0.179332 0.190112
0 0.741405 0.621722 0.0917738 0.378487
0 0.896989 0.709824 0.11677 0.489256
0 0.130814 0.807812 0.141075 0.383319
5 0.725842 0.315344 0.175089 0.190431
2 0.837971 0.351685 0.0607988 0.0948949
2 0.904003 0.364293 0.138717 0.115303
26 0.939739 0.810053 0.0604637 0.134169
0 0.336701 0.463119 0.0674709 0.163759
3 0.78317 0.575551 0.0547485 0.142142
0 0.272177 0.491393 0.05606 0.133496
0 0.721867 0.419941 0.0378872 0.126421
2 0.97331 0.331864 0.0525934 0.103442
0 0.692234 0.496043 0.03996 0.188947
0 0.654528 0.533113 0.042975 0.245703
2 0.661943 0.411728 0.0780418 0.10995
