2 0.918538 0.466445 0.161928 0.197088
0 0.9482 0.701977 0.102576 0.481336
0 0.729303 0.62832 0.0825939 0.385987
0 0.272941 0.817019 0.130765 0.360223
5 0.725291 0.318596 0.177917 0.193393
2 0.903002 0.376022 0.138789 0.138283
2 0.837616 0.353405 0.0617146 0.0960886
0 0.772087 0.511331 0.0644127 0.240473
0 0.652849 0.539686 0.0410792 0.250301
3 0.784105 0.577358 0.0524817 0.146091
2 0.972567 0.327002 0.054093 0.0907608
0 0.689795 0.504165 0.0408041 0.193435
0 0.277799 0.49714 0.0633311 0.137539
0 0.72254 0.406656 0.0363747 0.0840124
2 0.66338 0.412824 0.0834059 0.108522
0 0.748091 0.386102 0.028137 0.103518
