0 0.749684 0.719166 0.106709 0.477344
0 0.948569 0.527301 0.0680248 0.274954
5 0.738148 0.330795 0.173933 0.201176
2 0.925275 0.400603 0.13963 0.17678
0 0.472764 0.780861 0.0955433 0.435936
0 0.158857 0.822336 0.116868 0.354243
0 0.839317 0.477403 0.0500069 0.222671
3 0.788529 0.558733 0.050283 0.132195
0 0.0696193 0.543051 0.0871992 0.145996
0 0.779981 0.471857 0.0572675 0.175232
2 0.852545 0.352949 0.0608292 0.0827338
0 0.709018 0.505309 0.0451749 0.189506
2 0.980512 0.346759 0.03822 0.105618
2 0.670704 0.425059 0.0660469 0.1139
