0 0.749993 0.710843 0.0973982 0.480545
5 0.73789 0.330222 0.173034 0.199544
2 0.920832 0.399912 0.133431 0.176414
0 0.94099 0.516729 0.0474312 0.268887
0 0.832847 0.471433 0.0415321 0.214755
0 0.116044 0.821225 0.0927826 0.355822
0 0.0366523 0.551981 0.0731728 0.144342
3 0.787196 0.560562 0.0549838 0.13226
0 0.335111 0.832815 0.126691 0.333394
2 0.851881 0.353805 0.0603876 0.0832688
0 0.980248 0.475928 0.0390129 0.214098
0 0.410196 0.781366 0.092251 0.423724
2 0.980219 0.340174 0.0387733 0.0936189
0 0.711006 0.417375 0.0454782 0.10305
0 0.709712 0.531114 0.0486305 0.243706
