0 0.742844 0.684552 0.0871787 0.450213
5 0.733769 0.326253 0.17405 0.193536
0 0.917417 0.503212 0.0475531 0.257312
0 0.221307 0.85234 0.0924424 0.294424
2 0.923268 0.397159 0.145415 0.173905
0 0.786311 0.506568 0.0621914 0.23913
0 0.817777 0.469782 0.0401303 0.199479
0 0.347799 0.789299 0.0967978 0.413707
2 0.850666 0.357098 0.0615536 0.0929855
0 0.039592 0.84406 0.0789283 0.307482
2 0.979641 0.338014 0.0401081 0.108786
0 0.705105 0.513014 0.0428528 0.206833
0 0.666837 0.547141 0.0449224 0.2507
