2 0.896539 0.445121 0.206576 0.184127
5 0.724445 0.310919 0.173432 0.199398
0 0.791479 0.739789 0.106247 0.510387
0 0.726627 0.609713 0.0928501 0.379403
0 0.353561 0.454298 0.0557116 0.160418
2 0.911673 0.346839 0.136857 0.0948324
2 0.835525 0.340764 0.0565821 0.0926393
2 0.972369 0.346077 0.0545399 0.145248
0 0.307239 0.457269 0.0509565 0.157058
0 0.981654 0.717558 0.0361572 0.344058
0 0.690203 0.549727 0.048535 0.305097
26 0.816586 0.858908 0.0612566 0.13047
0 0.773626 0.474707 0.0519445 0.188811
0 0.253135 0.480886 0.057053 0.130305
0 0.723453 0.391589 0.0366323 0.0930823
0 0.653867 0.53648 0.0369288 0.267855
0 0.773924 0.446429 0.0504748 0.13298
2 0.664972 0.401382 0.077427 0.104899
