0 0.750303 0.712845 0.10026 0.479114
5 0.737955 0.331987 0.173465 0.203241
2 0.921917 0.40033 0.135846 0.175871
0 0.942508 0.518897 0.0537113 0.265737
0 0.832698 0.471483 0.0466339 0.21921
0 0.0403403 0.552231 0.078209 0.144721
0 0.121122 0.821216 0.0951435 0.35212
2 0.85201 0.35406 0.0598898 0.0833691
3 0.788152 0.560978 0.0534403 0.131787
0 0.418746 0.765759 0.083203 0.380067
0 0.982134 0.478853 0.0352451 0.210377
0 0.370321 0.832262 0.0968458 0.331834
2 0.980184 0.340299 0.0388031 0.093762
0 0.780062 0.467894 0.0565135 0.161123
0 0.710657 0.419325 0.0449121 0.108114
0 0.709538 0.524563 0.0491327 0.23495
