0 0.726462 0.65732 0.0964813 0.42705
5 0.733907 0.318536 0.167615 0.196848
0 0.0986672 0.799841 0.107522 0.398583
0 0.830961 0.769042 0.103047 0.458636
2 0.922304 0.391156 0.140842 0.175578
0 0.775933 0.482913 0.0585938 0.202589
0 0.854354 0.478199 0.0515022 0.235691
2 0.979736 0.504999 0.0400585 0.151097
2 0.846396 0.341499 0.0637657 0.07506
0 0.819202 0.443099 0.0376822 0.182076
2 0.670048 0.415211 0.0810157 0.109357
2 0.977906 0.338934 0.0434925 0.117198
0 0.728234 0.406059 0.0361344 0.0958659
26 0.713725 0.605737 0.066814 0.182329
0 0.305559 0.508704 0.0628308 0.116355
