2 0.218753 0.797902 0.436684 0.385936
2 0.505568 0.509604 0.133517 0.150553
2 0.910356 0.488839 0.118239 0.148486
0 0.683481 0.75627 0.14484 0.474632
2 0.785471 0.519545 0.0687931 0.164103
2 0.630741 0.558001 0.28521 0.310412
3 0.682198 0.843534 0.145416 0.303507
2 0.840285 0.447096 0.0535467 0.0897286
2 0.255678 0.445149 0.0825485 0.0952377
2 0.106932 0.522093 0.187924 0.175718
0 0.983855 0.568724 0.0315834 0.244206
2 0.959494 0.449054 0.0796822 0.0955972
2 0.399149 0.4238 0.0894568 0.10386
0 0.201067 0.438265 0.0249427 0.109193
