2 0.253094 0.730617 0.50533 0.515132
2 0.796003 0.439611 0.100724 0.118462
2 0.657155 0.492195 0.14175 0.202383
0 0.971489 0.551412 0.0561483 0.284255
2 0.378344 0.530019 0.300722 0.295482
2 0.863685 0.415045 0.0536516 0.101912
2 0.222477 0.374058 0.0875064 0.0975732
2 0.594924 0.386617 0.0587099 0.0732009
0 0.245155 0.400422 0.0318915 0.117051
0 0.06031 0.37231 0.0183634 0.109286
0 0.742829 0.419463 0.0265751 0.135152
2 0.899301 0.402052 0.0308157 0.0590672
0 0.176484 0.365442 0.0259407 0.106978
0 0.925177 0.41519 0.0390844 0.117604
2 0.688723 0.42469 0.0845051 0.094888
