2 0.938042 0.485669 0.123052 0.218474
5 0.726596 0.316211 0.171634 0.18457
0 0.439913 0.800956 0.142807 0.397401
2 0.907838 0.387395 0.137666 0.159596
0 0.714418 0.637878 0.0851887 0.402159
2 0.83998 0.35402 0.0614193 0.0960675
0 0.768805 0.496974 0.058884 0.224461
2 0.66547 0.415024 0.0830322 0.110547
2 0.974401 0.33212 0.0506657 0.0954683
0 0.800128 0.481498 0.0378773 0.239868
0 0.657309 0.536123 0.0466229 0.243772
0 0.72412 0.410503 0.0364275 0.0990407
26 0.698553 0.58018 0.0592138 0.163637
0 0.196116 0.512925 0.0640784 0.13103
3 0.779065 0.567113 0.0647102 0.153081
