2 0.801359 0.607391 0.360243 0.4453
2 0.133073 0.457697 0.265425 0.245538
2 0.738907 0.42825 0.182965 0.188828
0 0.577316 0.695196 0.102731 0.578924
2 0.937377 0.415607 0.124122 0.26085
2 0.399284 0.589886 0.387034 0.398401
2 0.632568 0.382953 0.161237 0.141637
2 0.365183 0.474936 0.316937 0.261843
9 0.239017 0.0868823 0.0343114 0.154642
2 0.689909 0.312149 0.118317 0.0848925
2 0.547722 0.352378 0.110304 0.0817007
2 0.818244 0.328124 0.103386 0.0669234
2 0.209474 0.340304 0.111871 0.089705
2 0.866106 0.349931 0.0956474 0.0737413
