0 0.750473 0.719302 0.104938 0.479492
5 0.738022 0.330896 0.173959 0.20066
0 0.148782 0.822309 0.1 0.354816
0 0.944637 0.523951 0.065568 0.269901
2 0.92432 0.400961 0.137251 0.176419
0 0.83599 0.476554 0.04904 0.220239
0 0.37457 0.829968 0.150122 0.337785
0 0.461914 0.783558 0.113183 0.428322
3 0.78776 0.560439 0.0527754 0.129204
0 0.0585079 0.548219 0.0886466 0.144874
0 0.779429 0.472313 0.0551786 0.171299
2 0.85236 0.354002 0.0605173 0.0844139
2 0.980426 0.342254 0.038517 0.0992007
2 0.670865 0.424335 0.065822 0.111589
0 0.709069 0.514043 0.0462769 0.205301
