0 0.214186 0.795604 0.104883 0.407528
0 0.720494 0.664828 0.0916796 0.425443
2 0.925785 0.393545 0.137743 0.178649
0 0.966099 0.754474 0.0672035 0.483983
5 0.735266 0.324232 0.17152 0.202914
0 0.0245884 0.862225 0.0488291 0.27049
0 0.87864 0.493986 0.0466362 0.234529
0 0.782523 0.50114 0.0651195 0.2291
0 0.849096 0.451749 0.0412519 0.204338
2 0.848158 0.343104 0.0626883 0.0786689
2 0.978981 0.33581 0.0411217 0.105748
2 0.673487 0.409609 0.0813868 0.0942317
0 0.730744 0.429016 0.036517 0.138214
0 0.354867 0.497678 0.0652564 0.119198
