0 0.737149 0.681502 0.100072 0.4463
5 0.732158 0.331024 0.175087 0.205472
2 0.921831 0.396812 0.149112 0.174883
0 0.897064 0.502228 0.0597443 0.248587
0 0.304683 0.787509 0.0758119 0.42211
0 0.150129 0.842646 0.0955911 0.313598
2 0.849157 0.356771 0.0597984 0.0928532
0 0.782062 0.492888 0.0572088 0.216945
26 0.72617 0.628933 0.0726593 0.185197
3 0.787159 0.560473 0.0559303 0.137038
0 0.809668 0.463629 0.0401831 0.198479
0 0.701162 0.491315 0.0379234 0.168525
0 0.721919 0.413149 0.0368264 0.101841
2 0.979499 0.339718 0.0403931 0.111432
2 0.672607 0.416864 0.0775323 0.1012
