2 0.303 0.640033 0.568197 0.481358
2 0.766884 0.628601 0.41261 0.494591
2 0.618643 0.383091 0.186122 0.156645
2 0.941883 0.402801 0.11555 0.24481
0 0.769049 0.7231 0.136866 0.551687
2 0.736262 0.41724 0.195667 0.186168
2 0.871081 0.349279 0.100141 0.0899164
2 0.531912 0.368641 0.137493 0.141277
2 0.824722 0.31401 0.105696 0.0606945
2 0.110397 0.442715 0.219976 0.222378
0 0.0599681 0.299084 0.0247722 0.0718447
0 0.385057 0.523234 0.0559293 0.104755
2 0.694592 0.3044 0.118345 0.0892284
2 0.232452 0.332171 0.0717484 0.110478
2 0.370092 0.322563 0.14365 0.0805659
2 0.495756 0.314203 0.117628 0.0813698
