0 0.742454 0.743391 0.095816 0.502911
0 0.0546883 0.82228 0.104337 0.350905
0 0.546894 0.815095 0.0917976 0.366367
5 0.742828 0.329376 0.181184 0.196285
0 0.272622 0.808042 0.0913555 0.381352
2 0.926722 0.403459 0.134055 0.177425
0 0.855098 0.492516 0.0412579 0.223072
0 0.782424 0.482954 0.0591352 0.198327
0 0.980217 0.535178 0.03909 0.274546
0 0.149263 0.531518 0.0743369 0.141699
3 0.788523 0.558747 0.0508888 0.132886
2 0.855631 0.359585 0.0612854 0.0905792
0 0.709022 0.506121 0.0396626 0.170904
0 0.714594 0.416142 0.0428907 0.094789
