2 0.274335 0.603108 0.543333 0.413649
2 0.834444 0.517148 0.306002 0.415666
2 0.683149 0.455455 0.177848 0.197534
2 0.422993 0.398297 0.174435 0.114041
0 0.101607 0.381616 0.0341709 0.18552
0 0.0140952 0.364676 0.0268048 0.130048
7 0.0710082 0.289126 0.107743 0.173781
0 0.189651 0.420313 0.0480455 0.154736
9 0.239962 0.100838 0.0333968 0.172852
2 0.987044 0.431146 0.025239 0.164244
2 0.336077 0.327995 0.0739367 0.100186
7 0.624213 0.364424 0.149759 0.155017
2 0.624184 0.365167 0.149315 0.152644
