2 0.912708 0.39746 0.138269 0.175838
2 0.955506 0.491921 0.0888079 0.19976
0 0.636318 0.794321 0.117523 0.409086
0 0.722856 0.650327 0.0873073 0.407531
0 0.824704 0.479952 0.0420866 0.219831
0 0.777125 0.504031 0.061297 0.226662
2 0.842999 0.353168 0.063678 0.0894842
2 0.97637 0.342198 0.0462414 0.106556
0 0.22481 0.516928 0.0667732 0.119635
5 0.729299 0.314926 0.171896 0.171317
2 0.668416 0.418572 0.0809341 0.109459
0 0.72731 0.408793 0.0391335 0.087107
3 0.786732 0.572378 0.0479918 0.136106
5 0.763172 0.312026 0.108286 0.170553
