0 0.220592 0.793474 0.106044 0.411044
0 0.720243 0.66502 0.0911053 0.426317
5 0.735561 0.32688 0.17293 0.207439
0 0.973029 0.752811 0.0528996 0.481457
2 0.926667 0.394357 0.135369 0.177639
0 0.0305131 0.863525 0.0607665 0.268621
0 0.881588 0.494191 0.0404217 0.234974
0 0.780747 0.500596 0.0633357 0.228783
0 0.851595 0.453883 0.0421574 0.200745
2 0.848712 0.347396 0.0620758 0.0815996
0 0.730604 0.430898 0.0363634 0.140624
2 0.979045 0.336819 0.0414658 0.106339
0 0.357121 0.497748 0.0643923 0.114114
2 0.673744 0.411332 0.0822292 0.0975252
