2 0.91458 0.396886 0.141921 0.17499
2 0.959474 0.493675 0.0799767 0.197688
0 0.662296 0.784576 0.0888161 0.427229
0 0.720229 0.649855 0.0832529 0.409327
0 0.779611 0.504777 0.0639261 0.226008
2 0.844578 0.351619 0.0641048 0.0866985
0 0.832379 0.477895 0.0393299 0.220007
5 0.764942 0.311187 0.1094 0.170655
0 0.240563 0.517892 0.0618968 0.116049
3 0.781338 0.570336 0.0596295 0.138687
2 0.976687 0.343978 0.0458044 0.106444
0 0.727731 0.406987 0.0386473 0.0874711
2 0.668375 0.417484 0.0789545 0.108005
