0 0.737319 0.742939 0.096485 0.511214
0 0.135573 0.814826 0.113736 0.368088
0 0.862527 0.489164 0.0496159 0.235078
2 0.932291 0.403475 0.132849 0.176643
0 0.601239 0.807416 0.154169 0.383861
0 0.331522 0.794045 0.0998572 0.40734
0 0.78029 0.483496 0.0604654 0.199323
3 0.788445 0.556502 0.0498543 0.131713
2 0.855228 0.362142 0.0597855 0.0976775
0 0.187644 0.508814 0.0712077 0.165967
0 0.70875 0.502201 0.0410963 0.179536
5 0.741146 0.337018 0.18009 0.214397
26 0.742364 0.676262 0.073033 0.233883
0 0.538067 0.713856 0.0998011 0.384924
0 0.985963 0.567087 0.0275795 0.251509
