2 0.277713 0.667009 0.553346 0.552685
0 0.832717 0.683432 0.228091 0.621677
2 0.6131 0.386304 0.193729 0.158468
2 0.757831 0.639355 0.43812 0.513592
2 0.101528 0.445146 0.202142 0.222146
2 0.734602 0.408942 0.19472 0.165573
2 0.53007 0.368737 0.124604 0.128382
2 0.824706 0.314743 0.106748 0.0586436
2 0.871569 0.353075 0.101616 0.0951786
2 0.947307 0.402422 0.104308 0.236969
2 0.695273 0.305584 0.119757 0.0916279
2 0.211503 0.283211 0.041144 0.0675622
0 0.0689991 0.299985 0.0182448 0.0715618
2 0.349154 0.410733 0.279697 0.122134
7 0.0746293 0.253851 0.111081 0.164606
