2 0.918694 0.468886 0.161636 0.201961
0 0.727473 0.629752 0.0806792 0.385785
0 0.288042 0.812849 0.12948 0.367307
0 0.951989 0.700376 0.0954121 0.478122
5 0.725244 0.319394 0.177532 0.193648
2 0.902733 0.377912 0.139966 0.143368
0 0.772151 0.508074 0.0626888 0.234005
0 0.652749 0.539815 0.0411401 0.249276
2 0.837716 0.353623 0.0619373 0.096085
3 0.784401 0.576834 0.0518082 0.142883
0 0.689435 0.499621 0.0413555 0.185744
2 0.972692 0.326972 0.0537792 0.089884
0 0.279108 0.496569 0.0636537 0.136033
0 0.722432 0.405217 0.0373545 0.0801753
2 0.66327 0.412531 0.0828397 0.107915
