2 0.131585 0.509992 0.262987 0.232585
0 0.911318 0.702592 0.176498 0.58395
2 0.486898 0.511323 0.260299 0.23172
2 0.183108 0.783714 0.363551 0.411525
2 0.257015 0.45008 0.200787 0.161035
2 0.943335 0.434276 0.112715 0.143869
0 0.0707846 0.360044 0.0373862 0.0763919
2 0.63922 0.334151 0.0669187 0.068953
2 0.871755 0.384046 0.066367 0.0772654
2 0.929178 0.333756 0.0783503 0.0661531
2 0.749495 0.584638 0.212164 0.398468
2 0.168776 0.336948 0.0537316 0.0702255
9 0.196247 0.125579 0.0361059 0.172966
2 0.820401 0.35714 0.0487255 0.0758254
