2 0.93929 0.487431 0.120681 0.219938
5 0.725997 0.316868 0.170084 0.185793
2 0.907973 0.389778 0.138898 0.164175
0 0.714621 0.641011 0.0857439 0.408514
0 0.455242 0.798019 0.135007 0.402619
2 0.840103 0.354308 0.0621458 0.0954714
0 0.770263 0.497816 0.0627199 0.225777
2 0.973963 0.333098 0.0514269 0.097213
0 0.801525 0.472746 0.0375763 0.223505
2 0.665161 0.415826 0.0831921 0.110715
3 0.780801 0.56348 0.0635782 0.16083
26 0.698489 0.581108 0.059026 0.164925
0 0.197375 0.512486 0.0633199 0.130672
0 0.319749 0.643726 0.0640546 0.420855
0 0.725203 0.411773 0.037035 0.094647
