0 0.750882 0.717162 0.103695 0.478537
5 0.738043 0.329524 0.173295 0.199614
0 0.365094 0.829242 0.156738 0.339162
2 0.922301 0.399823 0.135125 0.176912
0 0.942899 0.522706 0.0634895 0.266724
0 0.141332 0.822553 0.0935713 0.352945
0 0.834443 0.473656 0.0498772 0.221888
3 0.786725 0.559407 0.0548927 0.131159
2 0.85222 0.353853 0.0597717 0.0835587
0 0.456339 0.784564 0.119017 0.422505
0 0.778835 0.4773 0.0560107 0.178207
0 0.710904 0.423332 0.0453988 0.113959
0 0.708421 0.519065 0.0482244 0.220166
0 0.987517 0.472462 0.0246799 0.22864
2 0.980341 0.341238 0.0385639 0.0964797
0 0.0550024 0.550774 0.0862986 0.147434
0 0.0550133 0.730001 0.0915556 0.508189
