2 0.903585 0.451982 0.192524 0.19053
5 0.724537 0.310772 0.175043 0.190965
0 0.865203 0.722901 0.139425 0.486761
0 0.0414356 0.815791 0.0824508 0.361445
0 0.736592 0.615193 0.0909512 0.383555
0 0.775931 0.51103 0.0634312 0.254211
2 0.836212 0.345179 0.0598328 0.0949721
2 0.973312 0.32819 0.0527306 0.111652
0 0.72243 0.40069 0.0370565 0.0915554
0 0.692638 0.555794 0.0398546 0.315885
2 0.905217 0.344236 0.145748 0.087556
0 0.654411 0.525853 0.0433736 0.242858
0 0.171686 0.50894 0.0763138 0.130996
0 0.0423865 0.528945 0.0844648 0.145295
0 0.330297 0.46163 0.0639701 0.155046
2 0.664337 0.405296 0.0786226 0.105849
0 0.266045 0.486672 0.0608933 0.131136
26 0.90131 0.83033 0.0700604 0.136159
28 0.901163 0.831899 0.0702145 0.13549
0 0.756152 0.396081 0.0407146 0.133853
