2 0.302466 0.735274 0.602484 0.508348
2 0.95303 0.408019 0.0928036 0.119038
0 0.951033 0.702306 0.0970324 0.578183
2 0.894741 0.382974 0.0594049 0.0943288
2 0.81964 0.517428 0.167437 0.308984
2 0.564369 0.475276 0.211353 0.191522
9 0.19572 0.122523 0.0351895 0.171917
7 0.18876 0.520321 0.376371 0.407246
0 0.0775333 0.436511 0.0822405 0.122478
2 0.62686 0.325659 0.0738041 0.0694343
2 0.337479 0.415922 0.119454 0.121772
2 0.739588 0.421395 0.0397709 0.102859
2 0.807915 0.348274 0.120811 0.0815815
