2 0.897758 0.446395 0.204271 0.184207
0 0.803954 0.733442 0.0972561 0.51273
5 0.725969 0.315049 0.17503 0.203597
0 0.73224 0.61081 0.0910671 0.379584
0 0.983131 0.735331 0.0331501 0.375441
0 0.690206 0.550946 0.0475789 0.307639
0 0.309259 0.457538 0.0537487 0.155047
2 0.836588 0.340934 0.057715 0.0923478
2 0.909903 0.343396 0.132162 0.0896081
2 0.972997 0.344741 0.0533043 0.144332
0 0.256787 0.480139 0.0567815 0.128248
0 0.357038 0.456156 0.0489697 0.158441
0 0.723913 0.392242 0.0353426 0.0872207
0 0.773587 0.470507 0.0500582 0.178464
2 0.665259 0.402049 0.0789162 0.105077
0 0.655076 0.52298 0.0382623 0.240544
0 0.356623 0.602201 0.0513482 0.451979
