2 0.244654 0.786442 0.48774 0.41079
2 0.521372 0.508376 0.128784 0.149588
2 0.911606 0.489703 0.120074 0.14745
0 0.704963 0.747924 0.134638 0.467883
2 0.638594 0.555588 0.274008 0.299834
3 0.691982 0.845415 0.11057 0.299787
2 0.84393 0.448832 0.0540657 0.0912028
2 0.263472 0.447835 0.0849846 0.0940104
2 0.790181 0.522909 0.0679323 0.164554
0 0.389295 0.474716 0.0302054 0.118813
2 0.0376895 0.511615 0.0749139 0.123271
2 0.142462 0.515981 0.177841 0.163312
2 0.0596356 0.631219 0.118665 0.117057
0 0.982997 0.551815 0.0330166 0.198381
