2 0.266521 0.695256 0.530847 0.581986
0 0.862066 0.681625 0.236558 0.623253
2 0.60873 0.389156 0.194787 0.160997
2 0.714558 0.651444 0.374756 0.537743
2 0.735902 0.409156 0.195538 0.162165
2 0.0959107 0.44701 0.191821 0.221086
2 0.939624 0.406309 0.11955 0.252489
2 0.527902 0.369442 0.127443 0.126691
0 0.287109 0.556815 0.0640376 0.126289
2 0.873823 0.354727 0.104254 0.102075
2 0.824288 0.316089 0.107957 0.0597794
24 0.854467 0.579605 0.126055 0.283273
0 0.0132841 0.410325 0.0262407 0.0422713
0 0.0567284 0.300928 0.0206854 0.0775716
2 0.328863 0.416917 0.292427 0.125952
2 0.219638 0.285959 0.0572643 0.0681015
7 0.0757319 0.255927 0.111193 0.16422
