2 0.376656 0.685624 0.394128 0.40562
2 0.752965 0.538871 0.213582 0.239174
2 0.0629165 0.725047 0.125016 0.529432
2 0.880808 0.454747 0.0826443 0.0862354
2 0.655271 0.461941 0.0731377 0.125557
2 0.43662 0.449547 0.209385 0.14553
2 0.95072 0.432011 0.0549919 0.0654092
2 0.200555 0.45999 0.119805 0.116488
2 0.260656 0.412674 0.111389 0.0770627
0 0.882834 0.473593 0.0429176 0.120394
0 0.0452477 0.42166 0.0259675 0.117923
2 0.581918 0.431027 0.0800337 0.108345
2 0.376236 0.393651 0.0745687 0.0739817
0 0.978741 0.580196 0.0419132 0.288038
2 0.272547 0.513412 0.161039 0.176046
2 0.705818 0.48048 0.120993 0.147808
