2 0.287484 0.717922 0.573319 0.539297
2 0.665557 0.496016 0.138718 0.183529
2 0.802153 0.447737 0.101587 0.111559
0 0.970631 0.562658 0.0576914 0.284417
2 0.449577 0.480529 0.230216 0.178856
2 0.871315 0.42405 0.0541872 0.101364
2 0.582993 0.403306 0.0755602 0.0867036
0 0.259596 0.407743 0.026446 0.101205
2 0.906822 0.415486 0.0269409 0.0611582
2 0.226166 0.382313 0.0939431 0.0942587
2 0.0426763 0.539315 0.0848538 0.399156
0 0.743411 0.430072 0.0286009 0.126645
0 0.278474 0.387832 0.0171501 0.0922835
0 0.173888 0.376346 0.0245607 0.103508
