0 0.748874 0.714241 0.110266 0.479856
0 0.96014 0.527931 0.0617569 0.28402
5 0.739381 0.330589 0.174943 0.200738
2 0.924157 0.400934 0.137324 0.17672
0 0.203918 0.817946 0.114192 0.364108
0 0.843774 0.478625 0.0489429 0.223919
0 0.490737 0.771848 0.0733282 0.448627
0 0.462243 0.822342 0.073118 0.35325
3 0.789334 0.55786 0.0488117 0.131133
0 0.781875 0.474987 0.0596337 0.185737
2 0.853475 0.35323 0.0605873 0.0838786
2 0.980994 0.347394 0.037336 0.105282
0 0.712667 0.420788 0.0473443 0.109438
0 0.709081 0.498328 0.0430891 0.171482
