2 0.941797 0.490671 0.115339 0.220589
5 0.725495 0.318499 0.167659 0.187367
2 0.908064 0.39547 0.137563 0.174806
0 0.48701 0.793233 0.111723 0.410396
0 0.715079 0.643129 0.0852399 0.409055
0 0.804475 0.468331 0.0375313 0.213535
0 0.771072 0.499033 0.0650587 0.229525
2 0.839828 0.354241 0.063018 0.0955159
2 0.974176 0.333502 0.050956 0.0993251
0 0.326911 0.492111 0.0567649 0.119925
0 0.19967 0.512819 0.0664856 0.13216
2 0.665721 0.415759 0.0838016 0.112244
26 0.699384 0.58055 0.0603129 0.164511
3 0.782486 0.56921 0.0568066 0.14257
