2 0.286181 0.644369 0.572362 0.535951
2 0.760574 0.631725 0.419618 0.488408
0 0.800592 0.700775 0.184364 0.593604
2 0.61596 0.384484 0.189169 0.15714
2 0.941354 0.404699 0.116158 0.241816
2 0.734779 0.420083 0.194912 0.189731
2 0.105262 0.443398 0.21012 0.224848
2 0.871831 0.349859 0.0994833 0.0894374
2 0.82389 0.314109 0.104559 0.0590416
2 0.531323 0.366583 0.130615 0.127137
0 0.357542 0.532137 0.0562435 0.114929
24 0.749856 0.636794 0.0692969 0.176508
2 0.693066 0.30451 0.121977 0.0899197
0 0.0648759 0.298577 0.022739 0.0714652
7 0.0739648 0.251336 0.110707 0.161094
