2 0.831164 0.586141 0.335793 0.415484
2 0.74254 0.425839 0.183835 0.17597
2 0.0836653 0.489053 0.166367 0.26764
0 0.463101 0.646974 0.0870299 0.529946
2 0.499759 0.558106 0.399199 0.349317
2 0.64781 0.374621 0.150155 0.118587
2 0.194942 0.433191 0.201293 0.188901
2 0.688622 0.315145 0.126628 0.083145
2 0.825742 0.329788 0.1005 0.0648451
2 0.366833 0.374533 0.157369 0.153981
2 0.870752 0.35039 0.0985842 0.0663756
2 0.259997 0.326193 0.138457 0.106549
7 0.0734932 0.249957 0.106485 0.127141
2 0.589596 0.513339 0.22008 0.256062
2 0.574846 0.35136 0.0781427 0.0678325
