2 0.916826 0.397937 0.146216 0.174541
0 0.714756 0.790495 0.100872 0.416193
0 0.0360631 0.805572 0.0721261 0.383477
2 0.9672 0.497699 0.064551 0.191163
5 0.733342 0.321885 0.16829 0.190434
3 0.782938 0.56843 0.0596657 0.140913
0 0.837396 0.479966 0.0443432 0.215089
0 0.721995 0.547723 0.0848169 0.20643
0 0.264263 0.509403 0.068354 0.127259
0 0.77881 0.501123 0.0609975 0.221472
0 0.728538 0.406173 0.0367249 0.0924266
2 0.846043 0.350931 0.0627165 0.0853013
0 0.803337 0.442412 0.0350037 0.169662
2 0.97706 0.344831 0.0455395 0.110796
2 0.668667 0.417729 0.0787552 0.108787
