2 0.898945 0.451116 0.201196 0.187612
5 0.724576 0.31196 0.175604 0.196281
0 0.733091 0.613983 0.0901405 0.382397
0 0.833924 0.72179 0.0759574 0.498588
2 0.836794 0.343429 0.0593304 0.0930256
0 0.262884 0.479053 0.0531392 0.1286
2 0.973183 0.33257 0.0530424 0.118098
0 0.148737 0.509607 0.0725879 0.125667
0 0.723541 0.394419 0.0359074 0.0857183
0 0.987194 0.718764 0.0250248 0.324725
0 0.0601853 0.534645 0.103965 0.185751
0 0.691144 0.553491 0.0454334 0.308589
2 0.911409 0.342432 0.136864 0.0864216
0 0.755163 0.392115 0.0371132 0.112308
0 0.653317 0.531761 0.0393845 0.256005
0 0.775228 0.512809 0.0524631 0.258295
26 0.858562 0.834533 0.0660069 0.142034
28 0.857469 0.835243 0.0671608 0.14229
0 0.316946 0.461025 0.0577535 0.151942
