5 0.725618 0.305538 0.173847 0.198797
2 0.889305 0.437909 0.194455 0.180869
0 0.972976 0.749101 0.0532974 0.492147
2 0.918027 0.347442 0.136047 0.108123
0 0.757185 0.736251 0.0974142 0.506534
0 0.237631 0.475917 0.0626071 0.131002
2 0.97448 0.326751 0.0505306 0.11065
2 0.837771 0.33112 0.0557634 0.0821191
0 0.337863 0.599391 0.0974697 0.470998
0 0.781204 0.483773 0.0569851 0.222836
0 0.726281 0.388205 0.0370857 0.0850673
0 0.713489 0.601076 0.0849434 0.393407
0 0.716941 0.729335 0.175533 0.499754
2 0.667883 0.389283 0.0786482 0.0988477
