2 0.413234 0.695446 0.403302 0.58246
2 0.484847 0.421423 0.163283 0.204253
2 0.595295 0.414594 0.135674 0.193444
2 0.266838 0.373886 0.0775616 0.169089
2 0.74819 0.466358 0.227984 0.285972
0 0.104577 0.463135 0.0432231 0.39213
0 0.139043 0.379178 0.0446077 0.262667
2 0.351648 0.354532 0.105288 0.124523
3 0.838957 0.592829 0.0514652 0.112449
2 0.413234 0.695446 0.403302 0.58246
2 0.484847 0.421423 0.163283 0.204253
2 0.595295 0.414594 0.135674 0.193444
2 0.266838 0.373886 0.0775616 0.169089
2 0.74819 0.466358 0.227984 0.285972
0 0.104577 0.463135 0.0432231 0.39213
0 0.139043 0.379178 0.0446077 0.262667
2 0.351648 0.354532 0.105288 0.124523
3 0.838957 0.592829 0.0514652 0.112449
