2 0.417617 0.649262 0.820605 0.686408
2 0.142849 0.573099 0.284805 0.449165
2 0.282056 0.256556 0.161333 0.120634
2 0.392628 0.241894 0.0548371 0.0808571
0 0.183135 0.217412 0.0250405 0.117971
2 0.741757 0.396286 0.187969 0.267554
2 0.519406 0.304768 0.206599 0.0819065
0 0.517028 0.22964 0.0210518 0.0796118
2 0.627045 0.285658 0.0947819 0.0658216
2 0.837637 0.287889 0.0749397 0.12237
3 0.974341 0.336694 0.0323202 0.0774375
0 0.445509 0.242168 0.0201012 0.0851453
0 0.164883 0.214643 0.018429 0.118093
5 0.532998 0.1958 0.105888 0.105816
