2 0.911915 0.397449 0.138675 0.177255
2 0.953917 0.494315 0.0920601 0.207987
0 0.61946 0.79709 0.106574 0.403142
0 0.722687 0.650456 0.0891258 0.40746
0 0.823749 0.48071 0.0422556 0.218349
0 0.777062 0.509795 0.0621674 0.243331
0 0.220442 0.514895 0.0646549 0.121667
2 0.842676 0.35436 0.0644365 0.0909358
5 0.728976 0.312912 0.171106 0.168715
2 0.976405 0.341632 0.0464527 0.102082
0 0.727213 0.410138 0.0390371 0.0891017
3 0.786674 0.572341 0.0479452 0.135793
2 0.669239 0.414045 0.0819069 0.102129
5 0.762397 0.310798 0.106994 0.167393
