2 0.919226 0.369936 0.160585 0.243343
2 0.207366 0.38589 0.280188 0.327328
0 0.639331 0.438281 0.102874 0.393958
2 0.413393 0.277536 0.0937186 0.147401
0 0.370654 0.394476 0.108007 0.331875
1 0.613421 0.526854 0.11167 0.290664
7 0.103359 0.281405 0.206415 0.328328
0 0.729457 0.300396 0.0411516 0.246398
0 0.509165 0.276313 0.0299763 0.178505
0 0.640546 0.226041 0.0565156 0.149838
0 0.489569 0.265253 0.0230875 0.156807
2 0.464775 0.221959 0.0439125 0.072757
3 0.776897 0.414305 0.0493612 0.185795
0 0.818722 0.323137 0.038415 0.251012
