2 0.769878 0.668318 0.458162 0.636439
2 0.400706 0.34438 0.145151 0.219071
2 0.467599 0.248585 0.0594919 0.0850916
2 0.943279 0.30988 0.112415 0.103423
0 0.589196 0.336682 0.0398771 0.245956
0 0.659973 0.267334 0.0349175 0.153737
7 0.122689 0.330756 0.24501 0.258295
0 0.855862 0.276981 0.0480865 0.157105
0 0.518589 0.309636 0.0302971 0.192336
0 0.540584 0.309671 0.0291847 0.208566
2 0.354394 0.25735 0.094053 0.1116
0 0.6397 0.251802 0.0288012 0.174064
0 0.759153 0.280808 0.04657 0.184021
0 0.560058 0.321907 0.026079 0.224071
