0 0.624695 0.643683 0.178425 0.680826
2 0.933316 0.375964 0.132367 0.237638
2 0.411147 0.363591 0.16227 0.257297
0 0.0694659 0.669402 0.138415 0.643377
1 0.568422 0.769042 0.137565 0.45345
0 0.180203 0.644705 0.13343 0.604555
2 0.318438 0.261737 0.118791 0.152451
7 0.134317 0.29255 0.267868 0.39184
0 0.753741 0.311923 0.0454493 0.250299
0 0.576734 0.347404 0.0519422 0.287214
2 0.469213 0.272572 0.0787603 0.133252
0 0.63297 0.251154 0.0436285 0.177764
0 0.538215 0.284661 0.028704 0.184169
2 0.55571 0.210516 0.0395023 0.066246
2 0.402894 0.216373 0.0580167 0.0477704
0 0.846878 0.333234 0.0440239 0.254819
