2 0.92807 0.366769 0.143035 0.238214
2 0.107718 0.526617 0.214335 0.512437
0 0.337892 0.489127 0.184282 0.460727
2 0.403118 0.302482 0.118089 0.189046
0 0.666416 0.505933 0.127149 0.475449
7 0.14505 0.245576 0.289358 0.293673
1 0.641635 0.620631 0.0830025 0.356728
2 0.46767 0.221664 0.0584431 0.0745155
3 0.327825 0.605116 0.141996 0.385892
3 0.790141 0.412679 0.053326 0.188238
0 0.745462 0.298008 0.0459299 0.243975
0 0.525569 0.27414 0.0266088 0.177174
0 0.569647 0.338396 0.0463224 0.294236
0 0.631916 0.243033 0.0385241 0.184764
