2 0.667553 0.69893 0.545395 0.581089
2 0.166481 0.489546 0.332692 0.198925
2 0.154344 0.733428 0.307166 0.481157
2 0.937462 0.404343 0.123989 0.246097
2 0.569344 0.405875 0.213514 0.173233
2 0.759856 0.384436 0.171824 0.0995307
2 0.86637 0.376231 0.105282 0.127861
2 0.327349 0.391216 0.161331 0.182019
2 0.446441 0.323727 0.0746034 0.0930097
0 0.0440949 0.340633 0.0299768 0.093943
2 0.213427 0.295371 0.0421235 0.0676027
2 0.0293404 0.401517 0.0584969 0.0814598
2 0.691407 0.332232 0.12394 0.123548
