0 0.650451 0.724474 0.183815 0.544931
2 0.123117 0.447479 0.245387 0.237227
2 0.379704 0.608375 0.500038 0.431989
2 0.821415 0.611874 0.315399 0.46959
2 0.622789 0.382446 0.170494 0.153125
2 0.942268 0.406089 0.114343 0.258404
2 0.737343 0.411463 0.189152 0.171098
2 0.359614 0.454061 0.366823 0.224784
2 0.86778 0.349831 0.0953651 0.0824855
2 0.821738 0.315702 0.103277 0.0619333
2 0.692083 0.304578 0.121003 0.0839353
0 0.0462635 0.300373 0.0227012 0.0807317
2 0.249079 0.329686 0.138125 0.0888125
2 0.372712 0.338138 0.144957 0.113297
2 0.541993 0.346773 0.118309 0.0891802
