0 0.445165 0.683259 0.277238 0.622635
2 0.936699 0.372722 0.125548 0.2428
2 0.51599 0.446207 0.325595 0.377693
7 0.099675 0.287144 0.197953 0.566154
0 0.642781 0.250677 0.0336321 0.181499
2 0.383112 0.244782 0.0809857 0.0984506
1 0.392519 0.877348 0.18627 0.232864
2 0.483909 0.229678 0.0533338 0.0649237
3 0.808681 0.418261 0.0550716 0.204147
0 0.721594 0.272132 0.0361046 0.179116
0 0.591519 0.278412 0.0367657 0.135969
2 0.261108 0.285562 0.147088 0.184659
0 0.759167 0.311684 0.047266 0.249204
0 0.561141 0.263062 0.0324842 0.108126
