2 0.738357 0.287988 0.420586 0.463517
0 0.248879 0.590397 0.139489 0.592203
2 0.457875 0.0744775 0.157131 0.117604
0 0.967848 0.158759 0.0637867 0.229192
0 0.542233 0.0691192 0.025008 0.122876
2 0.207506 0.0741091 0.0870498 0.142853
2 0.230125 0.564488 0.458576 0.833901
0 0.35126 0.0468387 0.0223473 0.0936775
3 0.0549284 0.0975781 0.0885227 0.0989608
0 0.209826 0.0795105 0.0301585 0.140038
2 0.63992 0.0533286 0.0595139 0.100573
0 0.139762 0.0842842 0.038624 0.151768
7 0.232923 0.563819 0.463592 0.841906
2 0.571981 0.0586915 0.0413067 0.0897344
