0 0.744807 0.683312 0.0874781 0.452694
0 0.0617025 0.834906 0.108963 0.325153
5 0.734611 0.326589 0.172062 0.194155
0 0.372889 0.785087 0.0913515 0.423639
2 0.924402 0.396196 0.145449 0.17425
0 0.269645 0.841445 0.101414 0.313008
0 0.931187 0.515553 0.0508945 0.260006
0 0.785256 0.504327 0.0612249 0.237428
0 0.82369 0.472034 0.0369621 0.202658
2 0.851036 0.353144 0.0608791 0.0846061
26 0.747385 0.62865 0.0642617 0.193901
2 0.979671 0.337301 0.0400208 0.106309
0 0.712509 0.413998 0.0464159 0.103072
0 0.668533 0.547417 0.0457825 0.253251
