2 0.765054 0.623414 0.419292 0.488153
2 0.292005 0.646522 0.576615 0.493733
0 0.78322 0.710215 0.161702 0.579571
2 0.618118 0.384234 0.186823 0.157367
2 0.941314 0.403885 0.116691 0.239903
2 0.530944 0.369728 0.133868 0.138197
2 0.871203 0.351328 0.100524 0.0898055
2 0.734721 0.421097 0.192199 0.190373
2 0.824141 0.313574 0.103623 0.0598374
2 0.10852 0.443005 0.216725 0.225343
0 0.372902 0.527187 0.0555605 0.109811
2 0.241123 0.326249 0.0822488 0.117601
2 0.693591 0.304509 0.12066 0.0897915
7 0.0735027 0.251254 0.108456 0.16022
24 0.727849 0.655548 0.0624676 0.169671
2 0.37055 0.322038 0.138492 0.0775022
0 0.0625035 0.297662 0.0228605 0.0719863
