2 0.543128 0.719095 0.683859 0.543027
2 0.925324 0.41277 0.148245 0.270689
2 0.505552 0.41961 0.237012 0.174067
0 0.150064 0.879 0.125153 0.23824
2 0.734451 0.423587 0.180301 0.153326
2 0.0421317 0.609138 0.0837782 0.236658
0 0.0385099 0.37247 0.0350618 0.147325
7 0.0688268 0.287371 0.109487 0.181494
2 0.84856 0.403608 0.110407 0.1588
2 0.674887 0.350582 0.141512 0.136059
2 0.40476 0.345922 0.152908 0.0920964
2 0.30526 0.299882 0.0679642 0.0586565
2 0.262414 0.414928 0.18877 0.206105
0 0.165045 0.69965 0.0759564 0.142202
