2 0.891993 0.441317 0.204188 0.18157
5 0.723495 0.310984 0.174298 0.206479
0 0.781384 0.744021 0.0784089 0.501914
0 0.72471 0.610999 0.0803174 0.382772
2 0.909788 0.346997 0.143563 0.104817
0 0.347053 0.455441 0.0664528 0.161005
0 0.247409 0.483904 0.0524808 0.129523
0 0.687699 0.548504 0.0524467 0.310436
2 0.972456 0.328636 0.054496 0.110309
0 0.77635 0.441887 0.0563244 0.122626
2 0.83385 0.336947 0.0549412 0.0873843
0 0.722898 0.39167 0.0365432 0.0897176
0 0.68834 0.483596 0.0503792 0.188408
0 0.304321 0.456334 0.046262 0.158741
0 0.974676 0.742534 0.0497532 0.510755
0 0.97691 0.664372 0.0457169 0.389761
2 0.664248 0.397487 0.08155 0.101654
