2 0.707721 0.69229 0.492381 0.576119
2 0.589579 0.399502 0.204449 0.16996
2 0.207866 0.695499 0.415169 0.468241
2 0.060181 0.420675 0.120049 0.143967
2 0.209934 0.459994 0.385156 0.168409
2 0.935439 0.405375 0.127956 0.253833
2 0.870583 0.366397 0.106673 0.114193
2 0.696806 0.321678 0.121931 0.114747
2 0.826158 0.318653 0.110062 0.0609225
2 0.741623 0.398787 0.208993 0.134739
2 0.216251 0.291935 0.0421241 0.0693359
2 0.348165 0.378162 0.149755 0.178081
0 0.0881946 0.315938 0.0301793 0.0848319
0 0.0421816 0.322618 0.0271368 0.0613596
