0 0.0867442 0.800736 0.112714 0.398528
0 0.726407 0.656206 0.0968719 0.424787
5 0.733692 0.31784 0.167594 0.193234
0 0.821933 0.772041 0.100423 0.453835
2 0.919549 0.393011 0.149474 0.176271
0 0.775677 0.480276 0.057496 0.200257
2 0.978461 0.502404 0.0420744 0.153086
0 0.849322 0.483545 0.0471798 0.224977
2 0.846336 0.344616 0.0637156 0.0816408
0 0.817095 0.443433 0.0359959 0.180442
2 0.670128 0.415712 0.081756 0.109759
26 0.714048 0.605726 0.0678026 0.183164
2 0.977829 0.340702 0.0436253 0.118423
