2 0.269607 0.765748 0.538576 0.449147
2 0.536808 0.503695 0.118205 0.146825
2 0.091164 0.679313 0.182017 0.254288
2 0.912002 0.486467 0.116121 0.142612
2 0.652444 0.549464 0.267636 0.290014
0 0.724867 0.722415 0.131057 0.439705
2 0.797269 0.513741 0.05694 0.147644
3 0.71747 0.839318 0.10892 0.315821
2 0.845733 0.449199 0.0600945 0.0912411
2 0.265572 0.44395 0.0578855 0.0875281
2 0.189517 0.50858 0.169833 0.15232
0 0.469105 0.428684 0.0189585 0.0808745
2 0.0560872 0.505128 0.111358 0.124273
0 0.49813 0.429427 0.0171184 0.0816759
