2 0.905917 0.483864 0.123631 0.159565
2 0.462363 0.508681 0.143935 0.161813
2 0.133088 0.849957 0.265076 0.277629
2 0.769641 0.522708 0.0819004 0.180298
2 0.59652 0.562336 0.303248 0.329743
0 0.981397 0.554829 0.0365997 0.235423
2 0.269859 0.435611 0.122868 0.0981734
3 0.602799 0.883165 0.172703 0.230309
2 0.832745 0.441074 0.0565344 0.0928258
0 0.61009 0.766575 0.169552 0.442902
0 0.139399 0.504631 0.0366722 0.105331
2 0.968839 0.441427 0.0599474 0.0886069
2 0.405209 0.411193 0.0982066 0.0995374
0 0.41453 0.425181 0.0165139 0.0835726
