0 0.912932 0.715761 0.116163 0.48688
2 0.912814 0.464976 0.173178 0.202832
0 0.73872 0.623733 0.0863508 0.37907
5 0.725702 0.317191 0.177689 0.192615
0 0.180571 0.813095 0.107563 0.3678
2 0.901687 0.367887 0.13824 0.12014
2 0.837809 0.352721 0.0607407 0.0947274
3 0.782284 0.577492 0.0555435 0.140558
0 0.774344 0.503539 0.0617546 0.229708
0 0.654988 0.53472 0.0430588 0.245871
2 0.972617 0.32984 0.0538652 0.0996296
0 0.691621 0.498393 0.0404148 0.18512
0 0.274995 0.491452 0.057463 0.132558
0 0.721412 0.414175 0.0368952 0.102593
2 0.661996 0.412483 0.0797295 0.109845
26 0.953738 0.814427 0.0608761 0.12668
0 0.185491 0.51495 0.0683319 0.130005
