2 0.279389 0.722737 0.556966 0.531412
2 0.663179 0.495025 0.138802 0.188148
2 0.800297 0.446127 0.100435 0.113664
0 0.970485 0.560532 0.0585938 0.288009
2 0.868535 0.422617 0.0568279 0.100333
2 0.433196 0.5013 0.24821 0.22493
0 0.0578909 0.371781 0.021854 0.12143
2 0.585836 0.398778 0.0851355 0.0825635
2 0.228768 0.38026 0.0972262 0.0958727
2 0.903881 0.411891 0.0294317 0.0597275
0 0.25592 0.406353 0.0303838 0.099503
0 0.92815 0.423628 0.0368156 0.115517
0 0.742741 0.426113 0.0311709 0.13565
0 0.174227 0.374033 0.0263231 0.102612
2 0.987138 0.419741 0.0249649 0.0715038
