0 0.749578 0.714936 0.108942 0.480321
0 0.957663 0.528722 0.0650997 0.28079
0 0.190246 0.818856 0.129934 0.361358
5 0.739499 0.329227 0.174217 0.196944
2 0.9238 0.401304 0.139063 0.176331
0 0.843766 0.478427 0.0500645 0.225734
0 0.452537 0.820925 0.0770194 0.356124
0 0.486693 0.773412 0.0754408 0.439701
3 0.788428 0.557235 0.0505761 0.132108
2 0.853562 0.352804 0.0604042 0.0810553
0 0.782928 0.478478 0.0591689 0.191027
2 0.981025 0.347661 0.0372643 0.105405
0 0.714838 0.418866 0.0518785 0.106902
0 0.70949 0.499251 0.044007 0.173977
0 0.0931587 0.536541 0.084482 0.146595
