2 0.835943 0.578141 0.327172 0.407498
2 0.504892 0.556208 0.39784 0.357196
2 0.0879021 0.437617 0.174738 0.182963
2 0.745907 0.429333 0.181863 0.187211
2 0.145325 0.733663 0.289339 0.510359
2 0.177193 0.422525 0.249877 0.19339
2 0.653351 0.369067 0.15154 0.116882
0 0.447456 0.639482 0.0724827 0.544097
2 0.945886 0.367037 0.107028 0.153488
7 0.0761608 0.244985 0.105526 0.126634
2 0.828411 0.321155 0.0998243 0.0561719
2 0.375877 0.367561 0.16299 0.154133
2 0.693158 0.308911 0.1258 0.0781795
2 0.258061 0.322652 0.150718 0.102697
2 0.577023 0.344827 0.0842306 0.0712137
2 0.872651 0.34685 0.0951954 0.0637543
