5 0.738059 0.329283 0.173561 0.197721
0 0.748871 0.706062 0.0948883 0.478055
2 0.921102 0.400214 0.134051 0.175525
0 0.941386 0.514629 0.0439968 0.2712
0 0.83144 0.469358 0.0394077 0.213813
0 0.331602 0.833206 0.11009 0.332501
0 0.111136 0.821468 0.0991698 0.355206
0 0.425931 0.78076 0.128261 0.432548
0 0.0344258 0.551188 0.0686092 0.149925
3 0.788218 0.560195 0.0539587 0.13109
0 0.979348 0.477759 0.0406279 0.215607
2 0.851877 0.354106 0.0605228 0.0836143
0 0.711087 0.41623 0.045665 0.103509
2 0.980167 0.340078 0.0389912 0.0952126
0 0.784837 0.497294 0.0613423 0.218436
0 0.70947 0.533185 0.0481228 0.246288
