2 0.89794 0.449973 0.203384 0.185509
5 0.726487 0.315108 0.174474 0.202446
0 0.732365 0.61236 0.0905963 0.380226
0 0.824512 0.730197 0.0747997 0.508857
0 0.984457 0.749016 0.0304312 0.400333
2 0.836909 0.342667 0.0590744 0.0925158
0 0.261433 0.480233 0.0533857 0.128209
0 0.774351 0.447811 0.0520023 0.128416
2 0.91225 0.345815 0.136476 0.093383
0 0.31565 0.460265 0.0635786 0.154979
26 0.841763 0.838657 0.0696793 0.136818
0 0.723654 0.393896 0.0356966 0.0841727
2 0.972779 0.341654 0.0537508 0.133293
0 0.142946 0.509116 0.0749966 0.133258
0 0.690785 0.551509 0.0471313 0.305588
28 0.83972 0.837095 0.0734833 0.140195
0 0.20989 0.475835 0.0565325 0.155375
2 0.66705 0.402077 0.0832293 0.104181
0 0.360195 0.461163 0.0418571 0.161037
0 0.653796 0.524974 0.0402168 0.24083
