2 0.601568 0.609478 0.392304 0.411163
2 0.898349 0.452589 0.128483 0.245817
0 0.0786717 0.395957 0.0400725 0.197203
2 0.979068 0.378335 0.0409134 0.0991725
2 0.836901 0.366902 0.133686 0.148658
2 0.0271514 0.445346 0.0539794 0.248687
9 0.198408 0.107942 0.0349676 0.16902
2 0.211614 0.509107 0.0750873 0.147291
2 0.632854 0.314085 0.077586 0.0725351
0 0.477746 0.375323 0.0343063 0.0749836
7 0.406844 0.479807 0.334408 0.358346
2 0.661626 0.376988 0.114944 0.0660116
7 0.041754 0.284502 0.0831796 0.142425
