0 0.74867 0.714811 0.108907 0.480402
5 0.739214 0.328247 0.17558 0.194737
0 0.96312 0.525728 0.0563425 0.288067
2 0.92644 0.401137 0.140748 0.17605
0 0.213953 0.815911 0.105668 0.366648
0 0.844054 0.479604 0.0468159 0.220731
0 0.469647 0.821135 0.0766053 0.355107
3 0.789857 0.557434 0.0469835 0.132315
0 0.496382 0.766841 0.0672203 0.456065
0 0.0173565 0.88573 0.0343561 0.218499
0 0.781596 0.479201 0.0597565 0.196141
2 0.853535 0.353345 0.0607296 0.0852027
2 0.980986 0.347815 0.0373684 0.106167
0 0.709377 0.497084 0.0434019 0.172967
