2 0.911886 0.396837 0.13786 0.176763
2 0.952556 0.495252 0.09468 0.214273
0 0.722047 0.649998 0.0905217 0.408566
0 0.611406 0.798992 0.120375 0.399033
0 0.77602 0.506811 0.0641788 0.238655
0 0.822367 0.479914 0.0433578 0.217513
5 0.728522 0.313788 0.171235 0.171918
2 0.97609 0.340011 0.0469765 0.102926
2 0.841945 0.353509 0.0644899 0.0902751
0 0.217657 0.514579 0.0639538 0.127642
0 0.726485 0.409488 0.0382906 0.0882302
2 0.668121 0.41715 0.0821575 0.109842
3 0.786854 0.571971 0.0471161 0.136185
0 0.355088 0.640432 0.0600977 0.433353
