2 0.902026 0.451754 0.195545 0.189461
5 0.724553 0.310117 0.17516 0.192446
0 0.733473 0.614472 0.0886548 0.382198
0 0.833701 0.725815 0.103359 0.495894
2 0.973235 0.32998 0.0529364 0.112883
0 0.722754 0.396332 0.036776 0.0872065
2 0.836632 0.345195 0.0594681 0.0940171
0 0.265064 0.480438 0.0549427 0.129845
0 0.777183 0.511801 0.0561783 0.255383
0 0.692177 0.557247 0.0417263 0.313901
0 0.159234 0.511934 0.0712025 0.120793
0 0.653794 0.526715 0.0425914 0.244443
2 0.907629 0.341316 0.146073 0.0809472
2 0.666831 0.40381 0.0828762 0.105767
28 0.874886 0.839399 0.074193 0.145364
0 0.753805 0.392799 0.0339275 0.116588
0 0.324098 0.463543 0.0635559 0.151741
