2 0.360877 0.524792 0.408687 0.318122
2 0.190327 0.801151 0.377205 0.379922
2 0.195591 0.421607 0.323547 0.261094
0 0.755057 0.536833 0.0996203 0.316396
9 0.210721 0.0893384 0.0347645 0.170804
2 0.521938 0.402826 0.142524 0.152991
0 0.0370398 0.324923 0.0256886 0.108968
7 0.669664 0.397408 0.176281 0.235825
0 0.0828257 0.336471 0.0290101 0.112676
2 0.975567 0.394003 0.0477009 0.165086
2 0.86091 0.465624 0.166407 0.228546
0 0.407288 0.446576 0.0339657 0.06675
2 0.904413 0.347478 0.0967966 0.110261
