2 0.567602 0.712114 0.659508 0.555393
2 0.523174 0.416553 0.233986 0.180344
2 0.928454 0.410323 0.142281 0.253922
2 0.0813241 0.591376 0.161886 0.319341
0 0.07751 0.861309 0.15252 0.269882
2 0.73515 0.415095 0.192433 0.142002
0 0.0402152 0.36901 0.033053 0.147728
2 0.852352 0.390529 0.114528 0.142452
7 0.0694144 0.267576 0.103948 0.148661
2 0.679722 0.34014 0.138254 0.126706
2 0.425976 0.339032 0.102114 0.0888835
2 0.270683 0.412502 0.181188 0.207769
2 0.210141 0.298086 0.0450912 0.0670362
2 0.818098 0.32847 0.108558 0.0699529
