2 0.940428 0.488708 0.118081 0.218454
5 0.725909 0.31741 0.169476 0.18619
0 0.468867 0.791608 0.12764 0.41494
2 0.90782 0.393096 0.139056 0.170104
0 0.714786 0.641427 0.0858501 0.408804
2 0.840248 0.354592 0.0620758 0.095768
0 0.77033 0.497167 0.0646473 0.227802
0 0.803145 0.469197 0.0370878 0.212756
2 0.974457 0.333431 0.0504593 0.0969939
2 0.66525 0.415364 0.0827354 0.112042
0 0.322011 0.64254 0.0660887 0.421826
3 0.782398 0.567155 0.0606565 0.150799
26 0.698483 0.580476 0.0598705 0.163812
0 0.725206 0.408256 0.0376703 0.0926002
