0 0.744892 0.732424 0.1002 0.49637
0 0.524585 0.819303 0.0952198 0.359694
0 0.0434502 0.821402 0.0865756 0.351923
5 0.742817 0.327684 0.175946 0.193021
0 0.979077 0.532942 0.041259 0.275659
2 0.923831 0.40227 0.136114 0.17682
0 0.852977 0.488452 0.0439354 0.224531
0 0.259779 0.808186 0.0903188 0.377125
3 0.788529 0.557317 0.0510736 0.129499
2 0.854278 0.35498 0.0605965 0.0877552
0 0.783087 0.481812 0.0587539 0.199484
0 0.133978 0.532126 0.0797623 0.140788
0 0.515255 0.621004 0.0658392 0.176795
0 0.709937 0.497578 0.0424335 0.169289
2 0.982631 0.346743 0.0340782 0.103787
