2 0.913725 0.397162 0.140466 0.175983
2 0.958234 0.492205 0.0823086 0.200362
0 0.652904 0.787419 0.0998618 0.420898
0 0.720844 0.649879 0.0845951 0.408337
0 0.77806 0.50405 0.0621961 0.225481
0 0.82949 0.477035 0.0396252 0.2191
2 0.843621 0.352711 0.0635899 0.088567
3 0.781773 0.570389 0.0591776 0.138341
0 0.232693 0.518562 0.0665813 0.117348
2 0.976642 0.34364 0.0458847 0.105688
5 0.763825 0.311872 0.109194 0.172804
0 0.727599 0.409053 0.0398645 0.0903619
2 0.668688 0.418779 0.0811502 0.111076
5 0.730056 0.315328 0.173208 0.17234
