2 0.263294 0.772381 0.525935 0.436589
2 0.531874 0.506801 0.121141 0.14679
2 0.912445 0.487782 0.118383 0.143905
2 0.648131 0.549527 0.269884 0.291488
0 0.720638 0.72758 0.127178 0.446259
3 0.709227 0.841773 0.106192 0.311316
2 0.084524 0.666712 0.168668 0.220364
2 0.17759 0.509426 0.173881 0.15298
2 0.796038 0.516203 0.0584866 0.150568
2 0.265526 0.44588 0.08274 0.0906534
2 0.844672 0.449367 0.0577518 0.0914196
0 0.387696 0.477732 0.0293858 0.115059
0 0.46954 0.429937 0.0185385 0.0821632
2 0.0512139 0.504796 0.101831 0.121286
0 0.98332 0.570179 0.0326309 0.249494
0 0.498268 0.4335 0.0178753 0.0920929
2 0.969721 0.450816 0.0596014 0.0901333
