2 0.237038 0.788021 0.471259 0.407991
2 0.514659 0.509192 0.129623 0.149355
2 0.911177 0.488754 0.119174 0.148908
0 0.698809 0.748983 0.138414 0.477638
2 0.636083 0.556924 0.278292 0.30391
2 0.788281 0.520859 0.0669082 0.163218
2 0.842792 0.448193 0.0549423 0.0898273
2 0.130497 0.518106 0.177977 0.167158
3 0.686536 0.846548 0.118088 0.299395
2 0.265133 0.446214 0.0902267 0.0923101
0 0.983214 0.547317 0.0326416 0.206594
2 0.031654 0.51456 0.0628327 0.12327
2 0.395151 0.424528 0.0836878 0.101601
0 0.389736 0.474664 0.029664 0.116221
