0 0.891536 0.701831 0.171949 0.583304
2 0.427938 0.536918 0.299222 0.258745
2 0.101138 0.535907 0.20126 0.257665
2 0.217829 0.461265 0.238249 0.164874
2 0.933808 0.447488 0.125417 0.149684
2 0.0732303 0.848501 0.145313 0.280927
2 0.303782 0.336827 0.0480025 0.0598789
0 0.0731042 0.369718 0.0425043 0.0897403
9 0.19724 0.132401 0.0330043 0.164231
2 0.646178 0.337728 0.0460191 0.0672489
2 0.942129 0.333785 0.0497976 0.0609822
2 0.705834 0.621428 0.24168 0.448847
2 0.862222 0.385282 0.0665527 0.0658434
2 0.163615 0.342431 0.0324959 0.0660807
