2 0.685017 0.698665 0.524013 0.586111
2 0.938402 0.403478 0.122138 0.244642
2 0.18138 0.477337 0.36276 0.184929
2 0.577599 0.403606 0.21201 0.170151
2 0.175824 0.714117 0.351647 0.473111
2 0.0400732 0.413699 0.0798244 0.113753
2 0.868415 0.373075 0.103374 0.127716
2 0.7642 0.383235 0.170083 0.099894
0 0.0433345 0.334375 0.0290357 0.0824316
2 0.333999 0.38528 0.155014 0.183257
2 0.214046 0.295604 0.0410035 0.0667242
2 0.694615 0.327644 0.125727 0.119757
2 0.825309 0.320027 0.109223 0.0595103
2 0.437449 0.32907 0.0803879 0.0844228
0 0.0872449 0.318 0.0326795 0.0864479
