2 0.265624 0.728656 0.529159 0.52147
2 0.797949 0.441779 0.102901 0.117578
2 0.659572 0.491872 0.141836 0.200872
0 0.971 0.555612 0.0574524 0.285061
2 0.866852 0.416937 0.0549889 0.103582
2 0.597246 0.390017 0.0773359 0.0766431
0 0.246489 0.399958 0.0356733 0.114924
2 0.901323 0.407151 0.029952 0.0594569
2 0.224601 0.37578 0.0903914 0.0978239
2 0.406365 0.527195 0.266673 0.281321
0 0.0594111 0.371939 0.0201547 0.116714
0 0.744259 0.423361 0.0308928 0.138293
0 0.926509 0.419817 0.0382221 0.11384
0 0.174548 0.370207 0.0251469 0.101414
