0 0.745846 0.728083 0.102175 0.491802
0 0.0392822 0.825336 0.0784251 0.344907
5 0.742538 0.327926 0.175112 0.193225
0 0.978435 0.534152 0.0425953 0.274719
0 0.514449 0.819732 0.0919836 0.359958
2 0.923247 0.401414 0.134762 0.176393
0 0.850838 0.483591 0.0450186 0.223337
0 0.250067 0.811228 0.0896017 0.374042
3 0.788203 0.55792 0.0498863 0.130364
2 0.853797 0.354274 0.0601673 0.0883933
0 0.782995 0.482397 0.0578688 0.200705
0 0.509054 0.639422 0.0678515 0.218488
2 0.981898 0.347248 0.0355633 0.105434
0 0.711329 0.498602 0.0440562 0.170482
