2 0.918062 0.397551 0.148048 0.174794
0 0.706399 0.786936 0.0923841 0.419855
0 0.0307494 0.806447 0.0612386 0.379337
2 0.965822 0.496692 0.0672943 0.193482
3 0.782692 0.568767 0.059721 0.139496
0 0.261617 0.511574 0.0638455 0.126332
5 0.731429 0.321285 0.170117 0.182875
0 0.77967 0.501481 0.0642969 0.221756
0 0.835129 0.480997 0.0467525 0.219037
0 0.724828 0.575161 0.0774246 0.259092
2 0.845943 0.351754 0.0631399 0.0871755
0 0.728188 0.405437 0.0371442 0.0916312
2 0.977084 0.345441 0.0449245 0.112513
2 0.668688 0.417826 0.078504 0.108307
0 0.801967 0.437027 0.0356665 0.160545
