2 0.71189 0.688409 0.483233 0.573222
2 0.59304 0.398167 0.204686 0.170964
2 0.21673 0.701194 0.432198 0.502037
2 0.0665171 0.428444 0.133034 0.157195
2 0.739677 0.396916 0.200139 0.132701
2 0.870708 0.364314 0.106111 0.110349
2 0.825976 0.318752 0.108086 0.0618322
2 0.348526 0.373675 0.155658 0.167629
2 0.695991 0.316909 0.121959 0.105485
2 0.215557 0.292193 0.0427659 0.0694851
2 0.284855 0.45463 0.256375 0.16012
2 0.935569 0.396125 0.127706 0.232923
0 0.372318 0.361008 0.0217035 0.061046
0 0.0864512 0.315242 0.0300334 0.087056
