2 0.357368 0.718732 0.674967 0.54222
2 0.87743 0.455179 0.189908 0.20506
2 0.267936 0.414445 0.295377 0.243949
9 0.212881 0.0943092 0.0341465 0.171572
2 0.521477 0.459894 0.257551 0.200103
0 0.0221331 0.330445 0.0216561 0.105108
0 0.0846002 0.379906 0.0348677 0.189582
7 0.712718 0.396423 0.159731 0.220517
2 0.986172 0.395522 0.0268982 0.138532
2 0.848274 0.334534 0.0581964 0.0619
0 0.659344 0.493209 0.0485332 0.176006
2 0.924032 0.345814 0.106149 0.102557
2 0.182015 0.305078 0.0454122 0.0645901
