0 0.743774 0.740716 0.0983006 0.506461
0 0.048455 0.821783 0.0966491 0.353487
0 0.535861 0.818677 0.0931316 0.360078
5 0.742727 0.329111 0.179338 0.194568
2 0.924144 0.403155 0.134804 0.177292
0 0.267785 0.807164 0.0923715 0.383333
0 0.854654 0.491264 0.0426613 0.221191
0 0.979865 0.535389 0.0396976 0.27356
2 0.855392 0.358654 0.061277 0.0898013
3 0.78694 0.557724 0.054817 0.131738
0 0.783269 0.486309 0.0595024 0.206845
0 0.709547 0.503572 0.0397738 0.169867
0 0.137369 0.530932 0.0829806 0.140239
