0 0.739336 0.742962 0.0980747 0.490262
0 0.0796733 0.820638 0.10285 0.353953
5 0.742361 0.332797 0.178306 0.20322
0 0.299334 0.802842 0.103686 0.390335
2 0.928773 0.404402 0.127605 0.176149
0 0.858739 0.488135 0.0421516 0.224231
0 0.579393 0.809682 0.0736872 0.379958
0 0.53114 0.7657 0.0584069 0.468044
0 0.980597 0.541723 0.0382898 0.272107
0 0.783367 0.491013 0.0598405 0.212312
2 0.856296 0.363166 0.0611736 0.0975136
0 0.167072 0.514823 0.0661054 0.164378
3 0.788871 0.558951 0.0520206 0.130163
0 0.709526 0.510013 0.0406937 0.180108
26 0.742169 0.676782 0.0706552 0.221407
2 0.983329 0.349995 0.0326363 0.108496
