0 0.739084 0.743699 0.0966105 0.492915
0 0.306039 0.800423 0.10684 0.395143
0 0.0922893 0.819439 0.105186 0.356095
2 0.930081 0.403353 0.128198 0.177629
0 0.860063 0.488027 0.04366 0.225034
5 0.741996 0.332778 0.17796 0.204635
0 0.583776 0.807906 0.0834486 0.380377
0 0.532673 0.766865 0.062358 0.461921
2 0.855834 0.362712 0.0608713 0.0974853
0 0.78246 0.490929 0.0612201 0.213288
0 0.981853 0.553047 0.0358635 0.258826
0 0.709659 0.508706 0.0413983 0.183923
3 0.787441 0.557146 0.0537663 0.132323
0 0.172447 0.513555 0.0660027 0.16601
26 0.742117 0.677421 0.0708279 0.219273
