5 0.725141 0.311719 0.175324 0.196385
2 0.89967 0.451587 0.199823 0.189523
0 0.733536 0.613943 0.0911379 0.382537
0 0.835066 0.718733 0.0831049 0.504052
2 0.836532 0.343412 0.0589699 0.0944117
0 0.0590265 0.518797 0.0994337 0.151552
0 0.723192 0.393851 0.0362726 0.0848944
2 0.973307 0.336043 0.0527584 0.123817
0 0.263544 0.480577 0.0558431 0.130851
0 0.151541 0.508555 0.073668 0.118672
0 0.777474 0.514128 0.056498 0.260203
0 0.75446 0.392187 0.0342908 0.110147
2 0.667053 0.402989 0.0832096 0.105268
0 0.691597 0.551634 0.043558 0.305011
2 0.910122 0.342542 0.139205 0.0859879
0 0.988379 0.715649 0.0226646 0.290842
0 0.653602 0.527235 0.0413733 0.245263
26 0.864831 0.837221 0.0668461 0.140993
0 0.195204 0.496214 0.0568388 0.127769
