2 0.776655 0.621794 0.397281 0.489338
2 0.34449 0.599458 0.533143 0.500801
0 0.699609 0.740614 0.166263 0.514232
2 0.621347 0.380896 0.183049 0.153703
2 0.942378 0.40142 0.114562 0.24839
2 0.117263 0.441436 0.233654 0.225132
2 0.737561 0.415963 0.191669 0.182737
2 0.869084 0.348653 0.0964668 0.0861568
2 0.528166 0.363679 0.135809 0.129045
2 0.822836 0.313349 0.103435 0.0604249
24 0.671344 0.660652 0.0815067 0.18213
0 0.0536793 0.298286 0.0235176 0.0759883
0 0.422948 0.506047 0.0541398 0.0998828
