2 0.906441 0.452957 0.186209 0.187043
5 0.724769 0.314267 0.178478 0.195456
0 0.0716182 0.82378 0.14287 0.349342
0 0.872577 0.708095 0.128307 0.47751
0 0.738136 0.618792 0.0929034 0.379378
2 0.837598 0.349709 0.0612011 0.095216
26 0.921759 0.819597 0.0660048 0.134149
0 0.722174 0.402863 0.0370012 0.0954003
0 0.77445 0.509748 0.0641466 0.242361
0 0.334574 0.459506 0.0674455 0.163161
2 0.904836 0.357232 0.141751 0.108482
2 0.972831 0.331442 0.0537119 0.106491
0 0.182278 0.511557 0.0707589 0.124889
0 0.0337635 0.674687 0.067527 0.388959
0 0.654309 0.528674 0.0431911 0.242218
2 0.661817 0.408885 0.0796864 0.110158
