2 0.809724 0.604575 0.355038 0.432659
0 0.523784 0.690255 0.166359 0.573172
2 0.138933 0.444345 0.277186 0.212813
2 0.736083 0.432806 0.188155 0.184345
2 0.458607 0.575184 0.438143 0.369792
2 0.940454 0.423868 0.118106 0.260055
2 0.639835 0.388316 0.158865 0.143429
2 0.382015 0.468413 0.299686 0.236568
2 0.866843 0.358002 0.0964554 0.0729257
2 0.820789 0.332334 0.099778 0.0618106
7 0.0715879 0.270869 0.110827 0.176064
2 0.194229 0.342722 0.145612 0.0865146
2 0.685871 0.316847 0.125424 0.0820696
2 0.552234 0.351296 0.0997196 0.0800861
