2 0.933938 0.483485 0.13113 0.214235
5 0.72481 0.318904 0.1755 0.193493
2 0.906128 0.385927 0.138986 0.158433
0 0.399241 0.80558 0.132018 0.386143
0 0.713605 0.63464 0.0815077 0.396725
0 0.768707 0.500404 0.0626932 0.224738
2 0.840266 0.353971 0.0608185 0.0967436
0 0.657313 0.537338 0.0459831 0.247656
0 0.303484 0.488842 0.058071 0.131965
2 0.973416 0.32847 0.0526302 0.0955622
26 0.699118 0.577365 0.0594776 0.159119
2 0.663983 0.414154 0.0812042 0.112381
0 0.190599 0.51333 0.0665737 0.134382
0 0.794532 0.433938 0.0358725 0.139599
