2 0.366556 0.690299 0.401014 0.412153
2 0.750897 0.543549 0.207765 0.239828
2 0.203899 0.459605 0.111116 0.113791
2 0.654131 0.466396 0.0743692 0.133339
2 0.879597 0.456322 0.0835075 0.0845866
2 0.0445826 0.762732 0.0883409 0.458404
2 0.360334 0.493734 0.359313 0.229638
2 0.260061 0.411273 0.109578 0.0727856
0 0.977707 0.578745 0.0439514 0.292587
0 0.879559 0.475061 0.0413813 0.11804
0 0.0436378 0.42419 0.0248415 0.12313
2 0.948723 0.435113 0.05434 0.0634304
2 0.380837 0.394348 0.0830934 0.0746397
2 0.432497 0.454522 0.213772 0.152139
2 0.699317 0.484813 0.121943 0.154178
