2 0.838466 0.570928 0.322188 0.403517
2 0.510204 0.552832 0.387209 0.353822
0 0.420844 0.6378 0.10248 0.52877
2 0.746942 0.42458 0.171832 0.183253
2 0.654581 0.365531 0.150404 0.115709
2 0.173789 0.726568 0.34545 0.530138
2 0.946624 0.368247 0.105589 0.155339
2 0.199174 0.422962 0.204734 0.184156
2 0.0943612 0.411922 0.187552 0.13855
2 0.82613 0.31861 0.0997367 0.0574739
2 0.871785 0.34358 0.0934254 0.0651852
2 0.575748 0.34139 0.0825867 0.0708219
2 0.694638 0.306334 0.121677 0.0769184
2 0.371835 0.365566 0.153476 0.151951
