2 0.52848 0.661294 0.458898 0.481821
7 0.323591 0.500831 0.385089 0.401285
2 0.973198 0.384547 0.0527235 0.105525
0 0.0767766 0.398853 0.0370241 0.198953
2 0.880899 0.455073 0.136358 0.250773
2 0.809568 0.372729 0.101657 0.14455
2 0.644885 0.404169 0.132916 0.108909
2 0.63036 0.316612 0.0813169 0.0718628
7 0.472329 0.317311 0.0878923 0.0959876
9 0.197184 0.113509 0.0351976 0.173897
0 0.403644 0.386971 0.0386883 0.0886923
0 0.286265 0.409755 0.0522137 0.106082
2 0.737328 0.309787 0.0639817 0.0636425
