2 0.0955614 0.536635 0.19007 0.254277
0 0.889524 0.702265 0.177216 0.582746
2 0.411616 0.544014 0.317172 0.265644
2 0.218689 0.462204 0.231187 0.163263
2 0.931909 0.450263 0.124557 0.149682
2 0.0509398 0.860608 0.100133 0.259012
2 0.303277 0.337607 0.0466317 0.0604659
2 0.860458 0.385857 0.0650623 0.0650041
9 0.197385 0.133766 0.033319 0.164254
2 0.695403 0.640443 0.246155 0.486091
2 0.0255117 0.3822 0.0506699 0.0507858
5 0.968479 0.245398 0.061911 0.120766
2 0.64835 0.340032 0.0428048 0.0666357
