2 0.802289 0.608953 0.353497 0.458167
0 0.616393 0.709163 0.135788 0.575223
2 0.399051 0.597802 0.460813 0.412815
2 0.126459 0.452319 0.252224 0.244356
2 0.624346 0.383626 0.163299 0.146913
2 0.94016 0.413467 0.118986 0.256012
2 0.740329 0.417453 0.176245 0.174899
2 0.350599 0.459669 0.320152 0.228887
2 0.684204 0.309187 0.130674 0.0827671
2 0.865315 0.35129 0.0936468 0.0804248
9 0.239196 0.0803424 0.0342939 0.159996
2 0.818499 0.320924 0.103403 0.0595347
2 0.538984 0.349742 0.102178 0.0836997
0 0.0371663 0.309455 0.0260045 0.0895796
