2 0.410745 0.741674 0.467645 0.47623
2 0.168569 0.675726 0.337137 0.326751
2 0.913897 0.472814 0.111852 0.137457
0 0.766491 0.636585 0.107236 0.338908
0 0.980656 0.573985 0.0380333 0.281606
2 0.123773 0.53636 0.200512 0.209363
3 0.764425 0.754529 0.102754 0.308145
2 0.680156 0.530574 0.256398 0.269191
2 0.316616 0.485266 0.147561 0.139105
2 0.577032 0.465941 0.0962658 0.0887736
2 0.383707 0.417582 0.0861799 0.0987809
2 0.853919 0.439229 0.0520687 0.0884775
2 0.811109 0.499362 0.0468605 0.134435
