2 0.911551 0.463276 0.175914 0.196044
0 0.739718 0.622635 0.0887663 0.379036
0 0.90251 0.712888 0.116643 0.484525
5 0.726528 0.316016 0.174599 0.19134
0 0.154128 0.80882 0.118539 0.380546
2 0.903694 0.365868 0.138257 0.114674
2 0.8381 0.351534 0.0613377 0.0938196
0 0.655226 0.533637 0.0430001 0.246866
0 0.273011 0.49108 0.0568883 0.134575
3 0.782923 0.576643 0.0550391 0.144399
0 0.775234 0.504193 0.0621037 0.229493
2 0.972583 0.330606 0.0539213 0.10362
0 0.184952 0.514423 0.0697076 0.127794
0 0.338622 0.46212 0.0674635 0.163766
0 0.721316 0.422132 0.0389244 0.128339
2 0.661731 0.412123 0.0777219 0.109732
0 0.692241 0.497133 0.0403886 0.188977
26 0.943913 0.814894 0.0615791 0.140142
