0 0.736989 0.744386 0.0963894 0.505591
0 0.127217 0.813794 0.109465 0.366547
0 0.3238 0.783711 0.099314 0.432579
0 0.863477 0.488809 0.047422 0.227281
2 0.93236 0.403527 0.133252 0.176601
0 0.597553 0.806853 0.13571 0.384249
0 0.535914 0.726049 0.0954642 0.405614
0 0.781183 0.489012 0.0601446 0.208615
0 0.988277 0.56093 0.0228518 0.255828
2 0.854802 0.36166 0.0600285 0.0964864
3 0.789452 0.556903 0.0495571 0.132782
0 0.185051 0.507813 0.0690372 0.16384
0 0.70955 0.499801 0.0416136 0.178248
26 0.742197 0.676094 0.0737102 0.234175
5 0.739725 0.338823 0.183475 0.222477
