5 0.725205 0.311696 0.178667 0.19353
2 0.904321 0.453428 0.191328 0.191666
0 0.0484517 0.818594 0.0968744 0.358019
0 0.865309 0.72187 0.138132 0.487664
0 0.736079 0.616684 0.0893543 0.382196
2 0.836839 0.346183 0.0606239 0.0928486
0 0.77417 0.511988 0.0617429 0.250461
0 0.722144 0.401327 0.0367452 0.0912385
0 0.756596 0.395317 0.0410578 0.128748
0 0.692598 0.555939 0.0399679 0.315607
2 0.973137 0.328856 0.0530603 0.109818
2 0.909811 0.343094 0.130617 0.0823459
0 0.172689 0.5108 0.0759959 0.128858
26 0.906971 0.828688 0.0684792 0.136094
0 0.331582 0.460144 0.0650558 0.15869
0 0.654124 0.527149 0.0440905 0.245713
0 0.263425 0.488328 0.0671425 0.134384
