2 0.275513 0.725907 0.547086 0.523988
2 0.799066 0.445046 0.10254 0.114235
2 0.662132 0.493828 0.139542 0.192797
0 0.970725 0.558961 0.0581074 0.287694
2 0.868622 0.421497 0.0559292 0.10118
2 0.425591 0.505066 0.250074 0.232802
0 0.254504 0.404206 0.0292346 0.108475
2 0.904084 0.409883 0.0295925 0.0596732
0 0.0586483 0.371832 0.0219846 0.120873
2 0.58288 0.393393 0.0625749 0.0752919
2 0.228492 0.378384 0.0990094 0.0952615
0 0.742467 0.424797 0.0287123 0.133703
0 0.174352 0.372975 0.0270727 0.103668
0 0.927392 0.422756 0.036265 0.114919
