2 0.753463 0.522474 0.0962601 0.190197
2 0.901477 0.4806 0.124295 0.163148
2 0.565099 0.567244 0.328824 0.354403
2 0.425909 0.510563 0.152452 0.169796
2 0.821615 0.438018 0.0689711 0.0987198
2 0.267337 0.427422 0.11127 0.0952557
0 0.979012 0.544874 0.0416306 0.239003
0 0.506368 0.782295 0.199136 0.421505
2 0.403861 0.405075 0.0968781 0.0994642
0 0.0321533 0.436432 0.0194361 0.112337
3 0.496731 0.906212 0.226729 0.182846
0 0.0095365 0.420276 0.0189455 0.0901457
2 0.727583 0.404069 0.0849846 0.0648024
