2 0.320425 0.729744 0.636647 0.520307
2 0.956126 0.404198 0.0866543 0.116794
2 0.799029 0.38412 0.143784 0.162985
9 0.195713 0.120869 0.0352911 0.172323
2 0.899206 0.378576 0.0555826 0.0874625
2 0.832662 0.502011 0.163945 0.285791
7 0.183672 0.534626 0.365883 0.437694
2 0.605518 0.457843 0.146095 0.188857
0 0.15932 0.425868 0.0548311 0.114455
7 0.519661 0.325164 0.0787838 0.0964173
2 0.723895 0.318652 0.0782461 0.0664365
2 0.253771 0.332131 0.0563676 0.05028
0 0.960974 0.716253 0.0771854 0.547971
