2 0.385743 0.679242 0.38471 0.397011
2 0.0771275 0.71815 0.152933 0.544003
2 0.758931 0.53659 0.207285 0.236885
2 0.160352 0.460534 0.18601 0.117132
2 0.660939 0.461511 0.0744804 0.129162
2 0.444866 0.442999 0.196359 0.134829
0 0.885351 0.475388 0.0454597 0.116487
2 0.881844 0.454151 0.0826302 0.0857947
2 0.253165 0.418795 0.0951842 0.0906445
2 0.951291 0.434054 0.0508562 0.0608285
2 0.707718 0.481599 0.119572 0.149742
0 0.977075 0.578946 0.0452404 0.286479
2 0.373162 0.482682 0.343628 0.222177
2 0.379826 0.393544 0.0820491 0.0767335
