2 0.202929 0.747983 0.405859 0.48489
2 0.649584 0.498651 0.151368 0.218428
2 0.78945 0.433093 0.107536 0.11904
0 0.972258 0.540741 0.0550819 0.284171
2 0.319475 0.543594 0.330751 0.327327
2 0.855039 0.406704 0.0561646 0.109103
0 0.494797 0.355059 0.0172899 0.0771132
0 0.0611797 0.356865 0.020806 0.119394
2 0.894128 0.396235 0.0311653 0.0641505
2 0.22075 0.360902 0.0819451 0.0926456
0 0.177625 0.357213 0.0243919 0.105163
0 0.737893 0.40809 0.0221291 0.138028
2 0.379967 0.340134 0.0890785 0.0830027
