2 0.693207 0.697525 0.51387 0.586156
2 0.938505 0.403615 0.121898 0.248339
2 0.582009 0.401804 0.208808 0.170214
2 0.189355 0.471244 0.37653 0.178828
2 0.045512 0.419212 0.090649 0.129878
2 0.187505 0.694758 0.374008 0.453062
2 0.337336 0.38381 0.15163 0.187914
2 0.869738 0.371251 0.104785 0.125041
0 0.04341 0.331575 0.0297036 0.0770527
2 0.764959 0.382398 0.171917 0.101967
0 0.0860101 0.31743 0.0351324 0.0869994
2 0.216175 0.293795 0.0447814 0.0675619
2 0.825143 0.317004 0.110929 0.0557593
0 0.36252 0.36632 0.0212739 0.0621032
2 0.695025 0.326114 0.120667 0.11701
