0 0.907749 0.715183 0.115636 0.48381
2 0.911898 0.466611 0.17516 0.201091
0 0.739056 0.623527 0.0876461 0.379464
5 0.725781 0.315996 0.175198 0.190883
0 0.166451 0.806528 0.114617 0.382372
2 0.837787 0.351998 0.0610634 0.0938134
2 0.902434 0.366158 0.13571 0.11659
3 0.78243 0.578103 0.0555153 0.139354
0 0.774524 0.500799 0.0614493 0.225217
0 0.184905 0.514657 0.0689183 0.126008
0 0.655037 0.53444 0.0430166 0.246239
2 0.972575 0.330244 0.0538591 0.100777
26 0.947922 0.817856 0.0632774 0.136075
0 0.27412 0.491666 0.0573344 0.133688
0 0.721437 0.425722 0.0388222 0.124896
0 0.691782 0.496344 0.0404839 0.181503
2 0.661254 0.412468 0.0795486 0.110871
