0 0.903346 0.70349 0.170934 0.581513
2 0.126976 0.513966 0.251534 0.232641
2 0.476093 0.515905 0.271271 0.240854
2 0.249935 0.453319 0.206335 0.162978
2 0.942469 0.436205 0.114358 0.144239
2 0.169456 0.789279 0.336863 0.397986
2 0.740029 0.575708 0.211821 0.37218
0 0.0703198 0.361182 0.0370138 0.0756682
2 0.927756 0.335035 0.0783993 0.0683899
2 0.870469 0.386195 0.0660475 0.0772562
9 0.196654 0.125845 0.0348096 0.172173
3 0.678334 0.748476 0.0525888 0.143401
2 0.638695 0.33545 0.0659463 0.0719423
5 0.968127 0.242462 0.0625671 0.124157
2 0.303485 0.333927 0.0444724 0.0577101
