2 0.667374 0.698706 0.54529 0.581299
2 0.154139 0.732281 0.306821 0.480402
2 0.937481 0.403957 0.123951 0.246407
2 0.166709 0.490126 0.332776 0.200837
2 0.569148 0.405802 0.213072 0.173285
2 0.759665 0.384255 0.171992 0.0996048
2 0.86639 0.376287 0.105261 0.127717
2 0.327712 0.391966 0.160926 0.180808
2 0.213587 0.295167 0.0422876 0.0684297
2 0.446388 0.324264 0.0754271 0.0917291
0 0.0441387 0.340228 0.0305148 0.0928945
2 0.0293123 0.402372 0.0584485 0.0823263
2 0.691001 0.333536 0.124607 0.125148
0 0.350749 0.368676 0.0233799 0.0622051
