2 0.14761 0.840083 0.293952 0.299543
2 0.468145 0.508844 0.141732 0.161349
2 0.906363 0.484414 0.122408 0.157403
2 0.600215 0.560461 0.300661 0.32662
2 0.771776 0.519184 0.0798242 0.171806
2 0.271794 0.436189 0.119786 0.0945958
3 0.61537 0.879238 0.170779 0.236489
0 0.981539 0.556831 0.036314 0.235296
2 0.833452 0.442177 0.0549103 0.09361
0 0.619453 0.764968 0.17411 0.451576
2 0.0627249 0.561208 0.124561 0.260878
2 0.405067 0.413685 0.10423 0.102001
0 0.203139 0.43197 0.0219653 0.110598
2 0.967808 0.442927 0.062149 0.0883035
