2 0.819896 0.723127 0.358974 0.493825
2 0.443285 0.52312 0.183391 0.181053
2 0.587615 0.571321 0.24724 0.273226
2 0.174099 0.620207 0.282457 0.344929
2 0.0574432 0.725173 0.114034 0.529191
0 0.966994 0.505701 0.0655687 0.272548
2 0.366659 0.486589 0.119844 0.192116
2 0.850872 0.427295 0.0819294 0.108518
2 0.156771 0.416191 0.075082 0.0828907
2 0.683599 0.423244 0.154993 0.119321
2 0.777703 0.410125 0.0686125 0.107286
2 0.0383665 0.486711 0.0763572 0.0761392
2 0.28102 0.395612 0.0904887 0.0985966
