2 0.658377 0.570356 0.342545 0.35751
2 0.915491 0.444927 0.121507 0.235867
9 0.200202 0.105709 0.0349701 0.177261
2 0.269767 0.492747 0.118031 0.141652
2 0.307425 0.31185 0.0441764 0.0594483
2 0.985176 0.383647 0.0289047 0.0748781
7 0.0577154 0.452084 0.115074 0.276881
2 0.634514 0.310992 0.0807051 0.0722542
2 0.833043 0.36873 0.0923761 0.134641
0 0.537615 0.364399 0.0337828 0.0709173
2 0.793352 0.315559 0.0603859 0.0655945
7 0.44438 0.458334 0.257952 0.327688
2 0.67824 0.368585 0.120822 0.0640404
