2 0.901475 0.451825 0.196726 0.190313
5 0.724591 0.310167 0.175385 0.192523
0 0.733677 0.614039 0.0900795 0.381029
0 0.828828 0.727781 0.103713 0.500286
0 0.264689 0.481082 0.0548948 0.131433
2 0.836698 0.34479 0.0595942 0.0952564
2 0.973326 0.331494 0.0527363 0.114053
0 0.723011 0.395235 0.0364401 0.0863305
0 0.777358 0.514954 0.0561708 0.260609
0 0.154814 0.510328 0.0749019 0.124359
0 0.322058 0.46287 0.0630247 0.151266
0 0.054259 0.528463 0.103635 0.168335
2 0.907666 0.340994 0.141695 0.0798103
0 0.753898 0.393286 0.0329988 0.112745
2 0.666565 0.403781 0.0826765 0.105977
0 0.653569 0.527642 0.0417868 0.245256
0 0.692114 0.556521 0.0418348 0.31337
0 0.990275 0.717183 0.0189209 0.268616
