2 0.913676 0.466031 0.170863 0.200588
0 0.920436 0.714392 0.117602 0.487165
0 0.737674 0.623802 0.0860397 0.37951
5 0.725209 0.316459 0.174483 0.191994
2 0.902581 0.370129 0.138699 0.126439
0 0.190796 0.818353 0.105938 0.360705
2 0.837778 0.352544 0.0607752 0.0946203
3 0.782705 0.577832 0.0546522 0.140998
26 0.95805 0.813453 0.0603767 0.127965
0 0.774648 0.507384 0.0621586 0.238819
0 0.691403 0.50075 0.0400759 0.190565
2 0.972622 0.328986 0.0539001 0.0986009
0 0.654176 0.537334 0.0426334 0.248231
0 0.27516 0.49439 0.0589865 0.137123
0 0.721691 0.41495 0.0360029 0.0982344
0 0.186859 0.515631 0.0652488 0.128946
2 0.661836 0.413283 0.0792925 0.111291
