2 0.395104 0.671794 0.378364 0.388397
2 0.763442 0.536055 0.201491 0.232167
2 0.0893122 0.709938 0.177212 0.559178
2 0.66484 0.461145 0.0778601 0.129067
2 0.149584 0.458429 0.191055 0.118812
2 0.712078 0.479998 0.119371 0.148381
0 0.888657 0.478232 0.0437738 0.110569
2 0.382071 0.483359 0.336626 0.219238
2 0.248722 0.420591 0.0954976 0.0925924
2 0.883978 0.453211 0.0791788 0.0874963
2 0.949638 0.436883 0.0467869 0.0566627
0 0.97411 0.575774 0.0511456 0.288097
2 0.383729 0.392937 0.0864737 0.0790351
