0 0.877694 0.708259 0.127674 0.479496
2 0.907511 0.45563 0.183961 0.188188
0 0.0794197 0.819961 0.157843 0.357281
5 0.725077 0.314779 0.179531 0.195223
0 0.737251 0.619913 0.0925369 0.37982
2 0.837832 0.350454 0.06101 0.0948388
0 0.775506 0.510493 0.0664812 0.242857
0 0.334743 0.460151 0.0666982 0.16443
0 0.72212 0.403718 0.0374045 0.0959091
2 0.905973 0.359442 0.143339 0.108216
26 0.925834 0.815848 0.0646694 0.122706
2 0.972665 0.332028 0.0540604 0.106046
0 0.654229 0.530902 0.0430775 0.243869
0 0.692133 0.492032 0.0396935 0.185578
2 0.662267 0.40971 0.0802286 0.109886
0 0.18377 0.512055 0.0696994 0.127548
