2 0.898606 0.449407 0.202033 0.185395
5 0.724914 0.310674 0.175854 0.19565
0 0.732933 0.612922 0.0908776 0.382123
0 0.829748 0.723653 0.0741787 0.503254
0 0.262826 0.479104 0.0526097 0.126728
2 0.836705 0.343184 0.0590794 0.0943944
0 0.98558 0.731727 0.0282879 0.350115
2 0.973042 0.33845 0.0532894 0.128156
0 0.146011 0.507513 0.0729139 0.121938
26 0.849496 0.836651 0.070142 0.135507
0 0.063747 0.527606 0.100545 0.171336
2 0.911943 0.345674 0.137842 0.0949532
0 0.723979 0.394383 0.0358999 0.0840034
0 0.691228 0.551823 0.0463388 0.305724
0 0.200524 0.497299 0.0669275 0.122358
0 0.31791 0.460534 0.0615383 0.152853
0 0.774457 0.446905 0.0515841 0.12593
0 0.653903 0.524562 0.0403171 0.239849
2 0.665482 0.402381 0.080327 0.104733
