0 0.746828 0.691479 0.0899355 0.44883
5 0.735459 0.327494 0.173907 0.197143
0 0.0882371 0.827942 0.118218 0.342728
0 0.387995 0.784543 0.0936674 0.430914
2 0.924446 0.397554 0.143089 0.173213
0 0.298781 0.833603 0.0969289 0.329876
0 0.931528 0.515164 0.0475077 0.260907
0 0.826928 0.468228 0.0362347 0.220373
0 0.785217 0.505419 0.0619295 0.240119
3 0.789951 0.560586 0.0531132 0.12752
2 0.852737 0.348974 0.0617092 0.0761047
0 0.711852 0.41453 0.0457513 0.10125
0 0.707164 0.530889 0.0445524 0.241926
