2 0.720528 0.683391 0.47454 0.565853
2 0.225338 0.700071 0.45002 0.518207
2 0.596947 0.396732 0.202322 0.169726
2 0.0709113 0.436997 0.141823 0.177169
2 0.742478 0.398325 0.204307 0.134761
2 0.278208 0.443388 0.288571 0.151825
2 0.871296 0.363476 0.104643 0.108593
2 0.695354 0.315646 0.123293 0.103386
2 0.824421 0.317985 0.110283 0.0619397
2 0.21551 0.291555 0.0428639 0.0698391
2 0.350329 0.37016 0.152303 0.157446
0 0.0849491 0.315666 0.0300896 0.0898325
0 0.376008 0.363391 0.0225339 0.0620823
2 0.936825 0.39372 0.125243 0.232492
0 0.244249 0.298451 0.0182636 0.0825819
2 0.522814 0.373193 0.108496 0.116881
0 0.0400922 0.322556 0.0256802 0.0580043
