2 0.781279 0.668302 0.364339 0.444734
2 0.601703 0.528977 0.20933 0.254195
2 0.334134 0.529802 0.153863 0.246853
2 0.502693 0.47259 0.139385 0.146721
0 0.941639 0.516782 0.0725903 0.293011
2 0.441471 0.438468 0.102446 0.158858
2 0.687817 0.393927 0.142753 0.107156
7 0.152034 0.674261 0.302263 0.636552
2 0.765099 0.408038 0.0409926 0.0784048
2 0.774089 0.380558 0.0624069 0.0959457
2 0.257574 0.370374 0.099375 0.0910556
2 0.846139 0.397022 0.0760311 0.103901
0 0.971591 0.420536 0.0358315 0.151566
2 0.151804 0.674095 0.302685 0.634728
2 0.559412 0.38649 0.0742014 0.0589851
