2 0.887144 0.435423 0.196606 0.180771
5 0.724374 0.306695 0.177517 0.204245
0 0.761402 0.742507 0.087233 0.512879
0 0.973423 0.747889 0.0523964 0.497797
0 0.718189 0.603685 0.0673786 0.37878
0 0.336488 0.605501 0.0931538 0.470174
2 0.9112 0.341976 0.135426 0.101674
0 0.237345 0.482108 0.0537348 0.131493
2 0.973211 0.323328 0.0527462 0.112275
0 0.779522 0.493656 0.060314 0.24239
2 0.834199 0.331443 0.0557041 0.0850193
0 0.688247 0.543901 0.0535366 0.314897
26 0.791029 0.867596 0.0531632 0.146517
2 0.664812 0.391333 0.0808577 0.10458
