5 0.73422 0.331515 0.172988 0.213558
0 0.725981 0.667806 0.102498 0.445231
2 0.922871 0.394323 0.147422 0.177077
0 0.887106 0.501249 0.0570869 0.239876
0 0.270272 0.782091 0.0747733 0.431865
0 0.0967741 0.856073 0.0954296 0.283089
0 0.782152 0.496638 0.0583364 0.225065
26 0.710752 0.622157 0.0665054 0.189204
2 0.849361 0.353714 0.0623943 0.0925752
0 0.80557 0.422221 0.0372707 0.118221
2 0.672984 0.414859 0.0783547 0.100728
3 0.785871 0.559418 0.0473852 0.136516
0 0.664183 0.538182 0.0440922 0.240774
2 0.979383 0.336937 0.0403482 0.107417
0 0.726134 0.411274 0.0392395 0.0894591
