0 0.0600015 0.80303 0.119794 0.391488
0 0.776676 0.781769 0.133419 0.432439
5 0.733539 0.314582 0.169339 0.181006
2 0.918234 0.396293 0.145003 0.17683
2 0.97253 0.49479 0.0536606 0.173328
0 0.717134 0.649547 0.0758503 0.410422
0 0.845008 0.486117 0.0441952 0.219629
0 0.285056 0.507741 0.0680967 0.126789
0 0.774786 0.480677 0.0553604 0.193826
2 0.845845 0.349502 0.0629967 0.0863612
0 0.727902 0.408555 0.0367023 0.0938131
2 0.976805 0.340992 0.0459112 0.11188
0 0.812172 0.446705 0.0343212 0.177963
2 0.669396 0.414176 0.0794588 0.103912
