2 0.255368 0.777298 0.510735 0.4291
2 0.911505 0.488973 0.118027 0.144196
2 0.526948 0.507436 0.122426 0.146704
2 0.644944 0.550836 0.271121 0.292052
0 0.715274 0.734711 0.130968 0.450986
3 0.710435 0.841026 0.123972 0.30862
2 0.0765344 0.657666 0.152607 0.192658
2 0.165753 0.511903 0.172499 0.154975
2 0.792189 0.517964 0.0640491 0.156714
2 0.0465071 0.506203 0.0921746 0.119928
0 0.387344 0.475129 0.0319663 0.120616
2 0.84314 0.450275 0.0580868 0.0912159
2 0.265114 0.447204 0.0868889 0.0913859
0 0.469568 0.429812 0.0183323 0.0818062
2 0.394505 0.425363 0.0865312 0.100798
