2 0.917647 0.397223 0.143442 0.174631
0 0.72455 0.791083 0.11112 0.413972
2 0.969 0.495104 0.061673 0.184685
0 0.0428347 0.804711 0.0848296 0.386518
5 0.733187 0.321385 0.167241 0.191556
0 0.273335 0.508412 0.064707 0.127263
3 0.78324 0.564556 0.0592611 0.14795
0 0.839776 0.482257 0.0484356 0.216689
0 0.77836 0.50241 0.0618843 0.227712
2 0.846246 0.351198 0.0631779 0.0860404
0 0.722517 0.558257 0.0858807 0.229248
0 0.728418 0.406534 0.0363041 0.0935089
2 0.977061 0.345917 0.0449574 0.113391
2 0.669118 0.417393 0.0792927 0.107854
0 0.805483 0.445781 0.0337395 0.172924
