5 0.724757 0.309986 0.175634 0.191593
2 0.902218 0.45219 0.195045 0.18979
0 0.732499 0.615017 0.0858868 0.381555
0 0.778088 0.512228 0.0577341 0.254704
0 0.84062 0.726061 0.105441 0.492226
2 0.836793 0.345556 0.0595844 0.0944009
2 0.973173 0.329001 0.053022 0.110482
0 0.722635 0.397437 0.0370207 0.0884998
0 0.0238103 0.847534 0.047231 0.297015
0 0.263598 0.482021 0.0555444 0.132248
0 0.162317 0.509066 0.0732568 0.120168
0 0.654034 0.530183 0.0421134 0.252541
0 0.692114 0.556895 0.0404746 0.314341
2 0.908675 0.340866 0.141285 0.0797099
28 0.883367 0.83854 0.0695477 0.142044
2 0.665279 0.404151 0.0800704 0.106362
