0 0.951341 0.760523 0.0962624 0.473628
0 0.199191 0.7972 0.0992042 0.404709
0 0.721223 0.665341 0.0930579 0.424571
5 0.735036 0.318137 0.172396 0.190756
2 0.924841 0.392424 0.137783 0.176867
0 0.783387 0.501301 0.0674076 0.230163
0 0.876039 0.491972 0.0425453 0.235334
0 0.843773 0.446274 0.0415699 0.197169
2 0.84775 0.341615 0.0628208 0.0768326
2 0.978964 0.335838 0.0413921 0.10699
0 0.33017 0.502778 0.101123 0.135661
2 0.67252 0.409861 0.0802574 0.0959766
0 0.729953 0.432208 0.0368134 0.145844
