0 0.901887 0.704703 0.171675 0.578623
2 0.12144 0.517252 0.241942 0.234314
2 0.458864 0.519135 0.29306 0.240783
2 0.244082 0.456537 0.213212 0.159984
2 0.940224 0.438183 0.118448 0.146584
2 0.153927 0.799909 0.306219 0.375452
2 0.73275 0.607684 0.213752 0.435362
0 0.0698876 0.361773 0.0373544 0.0761703
2 0.93036 0.336044 0.0765305 0.0666267
2 0.640521 0.335584 0.0580238 0.0718978
2 0.868592 0.387575 0.0661488 0.0803647
9 0.196729 0.127536 0.0347912 0.171695
2 0.81609 0.360474 0.049915 0.0778559
