2 0.301439 0.54729 0.449964 0.328543
2 0.0824195 0.850508 0.16318 0.288604
2 0.16848 0.42303 0.333567 0.264002
2 0.825406 0.47164 0.220063 0.239439
0 0.802464 0.535677 0.0536963 0.325364
0 0.0398907 0.323777 0.0214346 0.103661
2 0.972398 0.397302 0.0543823 0.16435
2 0.5017 0.407115 0.148428 0.162649
9 0.21023 0.088984 0.0351778 0.170135
2 0.901584 0.350333 0.0954025 0.114532
7 0.681552 0.398795 0.229777 0.244896
0 0.081026 0.327999 0.0233547 0.0932261
0 0.00863099 0.317975 0.0172311 0.120486
0 0.347144 0.457795 0.0426046 0.0757347
