2 0.221612 0.74405 0.442305 0.493435
2 0.790174 0.435204 0.107736 0.118346
2 0.651377 0.493042 0.149773 0.218005
0 0.971317 0.543194 0.0564587 0.285518
2 0.859166 0.409261 0.0521568 0.106307
2 0.335991 0.537141 0.324654 0.318048
2 0.614856 0.377776 0.0627039 0.072317
0 0.0609399 0.35791 0.0210771 0.119342
0 0.493897 0.358979 0.018351 0.0762594
2 0.223582 0.366949 0.0888265 0.0938853
2 0.896569 0.396141 0.0344814 0.0622311
0 0.178088 0.358874 0.0256653 0.104456
0 0.74021 0.403949 0.0243874 0.12052
2 0.381543 0.342852 0.096405 0.0818399
