2 0.925158 0.475455 0.14834 0.211723
5 0.724978 0.31173 0.178234 0.184639
0 0.332671 0.801819 0.0970341 0.39402
2 0.904951 0.385511 0.139356 0.159339
0 0.721897 0.633599 0.0827012 0.392388
0 0.974269 0.686594 0.0507172 0.457612
0 0.654805 0.538909 0.0442615 0.248059
0 0.769134 0.505708 0.0599236 0.230887
2 0.838514 0.353063 0.062545 0.0964654
0 0.788167 0.40926 0.0291046 0.102378
2 0.972404 0.326562 0.0545197 0.0894357
3 0.781716 0.575176 0.057298 0.140403
0 0.186216 0.516967 0.0658437 0.130438
2 0.662539 0.412856 0.0800194 0.108832
0 0.725391 0.407075 0.0384758 0.0947959
0 0.690624 0.493365 0.0354734 0.178808
0 0.0779698 0.525173 0.0536735 0.147829
