0 0.874452 0.772565 0.0941114 0.451403
5 0.734976 0.31542 0.170703 0.191371
0 0.725058 0.659223 0.0980442 0.424941
2 0.921246 0.390846 0.145915 0.175948
0 0.137464 0.795021 0.0758514 0.405499
0 0.781732 0.496054 0.0670094 0.225456
2 0.984513 0.491694 0.030155 0.185552
0 0.827184 0.446891 0.0407406 0.188966
0 0.861906 0.463747 0.0423262 0.182093
3 0.783341 0.55856 0.0619516 0.140583
2 0.846929 0.341839 0.0649807 0.0759008
0 0.323082 0.658823 0.0750693 0.420478
2 0.978186 0.334441 0.0427368 0.110508
0 0.663309 0.53739 0.0474819 0.249841
