2 0.929832 0.478851 0.139185 0.214102
5 0.726139 0.315211 0.172435 0.188601
0 0.37721 0.800578 0.0973598 0.393887
2 0.904717 0.384753 0.13862 0.157888
0 0.715779 0.633055 0.0845491 0.398032
0 0.76898 0.498139 0.0643968 0.219745
2 0.839666 0.353586 0.0608799 0.0974273
0 0.656719 0.537815 0.0465942 0.247256
0 0.791769 0.424671 0.0344358 0.127021
2 0.973214 0.326993 0.0529514 0.0926053
2 0.663403 0.412492 0.0811741 0.110751
0 0.187396 0.514771 0.0669214 0.132409
0 0.297529 0.487959 0.0576385 0.132971
0 0.975174 0.743408 0.0490574 0.343764
