5 0.73316 0.319782 0.168149 0.194441
0 0.807786 0.768597 0.11277 0.458171
0 0.725409 0.656179 0.0941397 0.426087
0 0.0751893 0.800965 0.120151 0.396028
2 0.919923 0.393685 0.147852 0.176255
2 0.976543 0.499749 0.0458179 0.160449
0 0.775177 0.481161 0.0549322 0.202173
0 0.846727 0.483421 0.0459202 0.224739
0 0.816264 0.444413 0.0362144 0.180723
2 0.977409 0.341606 0.044379 0.118286
2 0.846207 0.343881 0.0633228 0.0788374
0 0.295882 0.508388 0.0651839 0.12212
26 0.713394 0.603695 0.0655696 0.179534
2 0.670298 0.414343 0.0810342 0.10599
