2 0.936409 0.483796 0.126386 0.215214
5 0.725947 0.317982 0.171587 0.18887
2 0.90656 0.386335 0.13852 0.159023
0 0.713308 0.636589 0.0820219 0.399656
0 0.425806 0.804083 0.142798 0.389464
2 0.840158 0.354336 0.0620935 0.0968116
0 0.768602 0.498683 0.0599166 0.227587
2 0.973876 0.330162 0.0517078 0.0978352
2 0.665146 0.415009 0.0822083 0.112404
0 0.798123 0.48706 0.0378224 0.251444
26 0.698578 0.578671 0.0590893 0.16191
0 0.657372 0.536603 0.046542 0.244848
0 0.193943 0.513552 0.0646745 0.13313
0 0.310216 0.492005 0.0637342 0.128743
0 0.724579 0.408536 0.0340284 0.0874791
