0 0.747613 0.704638 0.0924969 0.476456
5 0.737311 0.328846 0.173666 0.196436
0 0.327886 0.833452 0.0966349 0.332512
2 0.922305 0.399642 0.135947 0.175974
0 0.107187 0.823469 0.101811 0.350846
0 0.830641 0.469401 0.0388329 0.216367
0 0.939478 0.514672 0.0427284 0.271133
3 0.789129 0.559957 0.0525761 0.129342
0 0.974169 0.477919 0.0387035 0.220248
0 0.415626 0.781065 0.127979 0.434142
2 0.851924 0.353816 0.0605404 0.0843015
0 0.030655 0.554536 0.0611705 0.148279
0 0.785474 0.495497 0.061714 0.216749
0 0.709149 0.525389 0.0478165 0.231889
0 0.711438 0.416033 0.0456642 0.106004
2 0.980091 0.339632 0.0391567 0.096335
