2 0.283016 0.668293 0.562656 0.513466
0 0.834448 0.690261 0.234701 0.613356
2 0.614118 0.385747 0.192131 0.158244
2 0.944433 0.403698 0.110469 0.238503
2 0.756066 0.63527 0.423774 0.506123
2 0.104345 0.444286 0.207909 0.224183
2 0.734183 0.412789 0.196137 0.173227
2 0.823361 0.314548 0.10534 0.0579256
2 0.872001 0.350497 0.0990488 0.0902779
2 0.5281 0.366594 0.13346 0.130579
0 0.342138 0.538319 0.0597059 0.11644
0 0.0679252 0.298788 0.0196014 0.071449
2 0.694673 0.305552 0.120101 0.0916915
0 0.0494241 0.297333 0.0197755 0.0743425
24 0.771693 0.620864 0.0759101 0.192557
2 0.352842 0.407399 0.28355 0.120769
