2 0.215555 0.806429 0.427258 0.370531
2 0.500589 0.51049 0.134074 0.152432
2 0.910273 0.487753 0.118985 0.148962
0 0.676519 0.754113 0.149677 0.461279
2 0.783947 0.519722 0.0702387 0.164497
2 0.627982 0.558046 0.28969 0.310808
2 0.838021 0.447939 0.0532759 0.0888896
2 0.263734 0.445041 0.0948812 0.0951201
3 0.660571 0.865651 0.116716 0.265197
2 0.0965749 0.527771 0.186629 0.185924
2 0.403823 0.423666 0.0994272 0.105263
0 0.201859 0.438794 0.0246336 0.112256
0 0.984262 0.555328 0.0309849 0.21246
2 0.96055 0.448345 0.0774033 0.0951731
