2 0.916471 0.396807 0.145355 0.175557
2 0.962745 0.496466 0.0734737 0.197381
0 0.686572 0.78192 0.0887129 0.43437
0 0.723961 0.648828 0.0775494 0.404321
0 0.0189328 0.81006 0.037565 0.373668
0 0.834081 0.478617 0.0395584 0.21981
3 0.782213 0.569138 0.059704 0.138668
0 0.780396 0.503817 0.0614126 0.226613
0 0.251841 0.515857 0.0613633 0.121625
0 0.727828 0.405373 0.0373162 0.0909286
5 0.734908 0.318709 0.17346 0.184801
2 0.844976 0.348914 0.0632935 0.0832073
2 0.977138 0.343932 0.0448715 0.110111
2 0.668573 0.416952 0.0781494 0.106328
0 0.661614 0.493424 0.0474101 0.156276
