2 0.641082 0.702989 0.573794 0.580164
2 0.111968 0.757599 0.22355 0.464601
2 0.142332 0.526786 0.284664 0.269622
2 0.554355 0.40945 0.217983 0.1751
2 0.935435 0.409069 0.128137 0.235753
2 0.745559 0.391764 0.191086 0.108209
2 0.861454 0.379569 0.109059 0.131677
0 0.0440145 0.345784 0.0380242 0.101282
2 0.685746 0.336259 0.128587 0.129552
2 0.213319 0.296468 0.0445947 0.0686109
2 0.310436 0.396961 0.161297 0.181525
2 0.0144005 0.357214 0.028675 0.0616757
7 0.0740222 0.264526 0.10684 0.146774
2 0.451822 0.323361 0.082048 0.0858672
2 0.81569 0.323023 0.125177 0.0673434
