2 0.895373 0.444076 0.20866 0.183791
5 0.724176 0.310943 0.173448 0.202073
0 0.792435 0.740514 0.0978621 0.506066
0 0.726268 0.608509 0.0937975 0.377582
0 0.251092 0.481312 0.0561182 0.129557
0 0.305032 0.457008 0.0496741 0.157874
2 0.910691 0.346846 0.136242 0.0959812
0 0.68958 0.549066 0.0491087 0.306045
2 0.834997 0.340623 0.0561644 0.0909272
0 0.978588 0.761638 0.0421864 0.444201
2 0.972719 0.344999 0.0538877 0.141186
0 0.351591 0.454104 0.0599525 0.158654
0 0.7777 0.472625 0.0588783 0.186829
0 0.723051 0.39106 0.0366325 0.0935169
0 0.351731 0.598652 0.0620071 0.447871
0 0.653571 0.535891 0.0361441 0.268238
