2 0.342743 0.567003 0.363812 0.295592
0 0.883061 0.708074 0.167588 0.57186
2 0.0669729 0.549953 0.132607 0.257883
2 0.921304 0.459253 0.130614 0.157244
2 0.182801 0.47024 0.259763 0.179163
2 0.749227 0.415833 0.147201 0.175599
7 0.649056 0.666717 0.290602 0.511593
2 0.264381 0.343777 0.0719775 0.0601991
7 0.0378531 0.306739 0.0753729 0.137206
2 0.577022 0.356468 0.0695179 0.0809719
2 0.849626 0.402232 0.071925 0.0912526
2 0.304647 0.33986 0.0437288 0.0590082
2 0.987683 0.426818 0.0238747 0.0722833
