0 0.739003 0.744222 0.0994091 0.499203
0 0.586022 0.805116 0.0987544 0.382906
0 0.10511 0.818992 0.107094 0.357611
2 0.930439 0.402976 0.129709 0.177853
0 0.860745 0.489574 0.0421314 0.224779
0 0.315918 0.796797 0.109466 0.404848
0 0.781458 0.48462 0.0610571 0.200368
5 0.742759 0.331281 0.178262 0.201202
0 0.53512 0.761744 0.0713226 0.460544
2 0.85556 0.361027 0.0611164 0.0954488
0 0.985766 0.55396 0.0280535 0.256195
0 0.709679 0.504492 0.0420528 0.182768
3 0.788926 0.556326 0.0510506 0.13314
26 0.743058 0.67253 0.072324 0.226766
0 0.174894 0.499185 0.0697224 0.195016
