2 0.92707 0.475892 0.144717 0.210995
5 0.724145 0.312071 0.172314 0.18561
0 0.719925 0.633576 0.0885632 0.393863
2 0.905767 0.385207 0.13888 0.158991
0 0.356613 0.799622 0.0944078 0.396873
0 0.768016 0.500347 0.0608698 0.227449
0 0.656586 0.537823 0.0466188 0.246409
2 0.839307 0.353007 0.0627899 0.0968628
2 0.973084 0.326407 0.0532402 0.0905359
0 0.982929 0.685093 0.0334988 0.455242
0 0.789588 0.413606 0.0332121 0.11051
2 0.663149 0.412814 0.0795298 0.110548
0 0.188268 0.517121 0.0639673 0.13126
0 0.725262 0.407395 0.0376272 0.0945228
0 0.349627 0.464212 0.0621284 0.162844
0 0.219202 0.493412 0.05085 0.156493
