2 0.31857 0.543344 0.441574 0.326391
2 0.175626 0.421438 0.329495 0.270601
2 0.112077 0.840061 0.222768 0.303288
2 0.829558 0.470021 0.216633 0.237275
0 0.789828 0.536134 0.0663158 0.325136
2 0.973164 0.397222 0.0528767 0.163197
2 0.510355 0.40578 0.148386 0.159963
0 0.0391095 0.325303 0.0212042 0.101925
9 0.210296 0.0890815 0.0353079 0.17005
2 0.900459 0.349099 0.0945766 0.112437
0 0.081309 0.333502 0.0249812 0.105684
5 0.978035 0.216407 0.0428772 0.138891
7 0.660668 0.398507 0.179016 0.241383
0 0.00687252 0.315053 0.0137085 0.122868
0 0.362183 0.454182 0.0407464 0.0716615
