2 0.915271 0.397206 0.144917 0.176105
2 0.961685 0.494643 0.0755743 0.198886
0 0.72046 0.6489 0.0844776 0.406178
0 0.672906 0.781796 0.0885262 0.436388
0 0.833405 0.477659 0.0389561 0.219651
0 0.779966 0.504799 0.0615557 0.226559
2 0.844429 0.34995 0.0633465 0.0862393
3 0.781285 0.569691 0.0598455 0.137902
0 0.245355 0.517055 0.0617594 0.115901
0 0.0130923 0.814072 0.0258979 0.362991
0 0.727602 0.405818 0.0385907 0.089172
2 0.976764 0.343117 0.0456406 0.108207
5 0.733096 0.317329 0.173861 0.174653
5 0.764726 0.315107 0.111397 0.177792
2 0.66794 0.417659 0.0777732 0.110783
