0 0.737967 0.682609 0.0953135 0.443179
5 0.731673 0.329081 0.174327 0.201934
0 0.90047 0.50306 0.0581343 0.246515
2 0.922427 0.398087 0.148242 0.173966
0 0.318901 0.789218 0.0930169 0.417488
0 0.16435 0.841109 0.0922974 0.315427
2 0.849383 0.356775 0.0601273 0.0927378
0 0.782593 0.494865 0.058088 0.22152
3 0.786787 0.55774 0.0603849 0.138876
0 0.811144 0.461712 0.0411549 0.198682
0 0.702083 0.49427 0.0381711 0.170754
0 0.0226613 0.907819 0.0449181 0.178821
2 0.979903 0.338176 0.0393646 0.108156
