2 0.934347 0.483198 0.130583 0.214145
2 0.906015 0.385794 0.13959 0.157825
5 0.725722 0.319907 0.172426 0.192258
0 0.713419 0.634683 0.0811399 0.395505
0 0.41122 0.803742 0.136495 0.392516
2 0.840007 0.354583 0.0623697 0.0972793
0 0.768663 0.499432 0.0625305 0.227136
2 0.97359 0.329861 0.052272 0.0976249
2 0.665069 0.4151 0.0824459 0.112829
0 0.656924 0.536996 0.0455195 0.244653
0 0.191636 0.513245 0.0667223 0.13436
26 0.699373 0.576828 0.0595541 0.160458
0 0.305737 0.490773 0.0639848 0.133001
0 0.724137 0.408891 0.033416 0.0852048
