2 0.833692 0.579881 0.331639 0.415528
2 0.0837156 0.46017 0.166494 0.214135
2 0.501898 0.555817 0.397919 0.349616
2 0.743209 0.429227 0.181899 0.183985
0 0.454756 0.633743 0.0784527 0.526018
2 0.651365 0.372264 0.151506 0.117559
2 0.182067 0.428115 0.235954 0.187659
2 0.129942 0.737114 0.258879 0.503666
2 0.827016 0.326612 0.100424 0.0632135
2 0.945348 0.37286 0.108113 0.158425
2 0.871777 0.346675 0.0974499 0.0635921
2 0.575979 0.347855 0.0812601 0.0711945
7 0.0749945 0.246847 0.105974 0.125102
2 0.369203 0.370415 0.15779 0.158472
2 0.690437 0.311823 0.126734 0.0811484
2 0.258653 0.325437 0.150904 0.102808
