5 0.734362 0.334353 0.172902 0.21559
0 0.728447 0.671479 0.103406 0.446416
0 0.276378 0.784396 0.0771192 0.431151
2 0.923717 0.395013 0.145652 0.175208
0 0.108753 0.853896 0.0971298 0.290833
0 0.888022 0.502165 0.0579761 0.237503
26 0.713293 0.623644 0.0674544 0.193576
0 0.781347 0.494057 0.0581301 0.219615
2 0.848908 0.354087 0.0613747 0.0922931
0 0.806859 0.422933 0.0369923 0.114372
2 0.672217 0.416913 0.0772717 0.103865
0 0.725028 0.411067 0.0378647 0.0908127
3 0.786434 0.55998 0.0504022 0.136496
0 0.664715 0.53965 0.0439138 0.240062
2 0.979173 0.338365 0.0408138 0.109393
