2 0.677556 0.699482 0.53225 0.583
2 0.938219 0.402928 0.122508 0.243247
2 0.174669 0.484963 0.349339 0.195438
2 0.573225 0.404664 0.212246 0.172536
2 0.16632 0.717464 0.33204 0.472245
2 0.761897 0.382957 0.171714 0.10008
2 0.867679 0.373624 0.103777 0.129174
2 0.0345374 0.399146 0.0689929 0.0804579
0 0.0431531 0.338113 0.0319535 0.088571
2 0.331108 0.388834 0.158242 0.183893
2 0.214423 0.294893 0.0426575 0.0673674
2 0.691741 0.328745 0.124425 0.11949
2 0.441982 0.326068 0.0774178 0.0876589
0 0.354072 0.366616 0.0225806 0.0628324
2 0.824119 0.318835 0.112107 0.0549398
