2 0.283696 0.720131 0.565879 0.537375
2 0.664719 0.494864 0.139259 0.187358
2 0.801527 0.446621 0.100719 0.112451
0 0.970878 0.562051 0.0578209 0.286888
2 0.440558 0.488187 0.238349 0.198534
2 0.870812 0.423779 0.0545883 0.100118
2 0.584334 0.406015 0.0775583 0.0940555
2 0.0364343 0.5224 0.0726288 0.362567
0 0.257973 0.407354 0.0272234 0.0969901
2 0.904329 0.414119 0.0277847 0.0611793
2 0.229838 0.381483 0.0993905 0.0957972
0 0.742934 0.428999 0.0282897 0.132302
0 0.928078 0.425877 0.0324512 0.113259
0 0.173794 0.374785 0.0256117 0.102562
2 0.986877 0.422864 0.0254921 0.0786692
