2 0.951412 0.495425 0.0968912 0.216141
2 0.912425 0.396588 0.13983 0.17707
0 0.721516 0.649332 0.0907574 0.408491
0 0.591677 0.800374 0.111382 0.398894
0 0.775755 0.507669 0.0661362 0.241227
5 0.728408 0.316508 0.169749 0.178689
0 0.821347 0.479265 0.0423103 0.218818
2 0.975866 0.338548 0.0474571 0.101645
2 0.841464 0.354301 0.0632523 0.0941982
0 0.21425 0.513858 0.0658914 0.128899
2 0.667362 0.417141 0.0814507 0.109871
0 0.726277 0.409972 0.0380878 0.0884793
0 0.356034 0.485278 0.0582311 0.13033
3 0.786904 0.571436 0.046225 0.138194
0 0.354745 0.636751 0.0637294 0.436622
3 0.77931 0.565338 0.0620383 0.151914
