2 0.722353 0.439267 0.176256 0.187757
2 0.37016 0.579557 0.48456 0.371701
2 0.0519163 0.548592 0.103462 0.228336
0 0.101964 0.376093 0.0367664 0.18408
0 0.0185868 0.363284 0.0267372 0.127857
0 0.50149 0.465944 0.031488 0.0564484
2 0.636914 0.359365 0.151494 0.149642
0 0.170534 0.433323 0.039572 0.201967
2 0.862154 0.490363 0.274863 0.376411
2 0.553546 0.33407 0.080103 0.0749093
7 0.0720229 0.288314 0.106556 0.182099
2 0.313219 0.329663 0.135506 0.120545
9 0.239843 0.0573444 0.0343349 0.102358
2 0.444106 0.378008 0.177882 0.0829388
