5 0.73426 0.334977 0.172464 0.216567
0 0.73181 0.673569 0.101513 0.451258
2 0.922294 0.394894 0.148381 0.174649
0 0.283544 0.784011 0.0728266 0.43087
0 0.893914 0.505479 0.0520424 0.239965
26 0.71516 0.624352 0.0690696 0.192877
0 0.780485 0.493605 0.0567167 0.21899
2 0.848583 0.353877 0.0601883 0.0918194
0 0.118627 0.850253 0.0979161 0.29491
0 0.724725 0.411556 0.0379324 0.0949138
0 0.665277 0.54022 0.0448354 0.240336
2 0.67216 0.41826 0.0779285 0.107165
2 0.97925 0.337347 0.0406487 0.107357
3 0.787111 0.56041 0.0487139 0.135687
0 0.807525 0.421937 0.0391876 0.115337
0 0.700374 0.480143 0.0356902 0.140443
