2 0.283561 0.550948 0.459905 0.341762
2 0.165919 0.421785 0.331446 0.261676
2 0.82241 0.472783 0.221582 0.238708
0 0.807426 0.538068 0.0612696 0.327556
0 0.0407305 0.322535 0.0221132 0.104963
2 0.0499282 0.868071 0.0989669 0.255492
2 0.498474 0.405223 0.149894 0.159716
9 0.209919 0.0888435 0.0356511 0.171015
2 0.97154 0.398451 0.0559862 0.169255
2 0.900612 0.350307 0.0955025 0.116348
7 0.661678 0.400433 0.200185 0.242825
0 0.0808372 0.322958 0.0225604 0.0844293
0 0.330181 0.461687 0.0457874 0.0779623
0 0.00925852 0.313814 0.0184897 0.123776
