2 0.837762 0.573554 0.323535 0.405123
2 0.509335 0.552915 0.395069 0.354057
0 0.432637 0.637235 0.0876404 0.535224
2 0.0921225 0.422155 0.183076 0.157103
2 0.747098 0.424411 0.177421 0.182043
2 0.655 0.367763 0.150382 0.116946
2 0.159647 0.730765 0.317523 0.520132
2 0.946275 0.366818 0.106274 0.155029
2 0.185597 0.422304 0.233696 0.187526
7 0.0768284 0.2437 0.107666 0.126276
2 0.82804 0.318798 0.0996727 0.0555442
2 0.424641 0.367598 0.264955 0.147774
2 0.693894 0.307389 0.124696 0.0773287
2 0.871971 0.34458 0.0936695 0.0619001
2 0.580355 0.343485 0.0784957 0.0692648
