0 0.732545 0.739292 0.0947802 0.513564
0 0.175222 0.809949 0.0964572 0.377528
0 0.863842 0.498763 0.0544827 0.223506
2 0.930345 0.399389 0.133534 0.179083
5 0.777034 0.332257 0.109173 0.209134
0 0.559864 0.703509 0.0966024 0.39433
0 0.778172 0.484429 0.0579856 0.205431
0 0.351093 0.785495 0.0844041 0.42729
2 0.854142 0.358634 0.0586243 0.0970231
26 0.742459 0.683665 0.072263 0.242898
0 0.706904 0.496912 0.036884 0.179273
0 0.671552 0.538161 0.0458803 0.244188
3 0.786781 0.555281 0.0482058 0.129898
