2 0.902767 0.452114 0.193773 0.189983
5 0.725022 0.31064 0.17596 0.190748
0 0.0349702 0.814381 0.06945 0.364634
0 0.733589 0.615559 0.090749 0.381422
0 0.861819 0.726574 0.135229 0.491446
0 0.776156 0.512471 0.06574 0.253789
2 0.83628 0.345445 0.0598577 0.0944402
2 0.973176 0.32911 0.0530102 0.111374
0 0.722332 0.399425 0.0368898 0.0902846
2 0.908015 0.344781 0.146812 0.087699
0 0.756591 0.395227 0.0409586 0.128567
0 0.654339 0.530325 0.0427309 0.25236
0 0.169237 0.50943 0.0746054 0.122582
2 0.664477 0.404416 0.0785885 0.105518
0 0.26615 0.484524 0.0600578 0.129114
26 0.895734 0.832751 0.0699673 0.143289
28 0.895397 0.833562 0.0708515 0.142692
