0 0.746663 0.688073 0.0886318 0.448075
5 0.734951 0.327758 0.173783 0.195903
0 0.0793265 0.827651 0.117783 0.344392
0 0.383254 0.78513 0.0962281 0.428716
2 0.924847 0.398028 0.145452 0.175
0 0.291245 0.835591 0.0971767 0.325122
0 0.932024 0.514217 0.0486675 0.264653
0 0.825562 0.469865 0.0371021 0.217477
3 0.789948 0.55994 0.0526854 0.126721
0 0.71194 0.413923 0.0452106 0.0999084
2 0.851558 0.352111 0.0613892 0.0834537
0 0.784535 0.504019 0.0621533 0.237305
2 0.979735 0.338934 0.0398813 0.105614
0 0.706793 0.525384 0.0447334 0.229726
