0 0.650483 0.724329 0.183898 0.544783
2 0.123094 0.448 0.245436 0.237919
2 0.379126 0.608777 0.499555 0.431531
2 0.623047 0.382374 0.171101 0.153246
2 0.821838 0.612257 0.314691 0.469151
2 0.942228 0.405399 0.114428 0.258158
2 0.737037 0.412469 0.188863 0.173451
2 0.359324 0.454797 0.366294 0.223605
2 0.867622 0.349963 0.0952183 0.0816674
2 0.821766 0.316177 0.103711 0.0625789
2 0.692227 0.304652 0.120564 0.0840162
0 0.0462647 0.300269 0.0223611 0.0815154
2 0.36941 0.339701 0.152374 0.117191
2 0.249332 0.329435 0.137568 0.0889638
2 0.542818 0.346879 0.118844 0.0889311
