0 0.736196 0.678826 0.0996336 0.447441
5 0.73254 0.330341 0.174493 0.208299
2 0.921787 0.39576 0.149768 0.174404
0 0.298449 0.785915 0.070635 0.424053
0 0.895963 0.500999 0.0569832 0.249383
26 0.722356 0.62887 0.0725895 0.187209
0 0.142238 0.843523 0.0965922 0.311251
2 0.849208 0.355806 0.0598389 0.0930044
0 0.781485 0.49095 0.0538565 0.215245
0 0.723274 0.409859 0.0366763 0.0980387
3 0.787953 0.558794 0.0524853 0.136451
0 0.80875 0.46241 0.0396221 0.200105
2 0.979278 0.337583 0.0405567 0.10653
0 0.700306 0.485762 0.036562 0.152084
2 0.672763 0.417167 0.0782942 0.104019
