0 0.931797 0.713308 0.131853 0.487425
2 0.915047 0.465816 0.169036 0.200885
0 0.736579 0.62431 0.0848507 0.378669
2 0.902588 0.369838 0.137997 0.126361
5 0.724476 0.316469 0.173884 0.190486
0 0.205045 0.818027 0.101536 0.362944
2 0.837945 0.352982 0.060817 0.0960968
3 0.782804 0.577323 0.0543983 0.143088
0 0.654032 0.538215 0.042201 0.249563
0 0.691241 0.50364 0.0397474 0.192477
2 0.97265 0.328833 0.0538712 0.0972921
0 0.77427 0.507753 0.0631768 0.239282
26 0.963003 0.808257 0.0612087 0.121975
0 0.187553 0.515349 0.0644145 0.127901
2 0.662955 0.413608 0.0819177 0.111728
0 0.74944 0.390518 0.0262168 0.105082
0 0.722095 0.407598 0.036238 0.0889672
