2 0.706957 0.451438 0.17014 0.190501
0 0.177348 0.431889 0.0407965 0.2016
0 0.102492 0.377097 0.0355006 0.184002
2 0.856644 0.499013 0.285612 0.387439
0 0.0174214 0.359277 0.0294243 0.128855
2 0.345587 0.591831 0.497335 0.386489
7 0.0725951 0.284925 0.106134 0.172854
2 0.443514 0.382145 0.175082 0.101086
2 0.559745 0.333413 0.0652527 0.0742305
2 0.208546 0.309421 0.0453604 0.0673911
2 0.631738 0.360947 0.149145 0.152801
9 0.241022 0.100977 0.0325181 0.162414
2 0.326316 0.329352 0.102233 0.118043
