0 0.772857 0.70919 0.0976875 0.449097
0 0.126379 0.825409 0.111879 0.348902
0 0.88801 0.615838 0.0589243 0.285616
0 0.20521 0.616296 0.063201 0.232933
0 0.49967 0.601076 0.0744431 0.279464
1 0.492274 0.700085 0.137225 0.202433
2 0.162137 0.628089 0.296787 0.327878
1 0.613411 0.687478 0.128627 0.175722
2 0.536067 0.472182 0.162942 0.171816
0 0.627593 0.590226 0.0732038 0.284963
2 0.739856 0.459891 0.0950365 0.0839506
0 0.959388 0.55651 0.0420218 0.189081
0 0.827534 0.514966 0.055559 0.15433
0 0.915023 0.507841 0.0419041 0.132477
7 0.115709 0.428026 0.227694 0.152245
1 0.831645 0.57011 0.0438131 0.124317
