1 0.158638 0.799039 0.282234 0.293406
0 0.859773 0.659483 0.0775784 0.36113
0 0.541949 0.79763 0.110121 0.399431
2 0.461283 0.566706 0.244107 0.201036
0 0.183634 0.662601 0.10735 0.357328
0 0.930448 0.596526 0.0575947 0.248339
0 0.462384 0.639609 0.0910841 0.375881
1 0.764171 0.613273 0.046137 0.157293
1 0.444445 0.781196 0.164594 0.284783
1 0.665951 0.604345 0.0738722 0.13157
2 0.39815 0.473562 0.20712 0.189577
3 0.130385 0.475339 0.0654176 0.0780273
0 0.672635 0.539799 0.0506508 0.175816
0 0.768557 0.552391 0.049559 0.207845
1 0.589161 0.624637 0.0656936 0.166249
2 0.682305 0.479727 0.121194 0.11181
2 0.775541 0.510679 0.149518 0.111946
2 0.207355 0.436204 0.0684536 0.0724984
2 0.659869 0.481586 0.0762888 0.116546
2 0.813685 0.509169 0.0707497 0.107366
1 0.269671 0.511285 0.0505428 0.0900889
0 0.883469 0.514101 0.0530895 0.180409
