1 0.389402 0.826517 0.194406 0.296264
2 0.238518 0.577099 0.338341 0.312772
0 0.814084 0.65905 0.0770099 0.311401
2 0.42791 0.58745 0.199036 0.263136
0 0.581121 0.759317 0.0950941 0.481365
0 0.396581 0.683337 0.106673 0.366541
0 0.907538 0.580566 0.0427364 0.210252
2 0.594891 0.473908 0.132994 0.142574
0 0.73602 0.562092 0.0546298 0.235395
0 0.641028 0.564011 0.0559928 0.22067
1 0.731979 0.645616 0.0700276 0.162349
1 0.0524008 0.879682 0.104131 0.233981
0 0.470197 0.578235 0.0381918 0.164615
2 0.975115 0.473145 0.0490109 0.0809503
0 0.869339 0.539483 0.0365955 0.217236
1 0.644009 0.630028 0.0692932 0.135725
3 0.0452194 0.501563 0.088716 0.08478
2 0.701235 0.47043 0.0476482 0.0745965
2 0.92471 0.459775 0.037846 0.056057
