2 0.170314 0.63176 0.340336 0.283201
0 0.815727 0.788115 0.117953 0.421705
0 0.922066 0.605626 0.0647915 0.305589
0 0.0850557 0.718822 0.135689 0.490732
0 0.835944 0.579241 0.063562 0.220722
0 0.365285 0.768797 0.111523 0.45848
2 0.672079 0.526112 0.157801 0.146237
1 0.664984 0.688116 0.101668 0.174064
2 0.731667 0.487037 0.0878044 0.122722
2 0.527503 0.475292 0.0954765 0.114016
1 0.569192 0.636896 0.0972219 0.170112
0 0.957678 0.565874 0.044109 0.220674
0 0.678731 0.598609 0.0670797 0.255504
2 0.789622 0.464568 0.0476542 0.0808256
2 0.829841 0.483337 0.073719 0.0895576
2 0.598758 0.480507 0.147534 0.126695
0 0.578665 0.574796 0.0535088 0.222558
2 0.194981 0.457305 0.296491 0.17775
1 0.122766 0.829935 0.244889 0.312587
3 0.427125 0.687102 0.0867344 0.191686
