0 0.783233 0.636287 0.0737064 0.340436
0 0.949876 0.768637 0.0995693 0.459232
2 0.653518 0.48986 0.104658 0.143146
0 0.655192 0.755489 0.0972499 0.486351
0 0.0498579 0.654186 0.0994614 0.377811
1 0.412161 0.769937 0.200712 0.31921
2 0.804457 0.483635 0.111593 0.105288
0 0.425373 0.64672 0.109226 0.348624
0 0.946772 0.541079 0.0536373 0.213751
0 0.905974 0.521672 0.0363842 0.205219
2 0.724996 0.464945 0.0646223 0.102865
2 0.43724 0.459581 0.217086 0.127543
2 0.431553 0.56343 0.307943 0.200928
2 0.0188072 0.474191 0.0374734 0.233661
3 0.0770761 0.773469 0.153434 0.229873
1 0.102288 0.504292 0.0607734 0.10184
1 0.351243 0.695856 0.0904691 0.209593
